Crime ID,Month,Reported by,Falls within,Longitude,Latitude,Location,LSOA code,LSOA name,Outcome type
4802bc92f80135ded9ee2d46b0bc97f39e15fc0c12c8932dc9e79b323511d3b7,2021-07,Hertfordshire Constabulary,Hertfordshire Constabulary,,,No location,,,Investigation complete; no suspect identified
03c7ed4d17193fb484574af8004dae6458765fbecc451d3e71b5480ec9c22070,2021-07,Hertfordshire Constabulary,Hertfordshire Constabulary,,,No location,,,Investigation complete; no suspect identified
b87d096858b0ad42759d3f07f73037f1e2db1b93508fca6f2ee6cc989c0cd9cb,2021-07,Hertfordshire Constabulary,Hertfordshire Constabulary,,,No location,,,Investigation complete; no suspect identified
e86e104554f61e1a3b1b9f02d760f305a3e5bce92521359ba99fb91eb2ed02b1,2021-07,Hertfordshire Constabulary,Hertfordshire Constabulary,,,No location,,,Investigation complete; no suspect identified
f07192421468117aaf5a8982ef641a7f3d11b65937825173a78260cf8a6e631b,2021-07,Hertfordshire Constabulary,Hertfordshire Constabulary,-0.103395,51.760727,On or near WELL-ROW,E01023486,East Hertfordshire 010B,Unable to prosecute suspect
16c3efb87e0d6e5d20e22babeb8ac59f3fbdf6b34ccc77f05cbb245e8ee822a6,2021-07,Hertfordshire Constabulary,Hertfordshire Constabulary,,,No location,,,Formal action is not in the public interest
60c92f5908031c00541c72460d5111dafd2a269d48ccca3d6690bef46f345553,2021-07,Hertfordshire Constabulary,Hertfordshire Constabulary,,,No location,,,Investigation complete; no suspect identified
47bcc88b3f8ef2c79440e561197e2892177bd4069bb56a919439db22da05e5c5,2021-07,Hertfordshire Constabulary,Hertfordshire Constabulary,,,No location,,,Local resolution
be8f729a726a12d92440aefe4d2da857903886d3d5348aa6bf1cadac370fd8dd,2021-07,Hertfordshire Constabulary,Hertfordshire Constabulary,,,No location,,,Investigation complete; no suspect identified
2bf1f39ccbb52edecdfa6aba5187a3c04c200f327d479a59e7a045a1051598df,2021-07,Hertfordshire Constabulary,Hertfordshire Constabulary,,,No location,,,Unable to prosecute suspect
be2dc28e87779673a92ca5ef22d93f099424cd42e21db512c5cb7ff1d183dc15,2021-07,Hertfordshire Constabulary,Hertfordshire Constabulary,,,No location,,,Investigation complete; no suspect identified
e202f62880c34ada3d74af113b901ffc9584a47dcda6fa204ef1d0fcf319b70b,2021-07,Hertfordshire Constabulary,Hertfordshire Constabulary,,,No location,,,Investigation complete; no suspect identified
26df9d3ac15d7568170e4725da6bc0a70570cebbfce85742f060574e5b775198,2021-07,Hertfordshire Constabulary,Hertfordshire Constabulary,,,No location,,,Suspect charged
c977b99fbabd61f71bef4d691cce3f8f713c7f65f786de9bfcb4300f5a5c1977,2021-07,Hertfordshire Constabulary,Hertfordshire Constabulary,,,No location,,,Investigation complete; no suspect identified
1b56d5982b2a8a7453afd20af89343d50cd53f284d1ea5a20fa24d759a1227a5,2021-07,Hertfordshire Constabulary,Hertfordshire Constabulary,,,No location,,,Investigation complete; no suspect identified
49166fe65f37462c13443a5e019b7148736de9f33985d1ecc8e881542d0e601c,2021-07,Hertfordshire Constabulary,Hertfordshire Constabulary,,,No location,,,Investigation complete; no suspect identified
549a3ba03e38d5844bb7fa8197f038491106cfe20a2c6f855429d823dc1b4b01,2021-07,Hertfordshire Constabulary,Hertfordshire Constabulary,-0.175387,51.789805,On or near BIRDS CLOSE,E01023943,Welwyn Hatfield 008A,Offender given a caution
22e5eb0af5036beca72908e946dc763cbd3306c0f1fff22803392a6edd6e9cb2,2021-07,Hertfordshire Constabulary,Hertfordshire Constabulary,,,No location,,,Suspect charged
c43b699575cba36690a02c0b96e81dcbefc58cd5b6df0ed37099c27c0b3d08c1,2021-07,Hertfordshire Constabulary,Hertfordshire Constabulary,,,No location,,,Unable to prosecute suspect
fd4e0f8b3f36e2f419a3a44d330823dd4cca1291df3f4a418dc1b967357367c5,2021-07,Hertfordshire Constabulary,Hertfordshire Constabulary,,,No location,,,Unable to prosecute suspect
79abe803890f333349de324fc81aa8d6ef858871eec6f8e0a7d143409eb6077b,2021-07,Hertfordshire Constabulary,Hertfordshire Constabulary,,,No location,,,Investigation complete; no suspect identified
f57f9c709ea9b8d36fe416b7a59877f221bd3aaf063200c2733a3b4f6d64ab30,2021-07,Hertfordshire Constabulary,Hertfordshire Constabulary,-0.404338,51.796813,On or near REDFIELD CLOSE,E01023722,St Albans 006A,Unable to prosecute suspect
39553aa133b27e0616a562c96b26235652b16f067f40bb7f4adb35d367bb027c,2021-07,Hertfordshire Constabulary,Hertfordshire Constabulary,,,No location,,,Unable to prosecute suspect
61cbcbeec7f1862e1f217bcb643b3605a5b646ddab1b9e0d8b9b8195bfb5247c,2021-07,Hertfordshire Constabulary,Hertfordshire Constabulary,,,No location,,,Action to be taken by another organisation
099d77e1bd7d2dbb64e57efa31bce3101df5784e4f6919f322d501bafab47c2e,2021-07,Hertfordshire Constabulary,Hertfordshire Constabulary,-0.217857,51.974602,On or near THE CRESCENT,E01023630,North Hertfordshire 006A,Unable to prosecute suspect
f2c17db17635d3e565a04b88b7f5bc371717dd7ab54710ebf2428b2e2d6cfc83,2021-07,Hertfordshire Constabulary,Hertfordshire Constabulary,,,No location,,,Suspect charged
e4b07e5164bf2eac454e40839e5171550600ee3ee2324a06613526fd6e979acf,2021-07,Hertfordshire Constabulary,Hertfordshire Constabulary,,,No location,,,Investigation complete; no suspect identified
0f34b2e5e9552b49af76a2aa9ca07d6018a8246831305a11634f70491cd1205c,2021-07,Hertfordshire Constabulary,Hertfordshire Constabulary,,,No location,,,Suspect charged
952d592a2e1b2ac79f3a5aecf6d554bca5feaae4a94a46c27e7f711793c76b1d,2021-07,Hertfordshire Constabulary,Hertfordshire Constabulary,,,No location,,,Investigation complete; no suspect identified
e77fe2504194e81aeca50ad03a2306b6fdd0f0c247b1ea0e524309fec20081b7,2021-07,Hertfordshire Constabulary,Hertfordshire Constabulary,,,No location,,,Suspect charged
aa498acde65db05c29e529df4b8935570a148d2ffe791d8fc5d36642d72971f5,2021-07,Hertfordshire Constabulary,Hertfordshire Constabulary,,,No location,,,Investigation complete; no suspect identified
070c5127f7f5db3ec92948e034f5505aecc26d17e4ab01af6fa9b5e66d731c9e,2021-07,Hertfordshire Constabulary,Hertfordshire Constabulary,,,No location,,,Investigation complete; no suspect identified
8a999bb6437924694078c7d3e920b030f672b2615e940978c4d3d01f1da0ad42,2021-07,Hertfordshire Constabulary,Hertfordshire Constabulary,,,No location,,,Investigation complete; no suspect identified
50bea9f11a9615b672df8e1e647ae724791238f60748ce528f524ebe9f5f56e5,2021-07,Hertfordshire Constabulary,Hertfordshire Constabulary,,,No location,,,Unable to prosecute suspect
d4361e9db5283ab1263279df08df74fd0221acb8535264d16a10e46f564a653c,2021-07,Hertfordshire Constabulary,Hertfordshire Constabulary,,,No location,,,Local resolution
f001e428ff6da40ab1a8c32ba1b6380317e5a2ff3a86fe873fdbb05f018531df,2021-07,Hertfordshire Constabulary,Hertfordshire Constabulary,,,No location,,,Unable to prosecute suspect
fd3aa554049333ee0505018e8498a38e27368c1f493538bd3cf9acb5002bfd49,2021-07,Hertfordshire Constabulary,Hertfordshire Constabulary,,,No location,,,Investigation complete; no suspect identified
3d860e1e4384bacbcba07bcdd9be4b23d4c220ebde07426195da912aea4ef5e0,2021-07,Hertfordshire Constabulary,Hertfordshire Constabulary,,,No location,,,Local resolution
2dacce55c6e9108123fe7b56c2f989c42a6ccbf7401cf72a9f3a865c17225deb,2021-07,Hertfordshire Constabulary,Hertfordshire Constabulary,,,No location,,,Unable to prosecute suspect
45753726fc8582534cc8915cd6d1e2d2a671b16e5b3c91b996f23d6af9e50ebd,2021-07,Hertfordshire Constabulary,Hertfordshire Constabulary,,,No location,,,Suspect charged
156727df985405b947420f2500fce85f041abc2d882b0e83aa2f5d0c6bdcf3aa,2021-07,Hertfordshire Constabulary,Hertfordshire Constabulary,,,No location,,,Investigation complete; no suspect identified
c090fd28c89dcd30865c28f6edec07b599c091ad31dcc6148af091471ddcca2b,2021-07,Hertfordshire Constabulary,Hertfordshire Constabulary,-0.339291,51.751564,On or near CHEQUER STREET,E01023727,St Albans 012B,Investigation complete; no suspect identified
6d60b0f9a1214b646e2c691c1ff8cbc52c2c7453e9e08d27cb7e97d4c47f5db5,2021-07,Hertfordshire Constabulary,Hertfordshire Constabulary,,,No location,,,Unable to prosecute suspect
32b733bda5c878e56d49978f0efd0346f5b4319b8a5c2ea244ac839312af6ea5,2021-07,Hertfordshire Constabulary,Hertfordshire Constabulary,,,No location,,,Suspect charged
243a95908b1f710a88b14f07b1a54bcc6c4a7f109d2542f3c8025b4ff88e5fe6,2021-07,Hertfordshire Constabulary,Hertfordshire Constabulary,,,No location,,,Unable to prosecute suspect
e1d690572c4740aa9937c6e30686e92e429aae3120dd43a470a2086d72dcd86c,2021-07,Hertfordshire Constabulary,Hertfordshire Constabulary,,,No location,,,Investigation complete; no suspect identified
c99665463f20e64540907fbaee5f10142443102ace846204c0d2ca85521e1f22,2021-07,Hertfordshire Constabulary,Hertfordshire Constabulary,-0.167119,51.923154,On or near ADMIRAL DRIVE,E01023789,Stevenage 001C,Unable to prosecute suspect
cd900d551797727810764f0a1bed3a25f212676163fe876a4189594014f82765,2021-07,Hertfordshire Constabulary,Hertfordshire Constabulary,,,No location,,,Investigation complete; no suspect identified
b503a2c58aea712d6d292d9e04bfecfb40be61d2deaab9275ac3d1ae349125b3,2021-07,Hertfordshire Constabulary,Hertfordshire Constabulary,,,No location,,,Unable to prosecute suspect
be89c3745bb4d728277bcca44349750c1ab1f5786f9d3863fbba64fba53b8661,2021-07,Hertfordshire Constabulary,Hertfordshire Constabulary,,,No location,,,Investigation complete; no suspect identified
0e6eb62c962c2d80f896111ddbcbe1126a76db9f6ed010c70198d22d003c262f,2021-07,Hertfordshire Constabulary,Hertfordshire Constabulary,,,No location,,,Investigation complete; no suspect identified
e59dd60a133b30706eab5ffd09f7d5c547a707263f84c5945d04a6e37ba5b248,2021-07,Hertfordshire Constabulary,Hertfordshire Constabulary,-0.278825,51.947437,On or near Parking Area,E01023616,North Hertfordshire 012F,Unable to prosecute suspect
55de1adfdd6bb816769393414cdd06c6420dc3c6dd5b830d1687e622572c57cf,2021-07,Hertfordshire Constabulary,Hertfordshire Constabulary,,,No location,,,Unable to prosecute suspect
553e8f5ea146cdc093c1fce796b3763c054620a764a78b0e6f4d6ca1793ff430,2021-07,Hertfordshire Constabulary,Hertfordshire Constabulary,,,No location,,,Unable to prosecute suspect
d96eeb96dcccb524839b6efae6055400f385ec7d7cec929cee557c6146a56749,2021-07,Hertfordshire Constabulary,Hertfordshire Constabulary,,,No location,,,Investigation complete; no suspect identified
932da71755a57d39a4309ef2c81dd42a9cc7ecb51964a1f807c0a81de817a5e0,2021-07,Hertfordshire Constabulary,Hertfordshire Constabulary,,,No location,,,Investigation complete; no suspect identified
0a8fb9a6e933838c0ecff1f5222d27fa8ddc6b7ca90f26510ffe9270095b6412,2021-07,Hertfordshire Constabulary,Hertfordshire Constabulary,,,No location,,,Investigation complete; no suspect identified
0f34b2e5e9552b49af76a2aa9ca07d6018a8246831305a11634f70491cd1205c,2021-07,Hertfordshire Constabulary,Hertfordshire Constabulary,,,No location,,,Suspect charged
9e6d98d7d740e616bffd522b0f963ccb02a7d95b58e6a52eba1b326e9a217187,2021-07,Hertfordshire Constabulary,Hertfordshire Constabulary,,,No location,,,Unable to prosecute suspect
fdcec5d74f0e3ff83b21a6e67df0acf2ac9d6280f41d80245bf92cc363807051,2021-07,Hertfordshire Constabulary,Hertfordshire Constabulary,-0.274249,51.949132,On or near QUEEN STREET,E01023601,North Hertfordshire 010A,Investigation complete; no suspect identified
aaa853bdbb0a55a29080db4ff277c0c110fa96c2fb2c2ab7ebffcf9873d385e1,2021-07,Hertfordshire Constabulary,Hertfordshire Constabulary,-0.189331,51.695352,On or near STRAFFORD GATE,E01023577,Hertsmere 001B,Investigation complete; no suspect identified
96cdd1ee33047d14f6c3d35f452be03f3d482e28906fa45f6c410423206a1817,2021-07,Hertfordshire Constabulary,Hertfordshire Constabulary,-0.336758,51.752293,On or near Police Station,E01023727,St Albans 012B,Investigation complete; no suspect identified
588636443bea31070a3d6ad1743ba8d44327b59ec381c9d738b2d95eae287725,2021-07,Hertfordshire Constabulary,Hertfordshire Constabulary,-0.158991,51.894676,On or near Petrol Station,E01023750,Stevenage 009A,Unable to prosecute suspect
35d06d200c565e473e8d590af451751fdea9f339b450fcef27f497b4d3c54199,2021-07,Hertfordshire Constabulary,Hertfordshire Constabulary,-0.256279,51.656278,On or near CORFE CLOSE,E01023546,Hertsmere 009C,Unable to prosecute suspect
0dffdf51bb295edba41e3bfe2637b474008bb5f819fd6a10aa3644f6dc75913f,2021-07,Hertfordshire Constabulary,Hertfordshire Constabulary,-0.350999,51.716894,On or near WITHY PLACE,E01023719,St Albans 019B,Unable to prosecute suspect
54139ca673298c8243b99ddccdea79c189b1b29e24ea8c08cb28a988f6360e1b,2021-07,Hertfordshire Constabulary,Hertfordshire Constabulary,-0.158991,51.894676,On or near Petrol Station,E01023750,Stevenage 009A,Action to be taken by another organisation
ea31230b161117cec5a71c9bd5ade2edb92287f4d54391ed96e42f433dec6a45,2021-07,Hertfordshire Constabulary,Hertfordshire Constabulary,-0.250702,51.953694,On or near MAYLIN CLOSE,E01023620,North Hertfordshire 011D,Action to be taken by another organisation
6a63112f020c0712f8ef4ab6acc8c568ad69b7a5c7ac0d04be9b3b55275737a7,2021-07,Hertfordshire Constabulary,Hertfordshire Constabulary,-0.295338,51.747662,On or near MANSTON WAY,E01023677,St Albans 015A,Suspect charged
6c2fb8784a8881d46317632d8bbc2bee85a3e3069c8b5dc3132f86fb1ed7b8f4,2021-07,Hertfordshire Constabulary,Hertfordshire Constabulary,-0.176826,51.900016,On or near AYLWARD DRIVE,E01023761,Stevenage 007C,Suspect charged
431819adf65270a71577df1804229f705a55f05f1bd881ed2faefb30db9531c7,2021-07,Hertfordshire Constabulary,Hertfordshire Constabulary,-0.021169,51.816158,On or near CUNDALLS ROAD,E01023519,East Hertfordshire 012E,Investigation complete; no suspect identified
712547ec70e73c2196a3e32cbff55ab9e9a7a454d8056620030947b949bf2cf3,2021-07,Hertfordshire Constabulary,Hertfordshire Constabulary,-0.461552,51.766851,On or near WESTERDALE,E01023405,Dacorum 008E,Unable to prosecute suspect
72f9877c587f50d90edd6d220712a63b8f0c87c3185dcda38c73048b00b9e454,2021-07,Hertfordshire Constabulary,Hertfordshire Constabulary,-0.224813,51.991621,On or near MIDDLEFIELDS,E01023636,North Hertfordshire 003B,Investigation complete; no suspect identified
23a749e3186ef6f36ceda3a1295be06b6177fbc98fa4037d1e7d227f2c930574,2021-07,Hertfordshire Constabulary,Hertfordshire Constabulary,-0.259604,51.652901,On or near FEATHERSTONE GARDENS,E01023547,Hertsmere 009D,Investigation complete; no suspect identified
2b9dafb5779cfc84b0c3e288dc40095f3ed4cf1f2173cfb7a696685a578613a6,2021-07,Hertfordshire Constabulary,Hertfordshire Constabulary,0.161030,51.869414,On or near Shopping Area,E01023449,East Hertfordshire 004A,Suspect charged as part of another case
3e957fb55f953eadf01b95c11431fc271876eebb1c5803452bf75bdbf0ef076b,2021-07,Hertfordshire Constabulary,Hertfordshire Constabulary,-0.360017,51.648438,On or near Sports/Recreation Area,E01023562,Hertsmere 012E,Investigation complete; no suspect identified
4d6b9cd9ca9c699309fd98ec610791eab07addd282476003fb7d1860806fbb2c,2021-07,Hertfordshire Constabulary,Hertfordshire Constabulary,-0.400547,51.643116,On or near WATERMAN CLOSE,E01023883,Watford 012B,Investigation complete; no suspect identified
3e74afa7446da508cade8ea4521b7af6013631e8e4b5e5754382064fa8b85e05,2021-07,Hertfordshire Constabulary,Hertfordshire Constabulary,-0.587984,51.758852,On or near COPPINS CLOSE,E01023371,Dacorum 012C,Unable to prosecute suspect
5f1aaaf30f795eb367bba7969cf050a61b7f0a39445a49532bf851de3304cbce,2021-07,Hertfordshire Constabulary,Hertfordshire Constabulary,-0.385379,51.618486,On or near BENTON ROAD,E01023805,Three Rivers 010A,Unable to prosecute suspect
5c518bcd2ffb434a633f421f34a19edfe99db9c946578861bade3801516471d3,2021-07,Hertfordshire Constabulary,Hertfordshire Constabulary,-0.275395,51.941245,On or near ST JOHN'S ROAD,E01023614,North Hertfordshire 012D,Unable to prosecute suspect
7aa561e0deb62367675dcc7b8071db0815e2f798bf7534c50bb79436c7c9058d,2021-07,Hertfordshire Constabulary,Hertfordshire Constabulary,,,No location,,,Local resolution
8e33f69c7ec12985495f1e3c237bd134b43a53a9fdde124feb1845deec867fa3,2021-07,Hertfordshire Constabulary,Hertfordshire Constabulary,-0.407805,51.684704,On or near CLARKE WAY,E01023891,Watford 002B,Unable to prosecute suspect
1d831259b82a5e5c0d692c83d1f19402be9e0b2b07074b92b14e02099b7b4ad1,2021-07,Hertfordshire Constabulary,Hertfordshire Constabulary,-0.272676,51.667625,On or near CROWN ROAD,E01023537,Hertsmere 006D,Local resolution
1bb4bfd2cdda251965ee7bed5e16dfd8e489e136e7e3284d61f0cf1a37cc66e5,2021-07,Hertfordshire Constabulary,Hertfordshire Constabulary,-0.275198,51.662528,On or near BROOK ROAD,E01023538,Hertsmere 006E,Investigation complete; no suspect identified
d02089283ba1884d88aa92493c265582c3455c04168cc57aaae3bf0a2ce33416,2021-07,Hertfordshire Constabulary,Hertfordshire Constabulary,-0.501233,51.657762,On or near RICKMANSWORTH ROAD,E01023814,Three Rivers 004C,Investigation complete; no suspect identified
0dffdf51bb295edba41e3bfe2637b474008bb5f819fd6a10aa3644f6dc75913f,2021-07,Hertfordshire Constabulary,Hertfordshire Constabulary,-0.350999,51.716894,On or near WITHY PLACE,E01023719,St Albans 019B,Unable to prosecute suspect
50a1384d53addbcf4c0a49bd6955dd538d44d0e404b92adb6b121e87b521cc1b,2021-07,Hertfordshire Constabulary,Hertfordshire Constabulary,-0.333374,51.758009,On or near AVENUE ROAD,E01023716,St Albans 010D,Investigation complete; no suspect identified
d4efd4344f0848894ed17c76dc8f49ad19a505153164911b64aff6b0ffdf42e8,2021-07,Hertfordshire Constabulary,Hertfordshire Constabulary,-0.167277,51.922482,On or near BIRDWING WALK,E01023789,Stevenage 001C,Investigation complete; no suspect identified
2df17bb8a6b5f96dca97eaf67de4c3cc24af90f6ed034fd82cd113b5d0d351c9,2021-07,Hertfordshire Constabulary,Hertfordshire Constabulary,-0.354757,51.748554,On or near Sports/Recreation Area,E01023743,St Albans 014B,Investigation complete; no suspect identified
b4202c3304ae11afcb9bcd854d4b3f3e1c12f0ce1e6d3b58319422e9b6a557b8,2021-07,Hertfordshire Constabulary,Hertfordshire Constabulary,-0.436306,51.819686,On or near HIGH STREET,E01023430,Dacorum 001A,Unable to prosecute suspect
7f44cfc170cc625e666b3bff8de55e061d7d84d96b1e6bed4606c357e92764a1,2021-07,Hertfordshire Constabulary,Hertfordshire Constabulary,0.140602,51.876657,On or near Sports/Recreation Area,E01023453,East Hertfordshire 003B,Unable to prosecute suspect
1d8fac420eea29d2956198978b368f3a03e7a648c1a180da5ac12b632fc5e391,2021-07,Hertfordshire Constabulary,Hertfordshire Constabulary,-0.168574,51.921720,On or near MARTINS WAY,E01023789,Stevenage 001C,Unable to prosecute suspect
b59c142c267b3347c69cdc96f2511be0422917c2c89156f2b0560592beab7e58,2021-07,Hertfordshire Constabulary,Hertfordshire Constabulary,-0.204608,51.899535,On or near Police Station,E01023758,Stevenage 008D,Unable to prosecute suspect
219a9cafd543b32b43da1b3f867602ba136e2872a6404692855ac00bf45bf95b,2021-07,Hertfordshire Constabulary,Hertfordshire Constabulary,-0.552582,51.758512,On or near PAXTON ROAD,E01023362,Dacorum 009B,Unable to prosecute suspect
adfba84b7661c5015f932d8cd2604cdccc369cc97ce042c1402e99bd0c34bc3d,2021-07,Hertfordshire Constabulary,Hertfordshire Constabulary,-0.336576,51.666884,On or near THE GREEN,E01023528,Hertsmere 010A,Unable to prosecute suspect
ae720dcc98f274dbe3893d26eb52043fefc89aa5615d0d1381762c49844c1f48,2021-07,Hertfordshire Constabulary,Hertfordshire Constabulary,-0.265167,51.953719,On or near A505,E01023602,North Hertfordshire 010B,Investigation complete; no suspect identified
7cbc5895eed379c32dfce192cea023fd84f4a02b1da51e71d9a7bb794d455342,2021-07,Hertfordshire Constabulary,Hertfordshire Constabulary,-0.186880,51.888212,On or near Petrol Station,E01023786,Stevenage 011D,Investigation complete; no suspect identified
71995e35fa2b6722b94ae0b9184bd6f46220abc2e94f515ffe83a6eda6eb0d91,2021-07,Hertfordshire Constabulary,Hertfordshire Constabulary,-0.203048,51.904016,On or near Shopping Area,E01023758,Stevenage 008D,Investigation complete; no suspect identified
318f8417f4450fe2bb1e17b7f0d4979890c6aee00534262a2d8fc8f1aaed061c,2021-07,Hertfordshire Constabulary,Hertfordshire Constabulary,-0.469520,51.762639,On or near CHURCH STREET,E01023404,Dacorum 008D,Unable to prosecute suspect
fbf1a6763cb03bc9e221f9af61609e9d96ab265e2a82405b4de680d85a512e86,2021-07,Hertfordshire Constabulary,Hertfordshire Constabulary,-0.396197,51.655385,On or near MARKET PLACE,E01023860,Watford 009B,Investigation complete; no suspect identified
df83f7c99db10cbcbc847f90dfff19216899fed4a283c50446b161490e67c343,2021-07,Hertfordshire Constabulary,Hertfordshire Constabulary,-0.264799,51.659578,On or near Petrol Station,E01023541,Hertsmere 011C,Investigation complete; no suspect identified
f9b5ccb9553da71f58f6b1f761e32294750f7df41057b71ef7c8938b3db5ddb6,2021-07,Hertfordshire Constabulary,Hertfordshire Constabulary,-0.181601,51.693991,On or near Supermarket,E01023580,Hertsmere 001E,Unable to prosecute suspect
b9a2f9a2e5d417b29e636ea5bb1dff6376bbee281e80dbf59f8c19deb1a09ade,2021-07,Hertfordshire Constabulary,Hertfordshire Constabulary,-0.024886,51.807480,On or near CRANE MEAD,E01023511,East Hertfordshire 013B,Investigation complete; no suspect identified
014be91117ad189a4d59581a9fd02750b28f997ce77056e9f01ff54562c05649,2021-07,Hertfordshire Constabulary,Hertfordshire Constabulary,-0.186063,51.984943,On or near Supermarket,E01023592,North Hertfordshire 004F,Suspect charged
bc0c52d272f8b585174de94292c58570e29f911c8f6309becdf4c4c0738c811d,2021-07,Hertfordshire Constabulary,Hertfordshire Constabulary,-0.391548,51.665015,On or near Parking Area,E01023895,Watford 005A,Investigation complete; no suspect identified
3c2e93147101431ca8f2a9e5fd1f8d0286a3959bdbfc385720963cb5952264ac,2021-07,Hertfordshire Constabulary,Hertfordshire Constabulary,-0.401270,51.673915,On or near BREAKSPEARE CLOSE,E01023857,Watford 006C,Investigation complete; no suspect identified
970c655d05a96c0af42bc9e4a87889b02e4178c911ddd11ce13e0689395c924e,2021-07,Hertfordshire Constabulary,Hertfordshire Constabulary,-0.189986,51.867677,On or near KEITHS WOOD,E01023629,North Hertfordshire 015F,Investigation complete; no suspect identified
6a016a27f891661181a1d17175396d883a65086fdd6a96e7400430974872e833,2021-07,Hertfordshire Constabulary,Hertfordshire Constabulary,-0.349860,51.643539,On or near CHILTERN AVENUE,E01023556,Hertsmere 013E,Investigation complete; no suspect identified
192795d1a722db0f37e690ed329a58baafd11a00aad90c3ea5859e79461c805b,2021-07,Hertfordshire Constabulary,Hertfordshire Constabulary,-0.342116,51.759868,On or near FALMOUTH COURT,E01023670,St Albans 009B,Unable to prosecute suspect
4d622c8a9e9c599458465741b680ae77b06d3fc4da6dab0b66153342c22a25e8,2021-07,Hertfordshire Constabulary,Hertfordshire Constabulary,-0.272373,51.661911,On or near Sports/Recreation Area,E01023538,Hertsmere 006E,Local resolution
6e92756115ab270ea4cfbeb449eb09f4f77d4309b12b6454aaa5003dd72ce76b,2021-07,Hertfordshire Constabulary,Hertfordshire Constabulary,-0.334300,51.753328,On or near Parking Area,E01023727,St Albans 012B,Suspect charged
b6e27ebc28ae481200f91cd43f208fd8d485c37c929b0157b583ee3e7a02408f,2021-07,Hertfordshire Constabulary,Hertfordshire Constabulary,-0.451610,51.756676,On or near Petrol Station,E01023348,Dacorum 013D,Unable to prosecute suspect
e18a067d9f5381447e2cdd348375e2bf323c76e742711ff0a4cecc9deb58d795,2021-07,Hertfordshire Constabulary,Hertfordshire Constabulary,-0.438798,51.750087,On or near HYBURN CLOSE,E01023411,Dacorum 017C,Formal action is not in the public interest
77440d66f5ffeeeb6251e5c99388284cd666e6d459c72769d8653ef450e65058,2021-07,Hertfordshire Constabulary,Hertfordshire Constabulary,-0.350556,51.823676,On or near MALBEC CLOSE,E01023689,St Albans 002E,Investigation complete; no suspect identified
5b5343a07c4ef3e8e452e32bd831b94349a11a89eb14ccf8011d108d89af09c1,2021-07,Hertfordshire Constabulary,Hertfordshire Constabulary,-0.356034,51.816281,On or near Supermarket,E01023701,St Albans 003C,Unable to prosecute suspect
bd3bebcc213894dabbfbe5952532a38753f26c98ee3b350f88e5051b01248b36,2021-07,Hertfordshire Constabulary,Hertfordshire Constabulary,-0.022031,52.048213,On or near MELBOURN STREET,E01023660,North Hertfordshire 001A,Unable to prosecute suspect
40c33e713f458bf6ca2fb16d51242a43c483aca7b28b8b0f08882a79502300f1,2021-07,Hertfordshire Constabulary,Hertfordshire Constabulary,-0.278588,51.947541,On or near MARKET PLACE,E01023616,North Hertfordshire 012F,Investigation complete; no suspect identified
16ae8a571ad02d2e6844858e297794d3e7b559530a56466d5bef110330a8551d,2021-07,Hertfordshire Constabulary,Hertfordshire Constabulary,-0.464573,51.738449,On or near EBBERNS ROAD,E01033023,Dacorum 018H,Suspect charged
ba2809336eb120851db773deb458488cdb48dadfac5a22a542a7b7d210c68cdf,2021-07,Hertfordshire Constabulary,Hertfordshire Constabulary,-0.197168,51.797740,On or near PEARTREE CLOSE,E01023954,Welwyn Hatfield 007A,Local resolution
1d0215cbea00f12dbab47910fd13980cf24ce0262a7a6cd7ec7aee1424f170a3,2021-07,Hertfordshire Constabulary,Hertfordshire Constabulary,-0.591965,51.770598,On or near HIGH STREET,E01023417,Dacorum 006D,Suspect charged
2045f95e3d262d5096f5e0551eab3310f968cf3914e03c021dd23244736c8ae0,2021-07,Hertfordshire Constabulary,Hertfordshire Constabulary,-0.386570,51.627675,On or near Petrol Station,E01023805,Three Rivers 010A,Investigation complete; no suspect identified
e6cd038a5be3369b7a109f304d9aebea1fa5306c2cc3c4cdbdde4b44b236a704,2021-07,Hertfordshire Constabulary,Hertfordshire Constabulary,-0.117805,51.728164,On or near Sports/Recreation Area,E01023910,Welwyn Hatfield 015C,Unable to prosecute suspect
30901d9818373204053b7bd93d0c8a898bc074b1f08f1ed0a05864fc96a167d1,2021-07,Hertfordshire Constabulary,Hertfordshire Constabulary,-0.165329,51.693478,On or near FETHERSTONE CLOSE,E01023574,Hertsmere 003D,Investigation complete; no suspect identified
45a834b02368a7f64bd17d64aac3c1eb552d6a2b7115355c484b739a2e273c09,2021-07,Hertfordshire Constabulary,Hertfordshire Constabulary,-0.081048,51.992459,On or near DARK LANE,E01023663,North Hertfordshire 005G,Unable to prosecute suspect
e4bb0bd677d815530dfd981b35442bed792a27a21e838bc9020a043bb6777256,2021-07,Hertfordshire Constabulary,Hertfordshire Constabulary,-0.205104,51.912985,On or near STANMORE ROAD,E01023777,Stevenage 002B,Unable to prosecute suspect
19defa8e39ce1a2d7d4888fff93921f0dda9b337b2a30501b261dffa5ed2abe9,2021-07,Hertfordshire Constabulary,Hertfordshire Constabulary,-0.391190,51.643699,On or near OAKVIEW CLOSE,E01023885,Watford 012D,Unable to prosecute suspect
99164d4a52bc7299a3660bd4ef30ecf3c428aca36be287986bd971b35b0e9baa,2021-07,Hertfordshire Constabulary,Hertfordshire Constabulary,0.148196,51.824444,On or near Park/Open Space,E01023499,East Hertfordshire 011A,Investigation complete; no suspect identified
3c75314a4a8b46b56c7af3bbc2a37cf897417215bbc5321c1d29a2fad3b7740b,2021-07,Hertfordshire Constabulary,Hertfordshire Constabulary,-0.013515,52.042288,On or near SHEPHERD CLOSE,E01023654,North Hertfordshire 002A,Investigation complete; no suspect identified
6d6971a9bdad1aeaa2f733e4139326cd99dacf2224de2be75126f664728f8e66,2021-07,Hertfordshire Constabulary,Hertfordshire Constabulary,-0.017442,51.765531,On or near SAFFRON CLOSE,E01023322,Broxbourne 003C,Unable to prosecute suspect
7d05098709477f4d0a040ce444ef5d91fda3a1f8768fd6581fa32e4185963692,2021-07,Hertfordshire Constabulary,Hertfordshire Constabulary,-0.200746,51.903414,On or near MARSHGATE,E01023758,Stevenage 008D,Unable to prosecute suspect
f1c8846873f524267d6ef21c07f31300d9b77f2f19ae1a84e765d97f45fa18f9,2021-07,Hertfordshire Constabulary,Hertfordshire Constabulary,-0.392859,51.654117,On or near Shopping Area,E01023860,Watford 009B,Investigation complete; no suspect identified
70bd5564d033dacfe7eed4ac89bf288e4aa02cb37bcd3e2c7cd1c73a1f368778,2021-07,Hertfordshire Constabulary,Hertfordshire Constabulary,-0.495657,51.755801,On or near PARKWOOD DRIVE,E01023429,Dacorum 011D,Investigation complete; no suspect identified
235c0c73b1e8859b5128baef48fd9e252b859aba76f06fe7221a7198325bd401,2021-07,Hertfordshire Constabulary,Hertfordshire Constabulary,-0.345679,51.769818,On or near LAWRANCE ROAD,E01023671,St Albans 009C,Investigation complete; no suspect identified
dcaa4542d732bab94af08cd07f3ce1a7a2720b5885a4e9db379a1fce8c550ffc,2021-07,Hertfordshire Constabulary,Hertfordshire Constabulary,-0.468063,51.758169,On or near Petrol Station,E01023401,Dacorum 008A,Investigation complete; no suspect identified
79a2ac2c0cea5fd9c05d39d420df63c26ecfcefedcdc6f3641480cfcc9fb1705,2021-07,Hertfordshire Constabulary,Hertfordshire Constabulary,0.140602,51.876657,On or near Sports/Recreation Area,E01023453,East Hertfordshire 003B,Unable to prosecute suspect
e3d04180022fbe4d728b7fb32b64f38f1b44a2d65b77efe68ff1df67bee9ea39,2021-07,Hertfordshire Constabulary,Hertfordshire Constabulary,-0.248042,51.765202,On or near DRAGON ROAD,E01033308,Welwyn Hatfield 010E,Investigation complete; no suspect identified
dfc5d81dccf6726032cc48b2de1452c1227d98cc75cb6ccd388f4d8291a2c722,2021-07,Hertfordshire Constabulary,Hertfordshire Constabulary,-0.339747,51.742678,On or near Petrol Station,E01023737,St Albans 017A,Investigation complete; no suspect identified
c55c7738dda4878113f26e5b23a8d42d60178051b50696c347f9f99e97d3c14b,2021-07,Hertfordshire Constabulary,Hertfordshire Constabulary,-0.469545,51.756336,On or near BROAD STREET,E01023400,Dacorum 015E,Unable to prosecute suspect
70fe54a6fde5a863782defc40bcdcdc77896bdeeeb3ae13c33daa6c82f71e3e3,2021-07,Hertfordshire Constabulary,Hertfordshire Constabulary,0.172915,51.869168,On or near URBAN ROAD,E01023441,East Hertfordshire 005D,Investigation complete; no suspect identified
a51a6132b299ebb671b1691d09423f3be7f993e925a7ca74c9fecfb2b969fd55,2021-07,Hertfordshire Constabulary,Hertfordshire Constabulary,-0.533334,51.724716,On or near GRANVILLE DENE,E01023373,Dacorum 021A,Unable to prosecute suspect
d2d973283ee7357fbeae9ecd00f86b87e28a770496b84c63a579ea75396af29e,2021-07,Hertfordshire Constabulary,Hertfordshire Constabulary,-0.053653,51.699926,On or near HARGREAVES AVENUE,E01023296,Broxbourne 011D,Unable to prosecute suspect
b11f36820e4b02a29e4fde6fb196d6041bca17b708b890cd8145a8c0aa2bb1b5,2021-07,Hertfordshire Constabulary,Hertfordshire Constabulary,-0.339818,51.742724,On or near Supermarket,E01023737,St Albans 017A,Local resolution
e469b45841156bd6e91dea2a4b0fe2c482414c9d564822727fb5a71d530c0bf3,2021-07,Hertfordshire Constabulary,Hertfordshire Constabulary,-0.174880,51.927573,On or near Parking Area,E01023801,Stevenage 002F,Local resolution
47ed6f1f5f6734922bb0f836194fa0a16b22b6e84329d0f497436a015d208678,2021-07,Hertfordshire Constabulary,Hertfordshire Constabulary,-0.254782,51.652712,On or near BALMORAL DRIVE,E01023546,Hertsmere 009C,Unable to prosecute suspect
822c4d128cb054e012787664c992bb89db0efb1e54b459168fac27ad2776e2ed,2021-07,Hertfordshire Constabulary,Hertfordshire Constabulary,-0.389105,51.653993,On or near WATER LANE,E01023860,Watford 009B,Unable to prosecute suspect
a6cd4314260132d238cc42bcd2a99dd4954cca1eb55e7d5eda28e8bb9847eb1b,2021-07,Hertfordshire Constabulary,Hertfordshire Constabulary,-0.020733,51.731047,On or near ORCHARD SQUARE,E01023341,Broxbourne 005B,Investigation complete; no suspect identified
8028a21e4ea2e9248d331957a0c480a4076ce4e1d7aaf16bfc7fc421cf0ab4fb,2021-07,Hertfordshire Constabulary,Hertfordshire Constabulary,-0.019115,52.043911,On or near THURNALL AVENUE,E01023654,North Hertfordshire 002A,Unable to prosecute suspect
4a78e6ad4f42faded0d88cae7b214f879a97a751b30de8f0c0ca971c0efec044,2021-07,Hertfordshire Constabulary,Hertfordshire Constabulary,-0.492391,51.765973,On or near MIDDLEKNIGHTS HILL,E01023392,Dacorum 011A,Unable to prosecute suspect
2afb2ef81b4aca1c45ee6b7eb457a6610a61d3e602082b61e070933c7a2f0f30,2021-07,Hertfordshire Constabulary,Hertfordshire Constabulary,-0.440801,51.781099,On or near BRAEMAR TURN,E01023435,Dacorum 005B,Unable to prosecute suspect
4046da0872b2fc55d9a5b296936bb4c1f5d2055fbda6ed941174bcb07f98792d,2021-07,Hertfordshire Constabulary,Hertfordshire Constabulary,-0.456151,51.749282,On or near Petrol Station,E01023387,Dacorum 019B,Investigation complete; no suspect identified
f67a735d0e24b0da6877730746992c49bfa859852ef9ea17a7b815b760d473e8,2021-07,Hertfordshire Constabulary,Hertfordshire Constabulary,-0.662583,51.796338,On or near FAVERSHAM CLOSE,E01023418,Dacorum 003A,Investigation complete; no suspect identified
9cc9324e5cc3e6f5fc070468abe727482c6c0c364792caad1851957277d08cbe,2021-07,Hertfordshire Constabulary,Hertfordshire Constabulary,-0.028010,52.060155,On or near MILTON CLOSE,E01023661,North Hertfordshire 001B,Unable to prosecute suspect
4f21d0304513d04adac5d64f0266d45790fa865f6e3b44f3c32fa946e171eee7,2021-07,Hertfordshire Constabulary,Hertfordshire Constabulary,-0.199558,51.896778,On or near Further/Higher Educational Building,E01023786,Stevenage 011D,Investigation complete; no suspect identified
ba8f08c1eec58b29d7100417aa225cc25a105f85a5bbd84ade24934689a447f0,2021-07,Hertfordshire Constabulary,Hertfordshire Constabulary,-0.072935,51.798835,On or near RAILWAY STREET,E01023478,East Hertfordshire 017D,Unable to prosecute suspect
260a8b24e39a398c6f0d6e82565dd6319fe251ea6c74bdb4ae4f6971610c44ac,2021-07,Hertfordshire Constabulary,Hertfordshire Constabulary,-0.178859,51.924136,On or near Pedestrian Subway,E01023790,Stevenage 001D,Investigation complete; no suspect identified
93522ba3299b181097ceef83ddec73d2a42977adb14f06a62cbba1b87cdcfb9e,2021-07,Hertfordshire Constabulary,Hertfordshire Constabulary,-0.016511,51.793715,On or near MADGEWAYS LANE,E01023468,East Hertfordshire 018A,Suspect charged
cd01bb34004aad0219dcd4a9bf74afda033c2df88db450532a354cacc9ab0992,2021-07,Hertfordshire Constabulary,Hertfordshire Constabulary,-0.395043,51.638527,On or near MEADOWBANK,E01023885,Watford 012D,Investigation complete; no suspect identified
21f0cf6ce6cddc9fab97f490d31f26acd1cbbc8bc76a3df0c40dbfeee51efea3,2021-07,Hertfordshire Constabulary,Hertfordshire Constabulary,-0.436919,51.760007,On or near WOOD LANE END,E01023345,Dacorum 013A,Investigation complete; no suspect identified
dfac305fe1d043f52c0fb9fd84efef726113e6a2ad4473d4803fabb686b95ed3,2021-07,Hertfordshire Constabulary,Hertfordshire Constabulary,-0.346519,51.813459,On or near SPENSER ROAD,E01023702,St Albans 003D,Investigation complete; no suspect identified
60e6e8949fa27106eb8383ebf5f450913536f3c8c1a0747abf51abb6de50b9db,2021-07,Hertfordshire Constabulary,Hertfordshire Constabulary,-0.182853,51.865913,On or near Supermarket,E01023628,North Hertfordshire 015E,Suspect charged
e92f9cc67ccfd5a54e12557fd60b23e44ed1c65d911eddab32a37acb5ad6d1bc,2021-07,Hertfordshire Constabulary,Hertfordshire Constabulary,-0.336758,51.752293,On or near Police Station,E01023727,St Albans 012B,Unable to prosecute suspect
0d413aa9489e4873f2dc9bfde12f294e3c11e32deb0a46438149069ae22835e3,2021-07,Hertfordshire Constabulary,Hertfordshire Constabulary,-0.227455,51.977480,On or near Shopping Area,E01023644,North Hertfordshire 008A,Investigation complete; no suspect identified
40b23b5361ee25e50746fa10e0fff1ac458722c0eb1c247dfedc1c2b4e24387a,2021-07,Hertfordshire Constabulary,Hertfordshire Constabulary,0.173936,51.876172,On or near GOLDINGS,E01023439,East Hertfordshire 005B,Investigation complete; no suspect identified
a5c67a6502bed1361fc8db88cfb0c8db1a75c83043152f0db97bd5eda09bab48,2021-07,Hertfordshire Constabulary,Hertfordshire Constabulary,-0.463528,51.744928,On or near RUNHAM ROAD,E01023386,Dacorum 019A,Unable to prosecute suspect
487d0c7346b1f2dd2327fa77e3a694010e7afcf5f9df592321d60212b7585c41,2021-07,Hertfordshire Constabulary,Hertfordshire Constabulary,-0.404472,51.649051,On or near Hospital,E01023902,Watford 010D,Unable to prosecute suspect
736f63dc9a12cd8244c937932661ab5917238276156ed8ef7a7e5d1b22f7c1bd,2021-07,Hertfordshire Constabulary,Hertfordshire Constabulary,-0.408855,51.676203,On or near GISBURNE WAY,E01023868,Watford 004A,Unable to prosecute suspect
2fd0b389f7c52800aeec3a3286fe5d81f874bfc48f68dbc2a190f18d4940b463,2021-07,Hertfordshire Constabulary,Hertfordshire Constabulary,-0.178345,51.880077,On or near SPRING DRIVE,E01023785,Stevenage 011C,Suspect charged
011046e4ac985c05e07ccf0330261cc0c920187cf88e163cae49f3d6974f111b,2021-07,Hertfordshire Constabulary,Hertfordshire Constabulary,-0.188513,51.923845,On or near IONA CLOSE,E01023799,Stevenage 002D,Unable to prosecute suspect
c1f5f2b18f329c799a0bbdbd72db063382cb2d3ca546de9206f796967208ec40,2021-07,Hertfordshire Constabulary,Hertfordshire Constabulary,-0.000082,51.766793,On or near AYLSHAM ROAD,E01023331,Broxbourne 002E,Unable to prosecute suspect
52d66a3d4ca1f0c658f8d7fa6b6d2dd18b4c27bf742b630b4ec45c758d427a34,2021-07,Hertfordshire Constabulary,Hertfordshire Constabulary,-0.194897,51.792885,On or near LONGLANDS ROAD,E01023957,Welwyn Hatfield 007D,Suspect charged
c2bd05cff1afcb4e32b3a63980f7e6db8345d22dc55dcd8cc8a0e8c4988f4e49,2021-07,Hertfordshire Constabulary,Hertfordshire Constabulary,-0.334424,51.752718,On or near UPPER MARLBOROUGH ROAD,E01023727,St Albans 012B,Local resolution
e9fee03d7e9ef5531b107704159b702a4ca86cdfa2bdf5f2b93b7dbf19c4ee42,2021-07,Hertfordshire Constabulary,Hertfordshire Constabulary,-0.077172,51.795730,On or near CHURCH STREET,E01023477,East Hertfordshire 017C,Investigation complete; no suspect identified
6cb18de2546811a9bfdd3201f49b34f7b53638abff849e01e65379e21c408aa2,2021-07,Hertfordshire Constabulary,Hertfordshire Constabulary,-0.184269,51.901435,On or near COLESTRETE CLOSE,E01023756,Stevenage 008B,Unable to prosecute suspect
a69ef297ff953c36ed1394364cdc2796f71c0d9fc5554ca7de7fcc06f18005ad,2021-07,Hertfordshire Constabulary,Hertfordshire Constabulary,-0.327231,51.765466,On or near MARSHALL AVENUE,E01023715,St Albans 010C,Unable to prosecute suspect
e47f459aee170f7ad9e43533afce636c643062cb8017e4b46e6ddeb9a2d8c0f1,2021-07,Hertfordshire Constabulary,Hertfordshire Constabulary,-0.200803,51.888902,On or near Pedestrian Subway,E01023786,Stevenage 011D,Investigation complete; no suspect identified
f1ccecbcdc21231cd610cd924f9c7fd0a198f7ce660f3f16db987e7d73ba82c1,2021-07,Hertfordshire Constabulary,Hertfordshire Constabulary,-0.574470,51.764669,On or near SHELDON WAY,E01023370,Dacorum 012B,Investigation complete; no suspect identified
448dc9e67bdcffc9563224e2b1730bf7b710a8cd50c7b08c34221e9fac4728da,2021-07,Hertfordshire Constabulary,Hertfordshire Constabulary,-0.198706,51.870113,On or near A1(M),E01023627,North Hertfordshire 015D,Local resolution
d0eb4905ca64ebaab57a022d9402f02d15ba11f09f9be78c0d4a5ce560da3ea1,2021-07,Hertfordshire Constabulary,Hertfordshire Constabulary,-0.423440,51.765537,On or near Park/Open Space,E01023345,Dacorum 013A,Investigation complete; no suspect identified
46fb37b05de100afb4f5e00f3d52bd46b2894a41ce193d6c9442da262c54ec49,2021-07,Hertfordshire Constabulary,Hertfordshire Constabulary,-0.349860,51.643539,On or near CHILTERN AVENUE,E01023556,Hertsmere 013E,Investigation complete; no suspect identified
5679c56afa9c97be75cf29f250224d5cf177015d6bb1ed0ec1008e95c29196a5,2021-07,Hertfordshire Constabulary,Hertfordshire Constabulary,-0.182469,51.863182,On or near HAYGARTH,E01023628,North Hertfordshire 015E,Unable to prosecute suspect
1e57237b642c17f96cd5883f314e64aa274ef9a4e2665bca0eb693519a482927,2021-07,Hertfordshire Constabulary,Hertfordshire Constabulary,-0.200675,51.901929,On or near MARKET SQUARE,E01023758,Stevenage 008D,Unable to prosecute suspect
0ce950f26c049180332e4fb25318da3401c274ef8585969cf591f417a8eb0981,2021-07,Hertfordshire Constabulary,Hertfordshire Constabulary,-0.357404,51.637153,On or near MERRY HILL MOUNT,E01023558,Hertsmere 012A,Local resolution
9f2c5d4acf32ad6f44efa9e9d2248c020459a98568baee99921d641ab791f0f0,2021-07,Hertfordshire Constabulary,Hertfordshire Constabulary,-0.029914,51.745032,On or near ALLARD WAY,E01023289,Broxbourne 004A,Unable to prosecute suspect
319d14f8d9f393b268d6c55f32369071a749a8e548a659603cadb68db202646d,2021-07,Hertfordshire Constabulary,Hertfordshire Constabulary,-0.449611,51.756236,On or near HILLARY ROAD,E01023348,Dacorum 013D,Investigation complete; no suspect identified
a02ac291899b185484d12267ec72abdffd734ed2a2b9ead9bb0ea386ed4cc89b,2021-07,Hertfordshire Constabulary,Hertfordshire Constabulary,-0.465873,51.736839,On or near Shopping Area,E01033023,Dacorum 018H,Unable to prosecute suspect
a3bfa231b7546434d5151e3fed51879e6dbbfb64fd465d6243b301e981eff0ae,2021-07,Hertfordshire Constabulary,Hertfordshire Constabulary,-0.190409,51.889705,On or near BROADHALL WAY,E01023786,Stevenage 011D,Investigation complete; no suspect identified
7b39e43950eb470d62b098836e445aa5bb93efb462572c7799b39de379425079,2021-07,Hertfordshire Constabulary,Hertfordshire Constabulary,-0.312394,51.743619,On or near Supermarket,E01023683,St Albans 016C,Investigation complete; no suspect identified
4ae7d0b86ba62ff1df0fd2de73514a3d381151ec1d26d48ad870f02801a5d9db,2021-07,Hertfordshire Constabulary,Hertfordshire Constabulary,-0.021188,51.686129,On or near ELEANOR WAY,E01023338,Broxbourne 013C,Investigation complete; no suspect identified
c087c04f462817fab7313be0620280017aed519fc816ebc347e2ddf9fc25c9f6,2021-07,Hertfordshire Constabulary,Hertfordshire Constabulary,-0.410659,51.685408,On or near EVANS AVENUE,E01023891,Watford 002B,Suspect charged
68934db7bea55af28d11514105732077ed79ef93922e1567b81a4a2f8506278d,2021-07,Hertfordshire Constabulary,Hertfordshire Constabulary,-0.164497,51.906145,On or near SIDDONS ROAD,E01023760,Stevenage 007B,Investigation complete; no suspect identified
3a994a8f14700f67e22216bdb9e1f492c1c8af03498b8a660396abbad32e22e2,2021-07,Hertfordshire Constabulary,Hertfordshire Constabulary,-0.184560,51.884840,On or near LODGE WAY,E01023784,Stevenage 011B,Investigation complete; no suspect identified
e1d188eb523510d5cefde0114519f3c58d432bfa823f902ecebd0cf31f6cc9e8,2021-07,Hertfordshire Constabulary,Hertfordshire Constabulary,-0.274374,51.656815,On or near Supermarket,E01023530,Hertsmere 007B,Investigation complete; no suspect identified
c6b80a33a6bb0a869f14865df927c07bdf108473d687d648ffbf4a8c703290f4,2021-07,Hertfordshire Constabulary,Hertfordshire Constabulary,-0.192136,51.697580,On or near Parking Area,E01023579,Hertsmere 001D,Unable to prosecute suspect
84d6cc153dae2427c877bbfae18bd54b602c49d912b3cd24a692b69da53c3ebd,2021-07,Hertfordshire Constabulary,Hertfordshire Constabulary,-0.313092,51.738477,On or near PARKWAY COURT,E01023683,St Albans 016C,Unable to prosecute suspect
affd199775cc9005670988e90bde2d4598e8eac7ef906cb0ade37738f161c081,2021-07,Hertfordshire Constabulary,Hertfordshire Constabulary,-0.205363,51.904294,On or near Petrol Station,E01023758,Stevenage 008D,Local resolution
c8316d4d066441e8f3a2c3bfb6ac5040933428f2f1147fc8d3bdda505763cc9d,2021-07,Hertfordshire Constabulary,Hertfordshire Constabulary,-0.351905,51.717446,On or near HOW WOOD,E01023719,St Albans 019B,Suspect charged
cd516593e4d85f78760ad2e53a1c8c10952639d4dfcaed243a1369933c57c2a7,2021-07,Hertfordshire Constabulary,Hertfordshire Constabulary,-0.393310,51.694101,On or near Sports/Recreation Area,E01023905,Watford 001B,Offender given a caution
20394b7765cc1364ecefcd4414d16f20b68e626597a69a5fad024e641fdb514c,2021-07,Hertfordshire Constabulary,Hertfordshire Constabulary,-0.172916,51.799281,On or near WATCHLYTES,E01023952,Welwyn Hatfield 005C,Investigation complete; no suspect identified
b34281efb37baa03b987a866956cba2dec4fc17337bfdb3b40e6bcc3bda3c77c,2021-07,Hertfordshire Constabulary,Hertfordshire Constabulary,-0.556209,51.758385,On or near MCDOUGALL ROAD,E01023361,Dacorum 009A,Unable to prosecute suspect
dba711bfdb3b20c95c4df13a6bb9b1ac8d398891734689d476e3bf8e767fe45a,2021-07,Hertfordshire Constabulary,Hertfordshire Constabulary,-0.034601,51.695104,On or near CROSSBROOK STREET,E01023333,Broxbourne 012B,Unable to prosecute suspect
61a57c7de94cd336c9879f0aaba8ffaa2aa6a2d906d776654da3ec81dd4e822d,2021-07,Hertfordshire Constabulary,Hertfordshire Constabulary,-0.227808,51.771931,On or near GREEN CROFT,E01023929,Welwyn Hatfield 010A,Unable to prosecute suspect
a7b7f59a3b2bcc5130908ee5cdcbe765630d5b3a999b66e9fa04e36a3812bea8,2021-07,Hertfordshire Constabulary,Hertfordshire Constabulary,-0.373427,51.664298,On or near WALNUT GREEN,E01023555,Hertsmere 008D,Unable to prosecute suspect
aa1a16fe98083b4d9d51ee307a5d91206798a902fcdba13185e3ee0098f4e905,2021-07,Hertfordshire Constabulary,Hertfordshire Constabulary,-0.312788,51.751708,On or near Petrol Station,E01023674,St Albans 011B,Unable to prosecute suspect
7d2c3427a5b2dffcdc3ecdc1279431d85c53cda4f48d15658dccc950eb7320b9,2021-07,Hertfordshire Constabulary,Hertfordshire Constabulary,-0.457668,51.772806,On or near Parking Area,E01023393,Dacorum 007A,Suspect charged
6aa98e81ee47f8ef458c0eab916aa8c9fa24b6ae6c59c880c1eef6737c402e29,2021-07,Hertfordshire Constabulary,Hertfordshire Constabulary,-0.275365,51.958716,On or near STRATHMORE AVENUE,E01023604,North Hertfordshire 010D,Offender given a caution
07d49168e3f9dc2c8647013d45fb5f0661ef92da6173b480b7e1c52171dfb5dd,2021-07,Hertfordshire Constabulary,Hertfordshire Constabulary,-0.186998,51.906215,On or near Petrol Station,E01023781,Stevenage 006D,Unable to prosecute suspect
7ee97c584f8130a4b9d3c782db6875af927cfcaf5b40dcd2b42bc62cc1d1be2f,2021-07,Hertfordshire Constabulary,Hertfordshire Constabulary,-0.491871,51.755923,On or near Petrol Station,E01023429,Dacorum 011D,Investigation complete; no suspect identified
312ed6aba685f0df894152b2f6f616b9f362c549f77e6597937ce82fbb7889eb,2021-07,Hertfordshire Constabulary,Hertfordshire Constabulary,-0.240292,51.764007,On or near PARKHOUSE COURT,E01033308,Welwyn Hatfield 010E,Investigation complete; no suspect identified
4d491c06efc6a2f6a5dde9bf8e12c249eed5955dc36707d7096be5fa690e90a2,2021-07,Hertfordshire Constabulary,Hertfordshire Constabulary,-0.387511,51.682188,On or near CEZANNE ROAD,E01023875,Watford 003C,Investigation complete; no suspect identified
e725685fdc229a05e2595802e882dedeb8fb11444793da6060fc1e16704d7919,2021-07,Hertfordshire Constabulary,Hertfordshire Constabulary,-0.045471,52.005676,On or near ROOKS NEST LANE,E01023598,North Hertfordshire 005D,Unable to prosecute suspect
e82d96597f029a17a425f0e73828291e4ecd7f12b0f876aa90eee4eba3af8f45,2021-07,Hertfordshire Constabulary,Hertfordshire Constabulary,-0.236569,51.755032,On or near HIGH DELLS,E01023935,Welwyn Hatfield 013C,Unable to prosecute suspect
76b733af4d40a6fb2f01e72a4ba92163ed30fb9049438a9df871334f01572aae,2021-07,Hertfordshire Constabulary,Hertfordshire Constabulary,-0.176138,51.907306,On or near TELFORD AVENUE,E01023762,Stevenage 007D,Unable to prosecute suspect
c66a001be92d0c886bcf52842f999e8c8a3ad2dc6d6eb6931b66c4e380ac04d4,2021-07,Hertfordshire Constabulary,Hertfordshire Constabulary,-0.326579,51.749783,On or near GRIMSTON ROAD,E01023729,St Albans 012D,Unable to prosecute suspect
ef48121ef021a59cfbdb2b612a8a15ce420ba207a1e396dde3551adefbe845f6,2021-07,Hertfordshire Constabulary,Hertfordshire Constabulary,-0.198697,51.795758,On or near BEDWELL CLOSE,E01023956,Welwyn Hatfield 007C,Unable to prosecute suspect
f5ecda327cc4bec26f4a82d007add625c005bbc2db61d9539d019ce8d3d2e528,2021-07,Hertfordshire Constabulary,Hertfordshire Constabulary,-0.454344,51.733459,On or near Supermarket,E01023414,Dacorum 020E,Investigation complete; no suspect identified
07c986bc2d105a71edd95c1076decdfecf767908ce7b96f66534ca75d9e80f63,2021-07,Hertfordshire Constabulary,Hertfordshire Constabulary,-0.381910,51.679845,On or near GARSMOUTH WAY,E01023876,Watford 003D,Suspect charged
fde33873a912010dbc1e7c5cbd991ef45783abee0d7e81fdd2d64108ba884c27,2021-07,Hertfordshire Constabulary,Hertfordshire Constabulary,-0.474584,51.739227,On or near RIVERSEND ROAD,E01023354,Dacorum 018B,Unable to prosecute suspect
710d324f3d227af4c4ba82fa200eefa16cfc400c8221ff1f1a97a4162738fdf2,2021-07,Hertfordshire Constabulary,Hertfordshire Constabulary,-0.044224,51.800070,On or near Petrol Station,E01023484,East Hertfordshire 016C,Investigation complete; no suspect identified
e31424a6aca15766b0888f9c58aa7b8842a6cf9afb05aa136cf1ebfa7a5c7386,2021-07,Hertfordshire Constabulary,Hertfordshire Constabulary,-0.394555,51.670353,On or near BRADSHAW ROAD,E01023855,Watford 006A,Investigation complete; no suspect identified
fa155b3f48153c26726b10c8f4a95639770c42f2647bb0e6bc35be900e5d884e,2021-07,Hertfordshire Constabulary,Hertfordshire Constabulary,-0.250000,51.765160,On or near CUNNINGHAM AVENUE,E01033314,Welwyn Hatfield 010G,Offender given a caution
7f0950490c23879d54ff8ff9bc7b6cd86bdcdf1a8b4b6a322fa9399a6945109f,2021-07,Hertfordshire Constabulary,Hertfordshire Constabulary,-0.389664,51.660250,On or near PANKHURST PLACE,E01023860,Watford 009B,Investigation complete; no suspect identified
fe9c513fdb543a5409b70ead3409900bf2c5c08aed8b2c2365aed2b0179ad44c,2021-07,Hertfordshire Constabulary,Hertfordshire Constabulary,-0.112543,51.708144,On or near Supermarket,E01023947,Welwyn Hatfield 016A,Investigation complete; no suspect identified
e03602221a9a6be2b265435d8edaf9342a241b369aa73b9eb9b1c64ea32831f3,2021-07,Hertfordshire Constabulary,Hertfordshire Constabulary,-0.057903,51.713890,On or near JACKSONS DRIVE,E01023325,Broxbourne 009C,Unable to prosecute suspect
256a4e3815538524bcb124c9818b59fbc886f72712e857b8a065cf5d9f3ecdad,2021-07,Hertfordshire Constabulary,Hertfordshire Constabulary,-0.398844,51.665618,On or near Pedestrian Subway,E01023861,Watford 009C,Suspect charged
e3506d367967a48e67fbf8bf98e908afe097f7bc6db4079f960a8eaff4a0cc8d,2021-07,Hertfordshire Constabulary,Hertfordshire Constabulary,-0.313512,51.905965,On or near PLOUGH LANE,E01023625,North Hertfordshire 014E,Action to be taken by another organisation
83f8b294f20c654f6c6d430f854d12fe879573b617b46e1fa58cc293e214c5bd,2021-07,Hertfordshire Constabulary,Hertfordshire Constabulary,-0.311359,51.723983,On or near NORRIS CLOSE,E01033029,St Albans 018G,Suspect charged
88d1183a54cdac4b0b6c797702bc07e62af9083d1cfae8cdf9c26877a416445d,2021-07,Hertfordshire Constabulary,Hertfordshire Constabulary,-0.281319,51.952985,On or near Park/Open Space,E01023616,North Hertfordshire 012F,Investigation complete; no suspect identified
d0a47ec94d1dc9065c2556b5df9b3ea13c703a60243b95a0a5b15001da7f0918,2021-07,Hertfordshire Constabulary,Hertfordshire Constabulary,-0.340525,51.751078,On or near HIGH STREET,E01023743,St Albans 014B,Offender given a caution
0feddd9433bdeaf0fb0d57df72a3bbc87c34727f3b6b6c2447c0214636889bad,2021-07,Hertfordshire Constabulary,Hertfordshire Constabulary,-0.173900,51.932377,On or near FAIRFIELD CRESCENT,E01033027,North Hertfordshire 005K,Unable to prosecute suspect
ca9e1cb6699ec3b0204ae80bbaacd98dee5d6713a3432e1f3312a288b1f61748,2021-07,Hertfordshire Constabulary,Hertfordshire Constabulary,-0.390789,51.658701,On or near OTTOMAN TERRACE,E01023859,Watford 009A,Unable to prosecute suspect
0dffdf51bb295edba41e3bfe2637b474008bb5f819fd6a10aa3644f6dc75913f,2021-07,Hertfordshire Constabulary,Hertfordshire Constabulary,-0.350999,51.716894,On or near WITHY PLACE,E01023719,St Albans 019B,Unable to prosecute suspect
233ac58e104fb6db3be25be7a780c558d08b7951fee82f4143062b4e15ea4fac,2021-07,Hertfordshire Constabulary,Hertfordshire Constabulary,-0.177015,51.911852,On or near DRAKES DRIVE,E01023762,Stevenage 007D,Unable to prosecute suspect
c1e3dbf2d9098e3b9b6d722cd31f529c20ede1dd5c48da59a6e77c71b504cff2,2021-07,Hertfordshire Constabulary,Hertfordshire Constabulary,-0.398841,51.649702,On or near LIVERPOOL ROAD,E01023902,Watford 010D,Investigation complete; no suspect identified
25f76897c865b765841372b52cc0e75a7dfac179bf1432002859675d1c6cd14a,2021-07,Hertfordshire Constabulary,Hertfordshire Constabulary,,,No location,,,Investigation complete; no suspect identified
8bfe31248611851d7680dd1809f65094193f7f75df0cd6b24f9a2c9778d8b146,2021-07,Hertfordshire Constabulary,Hertfordshire Constabulary,0.012918,51.786345,On or near THELE AVENUE,E01023504,East Hertfordshire 018E,Unable to prosecute suspect
a20ba251e8b1b766a0bc70f355547dd49c429c192d909be4641b0cbf8369c7ba,2021-07,Hertfordshire Constabulary,Hertfordshire Constabulary,-0.329500,51.747172,On or near GROSVENOR ROAD,E01023729,St Albans 012D,Unable to prosecute suspect
a66c19e785597fbaa4539cf1cf0907b60acd8cb7d12bfc10ccb0e7fa4cd95075,2021-07,Hertfordshire Constabulary,Hertfordshire Constabulary,-0.023235,51.727798,On or near ROWAN DRIVE,E01023343,Broxbourne 005D,Unable to prosecute suspect
5b21d31803b8e456d5a027d1b4a2448559f1fdfed54e874dbf0995ae22174766,2021-07,Hertfordshire Constabulary,Hertfordshire Constabulary,0.178451,51.869794,On or near Parking Area,E01023438,East Hertfordshire 005A,Unable to prosecute suspect
dd350f28a4322e6c18cd23bd6da3c606dbea239ef8d3941d12e35787ed0d52fc,2021-07,Hertfordshire Constabulary,Hertfordshire Constabulary,-0.209976,51.904895,On or near Sports/Recreation Area,E01023776,Stevenage 002A,Unable to prosecute suspect
08aded3145a3567a63eb6a4adf84dd98f197645468377f1950fd38f48c4a13c4,2021-07,Hertfordshire Constabulary,Hertfordshire Constabulary,-0.357285,51.815399,On or near Supermarket,E01023701,St Albans 003C,Investigation complete; no suspect identified
2eec5a44d1dfeb527f9ce7f1aa6871fc3174ca3a0e72fdd61379ad429b7adb09,2021-07,Hertfordshire Constabulary,Hertfordshire Constabulary,-0.099948,51.802098,On or near HAWTHORN CLOSE,E01023487,East Hertfordshire 015A,Unable to prosecute suspect
d364deea23328cfd590c59f9bef4b4d5913f03b058580fea69f811e61410b11e,2021-07,Hertfordshire Constabulary,Hertfordshire Constabulary,,,No location,,,Investigation complete; no suspect identified
f071ba673d5ede09f027adb0e9376e59e683a93984e33573614d3fc771215926,2021-07,Hertfordshire Constabulary,Hertfordshire Constabulary,-0.283128,51.718170,On or near TYNEDALE,E01023704,St Albans 018A,Investigation complete; no suspect identified
ca915da9c7723cf22a41bdf2c1a46ca27a6cdd46159e2855ff32779ddc764705,2021-07,Hertfordshire Constabulary,Hertfordshire Constabulary,-0.393310,51.694101,On or near Sports/Recreation Area,E01023905,Watford 001B,Unable to prosecute suspect
7564803e6bcbb6238d490638511645119ee8c458e3f2f714124e7f9d544c2b73,2021-07,Hertfordshire Constabulary,Hertfordshire Constabulary,-0.446027,51.741209,On or near SIX ACRES,E01023359,Dacorum 020C,Investigation complete; no suspect identified
574f067c687b48e486a14ed3117e7944b30c8c595e11707bac1cb314cd1bbcf2,2021-07,Hertfordshire Constabulary,Hertfordshire Constabulary,-0.241813,51.973721,On or near CHILTERN VIEW,E01023646,North Hertfordshire 008C,Suspect charged
09119c642aa59999151d9f97ec15612ce3cc2d13d636e5e399cfa4e90f9e52b0,2021-07,Hertfordshire Constabulary,Hertfordshire Constabulary,-0.234913,51.750682,On or near Further/Higher Educational Building,E01023937,Welwyn Hatfield 013E,Unable to prosecute suspect
7ed5ee771482d58de21794aec3a1e46312d4736534596889ffc4c4253984f1cd,2021-07,Hertfordshire Constabulary,Hertfordshire Constabulary,-0.228507,51.978126,On or near EASTCHEAP,E01023644,North Hertfordshire 008A,Investigation complete; no suspect identified
2a4f870be99bc7bdca4360773a7b8b0a34c3ae56296b8bf38a98dcde7aa943ba,2021-07,Hertfordshire Constabulary,Hertfordshire Constabulary,0.152532,51.863634,On or near WAYTEMORE ROAD,E01023447,East Hertfordshire 007E,Unable to prosecute suspect
c8f8608464bcfb3c680656c3b38092918a47855460ff3ec5f9b1f1ee627ee453,2021-07,Hertfordshire Constabulary,Hertfordshire Constabulary,-0.176255,51.922001,On or near COVENTRY CLOSE,E01023789,Stevenage 001C,Unable to prosecute suspect
ff4421e4c547592950904ec8c1909869645999e215a82cb791fd27d7b6ba5207,2021-07,Hertfordshire Constabulary,Hertfordshire Constabulary,-0.203048,51.904016,On or near Shopping Area,E01023758,Stevenage 008D,Investigation complete; no suspect identified
2bbca8dc66f0dcbc88fe0219295eba574be7d0869271723e87cd01c841c6346a,2021-07,Hertfordshire Constabulary,Hertfordshire Constabulary,,,No location,,,Unable to prosecute suspect
8f869aae7885ad8f4db227ec8274f734245a8815bb0d48067956648315997708,2021-07,Hertfordshire Constabulary,Hertfordshire Constabulary,0.177602,51.879575,On or near ALCONBURY,E01023439,East Hertfordshire 005B,Investigation complete; no suspect identified
cbb5553f1175e6a84d3222ed27a69d6c89fedc9065fdd87ae2d71c9a01982f4c,2021-07,Hertfordshire Constabulary,Hertfordshire Constabulary,-0.229640,51.749928,On or near EAGLE WAY,E01023937,Welwyn Hatfield 013E,Investigation complete; no suspect identified
4e9801d4e2587611e9cda88d05e325d4c777ec27b8497543364cc8b46349d7ae,2021-07,Hertfordshire Constabulary,Hertfordshire Constabulary,-0.484725,51.753421,On or near GLENDALE,E01023380,Dacorum 018D,Investigation complete; no suspect identified
555e1729c8cf2f8adb3275e86b772b057fa95265758688054d20cba82c1ff89d,2021-07,Hertfordshire Constabulary,Hertfordshire Constabulary,-0.587191,51.767070,On or near SALTER'S CLOSE,E01023369,Dacorum 012A,Unable to prosecute suspect
8660e896aeaf93c05dd78cfb47f30f6453d1b363e5f23b9f8a756958914d44e0,2021-07,Hertfordshire Constabulary,Hertfordshire Constabulary,-0.388622,51.663132,On or near RAPHAEL DRIVE,E01023860,Watford 009B,Investigation complete; no suspect identified
1b298d20e7dec834a19736c1ed4d31354ddd579bf189fe22f77dd45e0450eb1d,2021-07,Hertfordshire Constabulary,Hertfordshire Constabulary,-0.278190,51.655675,On or near Supermarket,E01023530,Hertsmere 007B,Investigation complete; no suspect identified
174d2bfc00010da02d72c9129452ecad3bca49a4af08e913e2ae297121b776b1,2021-07,Hertfordshire Constabulary,Hertfordshire Constabulary,-0.470828,51.753952,On or near Supermarket,E01023398,Dacorum 015D,Unable to prosecute suspect
befa1ffe019419a087e8d0213ede95b9123c6cb9b54b8701bdc13bdb4af763bc,2021-07,Hertfordshire Constabulary,Hertfordshire Constabulary,-0.021600,51.726772,On or near JUNIPER CLOSE,E01023343,Broxbourne 005D,Investigation complete; no suspect identified
0bba2b31de4168a753d1644b271fa8cb7fee85ade55aad480f5f2b60dceac2c9,2021-07,Hertfordshire Constabulary,Hertfordshire Constabulary,,,No location,,,Investigation complete; no suspect identified
14ea899068b15d41195a6af26b14f6fafe0050792974a1c64068b96120acdaeb,2021-07,Hertfordshire Constabulary,Hertfordshire Constabulary,-0.398430,51.666683,On or near ST ALBANS ROAD,E01023855,Watford 006A,Suspect charged
35577454f0bcdf1bd7a0bf5c76a3b475a4dd2e3505a463e6ef3f56da4c9c57a9,2021-07,Hertfordshire Constabulary,Hertfordshire Constabulary,0.150974,51.858681,On or near KENT CRESCENT,E01023445,East Hertfordshire 007C,Unable to prosecute suspect
5b169090e855405808aa4d07aa879e71afd0afb1a214af7845c0622cae99d2d4,2021-07,Hertfordshire Constabulary,Hertfordshire Constabulary,-0.470828,51.753952,On or near Supermarket,E01023398,Dacorum 015D,Local resolution
5b3b719b3c5639c662aab14f7f816c0135d7d1151533177cd355c16d7c24fea7,2021-07,Hertfordshire Constabulary,Hertfordshire Constabulary,-0.158991,51.894676,On or near Petrol Station,E01023750,Stevenage 009A,Investigation complete; no suspect identified
7ce26337b3ee497d04b83e44b9533864a0257ebf858b8bb28a8dfd73bc70ac46,2021-07,Hertfordshire Constabulary,Hertfordshire Constabulary,-0.278275,51.667159,On or near GATESHEAD ROAD,E01023535,Hertsmere 006B,Suspect charged
8a73f2cd5efe1cadf66fbd6bf6a676f562cc5e1680aaaa24158b790d02cab9c8,2021-07,Hertfordshire Constabulary,Hertfordshire Constabulary,-0.050165,51.711729,On or near FLAMSTEAD END ROAD,E01023326,Broxbourne 009D,Unable to prosecute suspect
0fdbdbb5a25283c00f4b6e45f08389c8b0ae4110fa8123d0b49733eb7d63193e,2021-07,Hertfordshire Constabulary,Hertfordshire Constabulary,-0.398194,51.628670,On or near HAREWOOD ROAD,E01023828,Three Rivers 008B,Unable to prosecute suspect
b2a47349678a0254257fe948c4f37500f275d7b770b87c9cd9210fc501056565,2021-07,Hertfordshire Constabulary,Hertfordshire Constabulary,-0.356787,51.814735,On or near LEYTON GREEN,E01023701,St Albans 003C,Local resolution
03b9188f523210797bef0560d86bb8cbd0beaf70f5e9419e6b891c7cb64bc01e,2021-07,Hertfordshire Constabulary,Hertfordshire Constabulary,-0.201301,51.895708,On or near TIPPET COURT,E01023786,Stevenage 011D,Investigation complete; no suspect identified
00fcbfa23403579266d418fec37799295e7354e19bf9cb4db83c6f4e823405e3,2021-07,Hertfordshire Constabulary,Hertfordshire Constabulary,-0.318322,51.755600,On or near PARK AVENUE,E01023675,St Albans 011C,Investigation complete; no suspect identified
f0787ab14df4cf8ca514bd1b0a72734ab20b0db06294d9b2b15daba04a217cfc,2021-07,Hertfordshire Constabulary,Hertfordshire Constabulary,-0.196920,51.905298,On or near Pedestrian Subway,E01023758,Stevenage 008D,Unable to prosecute suspect
cecd54a4c12773e4750492bbb27f3579e50bc6b24076f0ffd066440f84cb3f5f,2021-07,Hertfordshire Constabulary,Hertfordshire Constabulary,-0.452632,51.759001,On or near HOBLETTS ROAD,E01023347,Dacorum 013C,Suspect charged
6d4a36094279a2510f44ef509f171f96917466f05684a5946d5097890d2ef307,2021-07,Hertfordshire Constabulary,Hertfordshire Constabulary,-0.447163,51.714392,On or near WILLOW EDGE,E01023406,Dacorum 022A,Investigation complete; no suspect identified
fbc14efd6f5143bf65a801d5446245dd96f51214b4decb1bbdb86cd1c5f90a98,2021-07,Hertfordshire Constabulary,Hertfordshire Constabulary,0.180598,51.873944,On or near ASCOT CLOSE,E01023438,East Hertfordshire 005A,Unable to prosecute suspect
e9f4b060f21b4ceff05abb7626ae5beca3aa931b54912f726139ed13b58a0e8c,2021-07,Hertfordshire Constabulary,Hertfordshire Constabulary,0.022665,51.880345,On or near PAPER MILL LANE,E01023507,East Hertfordshire 006C,Investigation complete; no suspect identified
7124b169d483f6cd7e83fdfb1c517eae7ec4fd7d79c8fe6ac9d0ec12e163fe93,2021-07,Hertfordshire Constabulary,Hertfordshire Constabulary,-0.302997,51.726111,On or near PETERS AVENUE,E01033028,St Albans 018F,Investigation complete; no suspect identified
98a595197a26bdfffce05731a8f7f67a19a558b58338178cd17825fd0cf284fe,2021-07,Hertfordshire Constabulary,Hertfordshire Constabulary,-0.481026,51.751818,On or near HANGER CLOSE,E01023380,Dacorum 018D,Action to be taken by another organisation
255e7ed6185ed1c0c3312538723a0362295cca786cf584b62f06fd90d0489acb,2021-07,Hertfordshire Constabulary,Hertfordshire Constabulary,-0.312075,51.748686,On or near CAMP VIEW ROAD,E01023666,St Albans 011A,Investigation complete; no suspect identified
b861b490ba0fceefff5243044b4a38618ca5ce29a049a84387e20a39fd97e1be,2021-07,Hertfordshire Constabulary,Hertfordshire Constabulary,0.001181,51.688160,On or near CROOKED MILE,E01021812,Epping Forest 009B,Suspect charged
298aa606ddc97f25b3e6ace3e30598547bc5044635d383d8fdd973b46cbfef16,2021-07,Hertfordshire Constabulary,Hertfordshire Constabulary,-0.306636,51.739553,On or near HILL END LANE,E01023678,St Albans 015B,Unable to prosecute suspect
cc3c6510486ddc136ee70021c89ab272d3d452930b26c27be99f4c5cdde4c270,2021-07,Hertfordshire Constabulary,Hertfordshire Constabulary,0.140803,51.860395,On or near PENNINGTONS,E01023448,East Hertfordshire 007F,Unable to prosecute suspect
64824efd8bae6cfbb123f69185d9caca286fb17e131b8c6ce6d16da08cde49d9,2021-07,Hertfordshire Constabulary,Hertfordshire Constabulary,-0.220962,51.768365,On or near CLARKE'S ROAD,E01023930,Welwyn Hatfield 010B,Investigation complete; no suspect identified
f83d90bfd06b0a3cf87e1c5609d45224e8f1f2bcca060611dcb31ad486cbf8fa,2021-07,Hertfordshire Constabulary,Hertfordshire Constabulary,-0.286850,51.662563,On or near MAYDWELL LODGE,E01023531,Hertsmere 007C,Unable to prosecute suspect
976d26b96656d45fc25701a1306fd039b178e97b5f9f4bc0ca17ad9d831370cd,2021-07,Hertfordshire Constabulary,Hertfordshire Constabulary,-0.292327,51.805185,On or near BEECH CRESCENT,E01023746,St Albans 004A,Unable to prosecute suspect
37e002e2bf2475697df3960c47699ff8ea2cfb22971751aee89cddb57ec8245d,2021-07,Hertfordshire Constabulary,Hertfordshire Constabulary,-0.020607,51.948036,On or near Supermarket,E01023466,East Hertfordshire 001D,Investigation complete; no suspect identified
dd5c3e84e491802746b54fdb5d004cb1fcd259fd570f2f7947a7b3194ca24217,2021-07,Hertfordshire Constabulary,Hertfordshire Constabulary,-0.161458,51.889786,On or near KESTREL CLOSE,E01023750,Stevenage 009A,Investigation complete; no suspect identified
4fa49f3b4826687b4f6c79264ce6818d68db06623c01240c08ea72eb0dd717ec,2021-07,Hertfordshire Constabulary,Hertfordshire Constabulary,,,No location,,,Investigation complete; no suspect identified
dc04b698ad3cd4435c09ebc89a3d86c7fe7313623f5be5b4d0b6f98b98012222,2021-07,Hertfordshire Constabulary,Hertfordshire Constabulary,-0.471974,51.757770,On or near QUEENSWAY,E01023400,Dacorum 015E,Unable to prosecute suspect
c3a6f6c18ff53ec37dda63d32cad3825dfbd392caaa0df1e127f36f73d3f5359,2021-07,Hertfordshire Constabulary,Hertfordshire Constabulary,-0.051116,51.796641,On or near THE SQUIRRELS,E01023482,East Hertfordshire 016A,Unable to prosecute suspect
f7bc85da94626d550cd6480d302897633caeeafdcd5f52d559a36a144ccf8105,2021-07,Hertfordshire Constabulary,Hertfordshire Constabulary,-0.457448,51.646072,On or near WINDMILL DRIVE,E01023820,Three Rivers 006B,Unable to prosecute suspect
251871645c147fbaa6be544d31646e51330b9cd0513d66896d0fb45b687a36fd,2021-07,Hertfordshire Constabulary,Hertfordshire Constabulary,-0.465873,51.736839,On or near Shopping Area,E01033023,Dacorum 018H,Suspect charged
028b63ddef0d4691a986ade2f3cb7fdd9b7b03a306a4f889b8f4c274caf35363,2021-07,Hertfordshire Constabulary,Hertfordshire Constabulary,-0.029105,51.810527,On or near Parking Area,E01023514,East Hertfordshire 012C,Local resolution
bd1aa158b9ed042fe4f1fc26b95262919b7afb8aa0dc0e14c031090b90621d1b,2021-07,Hertfordshire Constabulary,Hertfordshire Constabulary,-0.315566,51.747126,On or near CELL BARNES LANE,E01023666,St Albans 011A,Investigation complete; no suspect identified
1fd2b79eec1dd8cd76d05f408fdb7097af5bf4e953a0a66930bc37ad3ce8c31a,2021-07,Hertfordshire Constabulary,Hertfordshire Constabulary,-0.018723,51.945235,On or near CHAPEL END,E01023466,East Hertfordshire 001D,Unable to prosecute suspect
a5a905ed5ae6e91c1d835d4fa13bc695a8d9b91c5c72db1849ba5d33dc10d2a8,2021-07,Hertfordshire Constabulary,Hertfordshire Constabulary,-0.406131,51.663568,On or near HERGA COURT,E01023879,Watford 007B,Unable to prosecute suspect
2a2ffe5dbdc3671fa27b93e15b7b18752a4583b29fa7709249738983688074e0,2021-07,Hertfordshire Constabulary,Hertfordshire Constabulary,-0.357449,51.816076,On or near CHURCH GREEN,E01023701,St Albans 003C,Investigation complete; no suspect identified
54f82f80b1eca1c08c87053260f89907070cb291a78e3c0dd869ffdf9fafd911,2021-07,Hertfordshire Constabulary,Hertfordshire Constabulary,-0.474124,51.748572,On or near Park/Open Space,E01023398,Dacorum 015D,Unable to prosecute suspect
3a2a4c9a7b68735754246d474d1d0821f2d72b7b5e27c965b3110a77be14f2d1,2021-07,Hertfordshire Constabulary,Hertfordshire Constabulary,-0.377631,51.664806,On or near MEAD WAY,E01023552,Hertsmere 008A,Unable to prosecute suspect
f0b0e35d0be1765021bf463ff8619afc9d85a897696ad4784f4d9f233b9c5ce3,2021-07,Hertfordshire Constabulary,Hertfordshire Constabulary,-0.298050,51.811517,On or near HIGH MEADS,E01023748,St Albans 004C,Action to be taken by another organisation
0a1e5463b12e2f85e7394740b122cc004a74a875f9256232f0375a30ee7d275b,2021-07,Hertfordshire Constabulary,Hertfordshire Constabulary,-0.566948,51.761970,On or near Supermarket,E01023361,Dacorum 009A,Unable to prosecute suspect
b61ca11b798e588434dad90bc4ede83c4ee1e4231ab4c6af20b9097d3df72610,2021-07,Hertfordshire Constabulary,Hertfordshire Constabulary,-0.195891,51.798116,On or near HOME MEADOW,E01023954,Welwyn Hatfield 007A,Unable to prosecute suspect
7618f71cbe79c4e293112c2f993caa461aec88070e792c3b0427beff3dcb94eb,2021-07,Hertfordshire Constabulary,Hertfordshire Constabulary,-0.192195,51.794093,On or near ROSEMOOR CLOSE,E01023955,Welwyn Hatfield 007B,Unable to prosecute suspect
fedfaf94cbd7a44e3296c12632676767f9b5bc7fb84c2b6112bd30a720b896f9,2021-07,Hertfordshire Constabulary,Hertfordshire Constabulary,-0.405603,51.667895,On or near THE SPINNEY,E01023879,Watford 007B,Suspect charged
943eb5b70e32a997333ccf3d0afab2e803bf2e7e20133241da66b95175f3deb1,2021-07,Hertfordshire Constabulary,Hertfordshire Constabulary,-0.332396,51.758211,On or near STONECROSS,E01023676,St Albans 011D,Local resolution
c5e8280e0ecf985446fd959fc572ca7cd9a946ea7b6977801bb6d80310d45156,2021-07,Hertfordshire Constabulary,Hertfordshire Constabulary,-0.311849,51.745032,On or near OLIVE CLOSE,E01023682,St Albans 016B,Investigation complete; no suspect identified
749ba76da2ef97d47162d96cd63337c05cc55d6e0d6a40fb9c794d15abfe3a83,2021-07,Hertfordshire Constabulary,Hertfordshire Constabulary,-0.339291,51.751564,On or near CHEQUER STREET,E01023727,St Albans 012B,Unable to prosecute suspect
0958998dc62a21283a7ef41466e0039badf17b72141978162fad974eb4f465a4,2021-07,Hertfordshire Constabulary,Hertfordshire Constabulary,-0.349860,51.643539,On or near CHILTERN AVENUE,E01023556,Hertsmere 013E,Investigation complete; no suspect identified
550084b151f6631f3bd8f0257abd350f42210aeaa530cbfb501e2afed86b7a43,2021-07,Hertfordshire Constabulary,Hertfordshire Constabulary,0.000913,51.770607,On or near OGARD ROAD,E01023330,Broxbourne 002D,Unable to prosecute suspect
7573cabbe7e46809821f87f0406a01fb991c6f0d06d414fcf1e75592af864917,2021-07,Hertfordshire Constabulary,Hertfordshire Constabulary,-0.291272,51.668023,On or near WETHERBY ROAD,E01023533,Hertsmere 007E,Investigation complete; no suspect identified
8eff82c4b2313a4d98d8dc660628879a01aca54e5cd432ea003488aafc61d059,2021-07,Hertfordshire Constabulary,Hertfordshire Constabulary,-0.230389,51.748932,On or near COTSWOLDS,E01023937,Welwyn Hatfield 013E,Unable to prosecute suspect
feffeed06e36c9a1329504963c9706274e6b061c354a6363c655f697def9d64f,2021-07,Hertfordshire Constabulary,Hertfordshire Constabulary,-0.499780,51.748543,On or near PIXIES HILL ROAD,E01023384,Dacorum 016B,Unable to prosecute suspect
30275513b2f536c1b2476d3881d0e66645b1f838526473efef4ffea3e28f85be,2021-07,Hertfordshire Constabulary,Hertfordshire Constabulary,-0.341228,51.764729,On or near GRIMTHORPE CLOSE,E01023672,St Albans 009D,Unable to prosecute suspect
ac3c2ec53a2fad0352656c5e475a4944f7ba2869888689e0288d602d2a0a3056,2021-07,Hertfordshire Constabulary,Hertfordshire Constabulary,0.144060,51.800294,On or near Sports/Recreation Area,E01023500,East Hertfordshire 011B,Investigation complete; no suspect identified
7472554f0a9aa867d0424b44d00def624bd512df8d33dd9b124e3dbfb78f529a,2021-07,Hertfordshire Constabulary,Hertfordshire Constabulary,-0.220417,51.776333,On or near Supermarket,E01033311,Welwyn Hatfield 010F,Investigation complete; no suspect identified
55a0684fd4c6e074d46ee5de708b3cda7f1521cd7303df287e94178097b05966,2021-07,Hertfordshire Constabulary,Hertfordshire Constabulary,-0.200733,51.809835,On or near THE VINEYARD,E01023961,Welwyn Hatfield 003C,Unable to prosecute suspect
b21a48ecd4e50650b1bce8d4bd78bc1cd43b438dbf864945f840fe773e2c4842,2021-07,Hertfordshire Constabulary,Hertfordshire Constabulary,-0.224975,51.762887,On or near KENNELWOOD LANE,E01023920,Welwyn Hatfield 012A,Investigation complete; no suspect identified
698719b2e9235c8a8b8f0779531511dcf242bbf51da23453524dee12a6d19db0,2021-07,Hertfordshire Constabulary,Hertfordshire Constabulary,-0.300292,51.754622,On or near OAKWOOD DRIVE,E01023668,St Albans 013D,Local resolution
4122d388a19b6a289caf873ab5e217af2c625f1786e7cd629b9b39330fc5c1a0,2021-07,Hertfordshire Constabulary,Hertfordshire Constabulary,-0.422678,51.651329,On or near PRINTERS AVENUE,E01023867,Watford 011E,Unable to prosecute suspect
00f8cd7d6392ac02a4ce8eb304de44b5ee0311e6129e52304b3840d5996028fb,2021-07,Hertfordshire Constabulary,Hertfordshire Constabulary,-0.200803,51.888902,On or near Pedestrian Subway,E01023786,Stevenage 011D,Unable to prosecute suspect
987c6031357e795f7f622cf8707aeba53e71a2def0a4502ca9e77cbff7b3a8f4,2021-07,Hertfordshire Constabulary,Hertfordshire Constabulary,-0.342282,51.730017,On or near WATLING STREET,E01023718,St Albans 019A,Investigation complete; no suspect identified
0a2767ca741d83a1559c441c4378217bd01c082579c0d029c0eb927124dc79eb,2021-07,Hertfordshire Constabulary,Hertfordshire Constabulary,-0.341228,51.764729,On or near GRIMTHORPE CLOSE,E01023672,St Albans 009D,Investigation complete; no suspect identified
41b73c8faeaedf50562c9e5e50c4a1a40b42e70a93bb3714fa294fe1a64299a2,2021-07,Hertfordshire Constabulary,Hertfordshire Constabulary,-0.241235,51.763599,On or near Supermarket,E01033308,Welwyn Hatfield 010E,Unable to prosecute suspect
0f9952887d40d6cc6fd71bb27c784d14f970e7236b49d6efc3777fb7c1249a87,2021-07,Hertfordshire Constabulary,Hertfordshire Constabulary,-0.389951,51.679470,On or near Supermarket,E01023896,Watford 005B,Suspect charged
6bdc9f15630afb89a9e1d1f7c3877cda4581af960fb87736076ec055cd861e12,2021-07,Hertfordshire Constabulary,Hertfordshire Constabulary,-0.291699,51.807604,On or near SAXON ROAD,E01023747,St Albans 004B,Unable to prosecute suspect
2cd7ffb876d021d16ac1a9844c347c87f6f233ff18b04bbb649eb50303561da6,2021-07,Hertfordshire Constabulary,Hertfordshire Constabulary,-0.454850,51.758544,On or near GREAT ROAD,E01023351,Dacorum 015C,Suspect charged
edf6480f12dc3c58fcd388040e36202d7d7a6ce6d10f13c3e36a552556c4be82,2021-07,Hertfordshire Constabulary,Hertfordshire Constabulary,-0.015263,51.799683,On or near YEARLING CLOSE,E01023468,East Hertfordshire 018A,Unable to prosecute suspect
d1dacef8c2d591e5345b247761b311e58eace9937dbc7b586585ef7c0e50b93b,2021-07,Hertfordshire Constabulary,Hertfordshire Constabulary,-0.435773,51.650119,On or near Petrol Station,E01023825,Three Rivers 006E,Investigation complete; no suspect identified
bef8721f0597c43b3629c8e6e25dce36dc3e7e31514ce3a02dda0cde8ad020f8,2021-07,Hertfordshire Constabulary,Hertfordshire Constabulary,-0.238239,51.978344,On or near SPRING ROAD,E01023649,North Hertfordshire 007A,Unable to prosecute suspect
dd9e98f8a5ecaf0f70ac12e10f1bf31ad0c4870eccaef35476ed6cf02e6a738b,2021-07,Hertfordshire Constabulary,Hertfordshire Constabulary,0.156440,51.866980,On or near MIDDLE ROW,E01023446,East Hertfordshire 007D,Unable to prosecute suspect
bd976bb2ba660f419de9cd4b24cf5e66d833f3032e9034624f3951c7d5c2e194,2021-07,Hertfordshire Constabulary,Hertfordshire Constabulary,-0.349176,51.757386,On or near WELLS CLOSE,E01023669,St Albans 009A,Suspect charged
2accbb948706b228a58364bd2e867a1710f384d7888f0d8c699c73ce7a59e2c9,2021-07,Hertfordshire Constabulary,Hertfordshire Constabulary,-0.204608,51.899535,On or near Police Station,E01023758,Stevenage 008D,Suspect charged
994efddccf5886fa34fabe4b306cf4ec94818d69b39c72ebc322778776d60aac,2021-07,Hertfordshire Constabulary,Hertfordshire Constabulary,-0.198592,51.892951,On or near Shopping Area,E01023786,Stevenage 011D,Investigation complete; no suspect identified
bd17a9f0e67bac63acc1188ac25d68a70e4eba624c39148b4e28017e6eb92713,2021-07,Hertfordshire Constabulary,Hertfordshire Constabulary,-0.225427,51.687369,On or near BIGNELLS CORNER,E01023584,Hertsmere 004D,Investigation complete; no suspect identified
f5249d8c1a0c07f7c4385c0622e8ef2bf138d493d222732cd6f862d963490276,2021-07,Hertfordshire Constabulary,Hertfordshire Constabulary,-0.212331,51.761967,On or near FORE STREET,E01023925,Welwyn Hatfield 011B,Investigation complete; no suspect identified
1cc617392811beb0288b09059610ae40d29a3a4a5d79a65a3b658bfe945713fc,2021-07,Hertfordshire Constabulary,Hertfordshire Constabulary,-0.208844,51.700659,On or near LEXINGTON COURT,E01023570,Hertsmere 002D,Unable to prosecute suspect
111db1b7a53a3aa5e8679641fe03aa5ec7660f79e68789f93b7ab1f48894d916,2021-07,Hertfordshire Constabulary,Hertfordshire Constabulary,-0.402521,51.654383,On or near ADDISCOMBE ROAD,E01023899,Watford 010A,Unable to prosecute suspect
e311bea38872d30a7d5720ea1d88a7c48b99d515c83e6fc72c3db7491d6cb7cb,2021-07,Hertfordshire Constabulary,Hertfordshire Constabulary,-0.008800,51.871602,On or near RIGERY LANE,E01023507,East Hertfordshire 006C,Suspect charged
3834438b71afe2adefaf9d0246a68a8b72ac085aaf6bb7479cc37ab97501d1da,2021-07,Hertfordshire Constabulary,Hertfordshire Constabulary,-0.308042,51.749986,On or near HEDLEY ROAD,E01023667,St Albans 013C,Investigation complete; no suspect identified
e1d81cd6fdcaf5efe4dae1111788e926e84bd437d8d80a9a8f427f47bd3e975b,2021-07,Hertfordshire Constabulary,Hertfordshire Constabulary,-0.009564,51.764733,On or near ROMAN STREET,E01023322,Broxbourne 003C,Unable to prosecute suspect
fd90f1c7565007e5285c5824532bd0167e9acea1dc4245e90c647a018e8cdafb,2021-07,Hertfordshire Constabulary,Hertfordshire Constabulary,-0.030704,52.057269,On or near MINSTER ROAD,E01023656,North Hertfordshire 002C,Unable to prosecute suspect
6ea9d08728c3adb2188df30760d9febcda191be7d9bdbe29fd71632d41a12d43,2021-07,Hertfordshire Constabulary,Hertfordshire Constabulary,-0.446199,51.720979,On or near RAILWAY TERRACE,E01023808,Three Rivers 001E,Investigation complete; no suspect identified
c818ebe5a33b0439144756c5557683af509b39653c12fe3e5233b128556d4f82,2021-07,Hertfordshire Constabulary,Hertfordshire Constabulary,-0.312788,51.751708,On or near Petrol Station,E01023674,St Albans 011B,Unable to prosecute suspect
41173d8af3f32a3945315e786704f760527de0f6b4a8d3e7a5806709b17a150e,2021-07,Hertfordshire Constabulary,Hertfordshire Constabulary,-0.395376,51.645896,On or near WIGGENHALL ROAD,E01023883,Watford 012B,Unable to prosecute suspect
71583639fda5fc511cbad454f9b5d298a16629be9fd826d0cfeca1e04699144f,2021-07,Hertfordshire Constabulary,Hertfordshire Constabulary,0.140602,51.876657,On or near Sports/Recreation Area,E01023453,East Hertfordshire 003B,Unable to prosecute suspect
2fae46b33693474d9e247ac5b30d207c7d803a52107350810c264a31cb2871c5,2021-07,Hertfordshire Constabulary,Hertfordshire Constabulary,-0.454344,51.733459,On or near Supermarket,E01023414,Dacorum 020E,Unable to prosecute suspect
2c5d8401b8db9f597abaf1cc2d2e531b42cde9e938236c8b91afe1c66091c9ae,2021-07,Hertfordshire Constabulary,Hertfordshire Constabulary,-0.464541,51.838455,On or near GRANGE CLOSE,E01023433,Dacorum 001D,Unable to prosecute suspect
9817fc42e6b56e5dddb0fa0e46e11300bcb1c601c06320a91a2960aaebcc6f28,2021-07,Hertfordshire Constabulary,Hertfordshire Constabulary,-0.276548,51.951018,On or near BANCROFT,E01023616,North Hertfordshire 012F,Investigation complete; no suspect identified
0dfa9609eecfeda8e48269f55e2fa84de79476f3f591ee12a26d7ca703c11ce9,2021-07,Hertfordshire Constabulary,Hertfordshire Constabulary,-0.010470,51.769181,On or near THURGOOD ROAD,E01023327,Broxbourne 002A,Investigation complete; no suspect identified
65f66a86d25e397ae5dd81f132a6201f298840bf9eadf4730aa96cfa285ddff1,2021-07,Hertfordshire Constabulary,Hertfordshire Constabulary,-0.471974,51.757770,On or near QUEENSWAY,E01023400,Dacorum 015E,Suspect charged
80250ef914e7dceadd29bc700f8ea256e88a1238fbb847754e425c35232af3a1,2021-07,Hertfordshire Constabulary,Hertfordshire Constabulary,-0.236706,51.743713,On or near REDHALL DRIVE,E01023932,Welwyn Hatfield 013A,Unable to prosecute suspect
9e1fa09cdac5362a917e9dd03484b601f7a7a76b53ebcbd584e569170b1a8a75,2021-07,Hertfordshire Constabulary,Hertfordshire Constabulary,-0.176527,51.702509,On or near THE HIGHLANDS,E01023580,Hertsmere 001E,Investigation complete; no suspect identified
9ff4451646496fad3ea4c83d9b3f40c3c5b217e8ae2344b84f417f845a05298a,2021-07,Hertfordshire Constabulary,Hertfordshire Constabulary,-0.228927,51.980029,On or near Parking Area,E01023644,North Hertfordshire 008A,Investigation complete; no suspect identified
327e36de1e21d104c482c3c6b3d0270e3049111215ef20bb7ccd2dbf3fa3a287,2021-07,Hertfordshire Constabulary,Hertfordshire Constabulary,-0.385430,51.693948,On or near ST ALBANS ROAD,E01023905,Watford 001B,Suspect charged
3b22ddcea71bb22ac08ed7d7d1eb498ee37cb23e8583c5989a89a816d4157cce,2021-07,Hertfordshire Constabulary,Hertfordshire Constabulary,-0.302740,51.756177,On or near HAZELWOOD DRIVE,E01023668,St Albans 013D,Investigation complete; no suspect identified
40e2c26a26dd8b748b379799aded08898a03b46e20a1dd7cad86f7f7f558cca6,2021-07,Hertfordshire Constabulary,Hertfordshire Constabulary,-0.355193,51.745727,On or near THE RAMPARTS,E01023743,St Albans 014B,Suspect charged
7b19102c5416cbe70e8dedcec9f303fdc72966c2e6d61396b832d6d772ff2f05,2021-07,Hertfordshire Constabulary,Hertfordshire Constabulary,-0.181573,51.908092,On or near Pedestrian Subway,E01023781,Stevenage 006D,Unable to prosecute suspect
0dffdf51bb295edba41e3bfe2637b474008bb5f819fd6a10aa3644f6dc75913f,2021-07,Hertfordshire Constabulary,Hertfordshire Constabulary,-0.350999,51.716894,On or near WITHY PLACE,E01023719,St Albans 019B,Unable to prosecute suspect
bd976bb2ba660f419de9cd4b24cf5e66d833f3032e9034624f3951c7d5c2e194,2021-07,Hertfordshire Constabulary,Hertfordshire Constabulary,-0.349176,51.757386,On or near WELLS CLOSE,E01023669,St Albans 009A,Suspect charged
443d8c6af2a62ca42008015054e806c664e455bfad2d02c4331c7f50b7479b72,2021-07,Hertfordshire Constabulary,Hertfordshire Constabulary,-0.396503,51.669246,On or near HATFIELD ROAD,E01023855,Watford 006A,Unable to prosecute suspect
e9696ddabef7a5090bad99043bde5c16ae83e1678bcf5c96e80f035a52ca0a64,2021-07,Hertfordshire Constabulary,Hertfordshire Constabulary,-0.085431,51.787341,On or near HORNS CLOSE,E01023475,East Hertfordshire 017A,Unable to prosecute suspect
537b00054585d92ae0377398b31c46845acf4ded36aee3788d27ad86a3ae0823,2021-07,Hertfordshire Constabulary,Hertfordshire Constabulary,-0.308240,51.663997,On or near Sports/Recreation Area,E01023524,Hertsmere 005B,Unable to prosecute suspect
774d908c04e0a84f040c6ac4e2fe211a38e902200a19bc8a749d0f10da264eb1,2021-07,Hertfordshire Constabulary,Hertfordshire Constabulary,-0.200465,51.922095,On or near MATHEWS CLOSE,E01023799,Stevenage 002D,Suspect charged
9bbd74639415602eb6e189ca9d8a02d4ff7032b3759e85c74ec42819dd6f1496,2021-07,Hertfordshire Constabulary,Hertfordshire Constabulary,-0.267704,51.664135,On or near EDULF ROAD,E01023537,Hertsmere 006D,Offender given a caution
cd0b0e8eed1ada1168db36a45a586142da07f9f3fe1a52dab7ed2b772ed5c5f7,2021-07,Hertfordshire Constabulary,Hertfordshire Constabulary,-0.481537,51.750844,On or near THE CORNFIELDS,E01023380,Dacorum 018D,Action to be taken by another organisation
b5d38a93216ce2aed6d4d5846de4bc5cc1d4e1aa7ba139ccd81dab36ae721e64,2021-07,Hertfordshire Constabulary,Hertfordshire Constabulary,-0.008664,51.770050,On or near HIGHBURY AVENUE,E01023329,Broxbourne 002C,Further action is not in the public interest
ba7b7e51b60a7a2e74c78ae624be6bfe78a537a70813a45034915d7796f5a78a,2021-07,Hertfordshire Constabulary,Hertfordshire Constabulary,-0.186880,51.888212,On or near Petrol Station,E01023786,Stevenage 011D,Investigation complete; no suspect identified
a76fd561d70e540c4de8157370c8fb4f78273e21be93d4fb1ccb41bc951bd69a,2021-07,Hertfordshire Constabulary,Hertfordshire Constabulary,-0.199926,51.891209,On or near Park/Open Space,E01023786,Stevenage 011D,Investigation complete; no suspect identified
07aa244f7e7cf04974aadb3685ed3d0a45b2464b911f7e8af76fa030bb8c735d,2021-07,Hertfordshire Constabulary,Hertfordshire Constabulary,-0.269599,51.940648,On or near Petrol Station,E01023606,North Hertfordshire 013A,Investigation complete; no suspect identified
4c2d8710d18383d9fd1b3fde93e4ce7cf0f6642ce97bac0e55a1dc901e71a770,2021-07,Hertfordshire Constabulary,Hertfordshire Constabulary,-0.158658,51.891091,On or near LAPWING RISE,E01023750,Stevenage 009A,Unable to prosecute suspect
668750d4cc2f80c67156bf891b7d91ee9c2f372708877a33ce5f5b654270619c,2021-07,Hertfordshire Constabulary,Hertfordshire Constabulary,-0.250285,51.953202,On or near BENCHLEY HILL,E01023620,North Hertfordshire 011D,Unable to prosecute suspect
b96de1c5089088e61c3324c3b19f37d0b8704559391c6c0d9e944ae2df5d05b1,2021-07,Hertfordshire Constabulary,Hertfordshire Constabulary,-0.237817,51.765040,On or near GOLDSMITH WAY,E01033308,Welwyn Hatfield 010E,Suspect charged
c538e600f9f3b8301989cb6e91e6a2eeb7f4d1292fb05ffdd89925bce2d461fe,2021-07,Hertfordshire Constabulary,Hertfordshire Constabulary,-0.170387,51.878533,On or near HOLLY LEYS,E01023766,Stevenage 012D,Action to be taken by another organisation
27c29a3cfe148ce70546793b663fc2ec4bceec46677a0633b3e6aeae54b27ada,2021-07,Hertfordshire Constabulary,Hertfordshire Constabulary,-0.426685,51.647894,On or near HATTERS LANE,E01023866,Watford 011D,Unable to prosecute suspect
5c1fa0aafd9cb508c947b1225a014c73ac2de072561d423d66de68bd6969a151,2021-07,Hertfordshire Constabulary,Hertfordshire Constabulary,-0.339165,51.753028,On or near WADDINGTON ROAD,E01023727,St Albans 012B,Investigation complete; no suspect identified
8fc7c3fea8f02df16d1b238a951abbdf3c20cd40017860b95061c93d1661eec7,2021-07,Hertfordshire Constabulary,Hertfordshire Constabulary,-0.233674,51.748289,On or near HIGH VIEW,E01023937,Welwyn Hatfield 013E,Investigation complete; no suspect identified
8baf5ce943d7e9d3434beef98f6dad31ae64b6eae6f3bffcb2f2adcf75403b7c,2021-07,Hertfordshire Constabulary,Hertfordshire Constabulary,-0.173636,51.698130,On or near Parking Area,E01023572,Hertsmere 003B,Investigation complete; no suspect identified
8d8cb5d47f28111a9deef0aa6f9fa3f7888a31a3f4ab879f2255cdb719026e99,2021-07,Hertfordshire Constabulary,Hertfordshire Constabulary,-0.389105,51.653993,On or near WATER LANE,E01023860,Watford 009B,Unable to prosecute suspect
69a1dba870b4bfe9bd9498760e457c6f66ec94f16332fe4ca16d67d6a211dbbf,2021-07,Hertfordshire Constabulary,Hertfordshire Constabulary,-0.185923,51.703158,On or near INGLEFIELD,E01023578,Hertsmere 001C,Unable to prosecute suspect
0dddb1065185701750b40e9f295b3872b9ce79f4948c558739e0c3d49bcfc076,2021-07,Hertfordshire Constabulary,Hertfordshire Constabulary,-0.212698,51.910682,On or near JONES CLOSE,E01023776,Stevenage 002A,Investigation complete; no suspect identified
b11880f800198172861eae15d97330f6184b09507bc035d5ca59f068e478475e,2021-07,Hertfordshire Constabulary,Hertfordshire Constabulary,-0.192512,51.697963,On or near Supermarket,E01023579,Hertsmere 001D,Investigation complete; no suspect identified
a2f4402f8023be14a8f34508d5fcfa321280bf0058a94f86306749a300d5c258,2021-07,Hertfordshire Constabulary,Hertfordshire Constabulary,-0.333374,51.758009,On or near AVENUE ROAD,E01023716,St Albans 010D,Suspect charged
233b4147fa74e4070845943be95c59393bffc093f21930dc4a942696f8f131af,2021-07,Hertfordshire Constabulary,Hertfordshire Constabulary,0.011317,51.789133,On or near CHAPELFIELDS,E01023504,East Hertfordshire 018E,Unable to prosecute suspect
ec6daa0a309e2f85ddd3c54714ca8b5d44b23f28b14f585a4880de78234f1086,2021-07,Hertfordshire Constabulary,Hertfordshire Constabulary,-0.274374,51.656815,On or near Supermarket,E01023530,Hertsmere 007B,Unable to prosecute suspect
bd651a64a07b5978523d46ff57443b842b91592198f3d952d58fcd7cc6e958e5,2021-07,Hertfordshire Constabulary,Hertfordshire Constabulary,-0.454348,51.772826,On or near CRAIGAVON ROAD,E01023393,Dacorum 007A,Unable to prosecute suspect
7523191ac9511beef8696a43b5f46e7613d4f2f7f16475ca43f6da422670aa52,2021-07,Hertfordshire Constabulary,Hertfordshire Constabulary,0.145036,51.862377,On or near THE COPPICE,E01023443,East Hertfordshire 007A,Investigation complete; no suspect identified
c980ebddb453207cfd9dc6c28417a745c2202b7145e11ad28ee6c73c856aac81,2021-07,Hertfordshire Constabulary,Hertfordshire Constabulary,-0.063165,51.717798,On or near Parking Area,E01023324,Broxbourne 009B,Investigation complete; no suspect identified
91cb4712f73d00ba127a7eafe4d609436a86d68919d2ddc191b0edba827e6649,2021-07,Hertfordshire Constabulary,Hertfordshire Constabulary,-0.377819,51.646168,On or near BRICK KILN CLOSE,E01023884,Watford 012C,Unable to prosecute suspect
86d0391a1cae0737b116b222588888997b86c546f53058d1b59130d26f1904ff,2021-07,Hertfordshire Constabulary,Hertfordshire Constabulary,-0.021600,51.726772,On or near JUNIPER CLOSE,E01023343,Broxbourne 005D,Unable to prosecute suspect
cfe8fdb230b6ec6fe646065f85138ddebf06a3cdd593b3f369de8c364676056a,2021-07,Hertfordshire Constabulary,Hertfordshire Constabulary,-0.178859,51.924136,On or near Pedestrian Subway,E01023790,Stevenage 001D,Investigation complete; no suspect identified
615916f26cd9f8369df3a884290bd2d59232ba49f70446db6ffb872e1c5f9a72,2021-07,Hertfordshire Constabulary,Hertfordshire Constabulary,-0.300543,51.779947,On or near ST LEONARDS CRESCENT,E01023736,St Albans 007D,Unable to prosecute suspect
8b4df9a3c7cf26515fa57bac05bc3ce169909a503f15026919d16f8f0797d21f,2021-07,Hertfordshire Constabulary,Hertfordshire Constabulary,-0.191161,51.696270,On or near Parking Area,E01023577,Hertsmere 001B,Investigation complete; no suspect identified
27b564120aa59275213edcf55c0442270e93a76d1785cf9765c0e8ec3fe99338,2021-07,Hertfordshire Constabulary,Hertfordshire Constabulary,-0.030124,51.815094,On or near GOLDSTONE CLOSE,E01023519,East Hertfordshire 012E,Unable to prosecute suspect
82afb81c15ee4839c3bbbbb0f91b243c46a724e9e6da0c2b47b24e11eeab839c,2021-07,Hertfordshire Constabulary,Hertfordshire Constabulary,-0.082001,51.798129,On or near COWBRIDGE,E01023470,East Hertfordshire 014A,Unable to prosecute suspect
81a7bd5c6a3799e877aadc4c712a0a4c97105fd94784a759c89115f51719abcb,2021-07,Hertfordshire Constabulary,Hertfordshire Constabulary,-0.205363,51.904294,On or near Petrol Station,E01023758,Stevenage 008D,Unable to prosecute suspect
dacd3ed1db6208bc01b369419e2a20ab5037e837206dff9ea2b5133acf64ae85,2021-07,Hertfordshire Constabulary,Hertfordshire Constabulary,-0.197168,51.797740,On or near PEARTREE CLOSE,E01023954,Welwyn Hatfield 007A,Unable to prosecute suspect
e40b8909301dd842cc335b826bb6c35eb4800f1b69aa1a9c98fefc58ed8f21e2,2021-07,Hertfordshire Constabulary,Hertfordshire Constabulary,-0.292257,51.721019,On or near ROBINS CLOSE,E01023708,St Albans 018E,Offender given a caution
ee9d9d8d391018323020720cd29e86b2da7972d41fe1935c5bbc4b728841bffb,2021-07,Hertfordshire Constabulary,Hertfordshire Constabulary,-0.366544,51.710925,On or near GARNETT DRIVE,E01023732,St Albans 020D,Unable to prosecute suspect
1805567dca6cb3219ca50262a970eb0a25839c9acf94e9c15a9f5896245f812d,2021-07,Hertfordshire Constabulary,Hertfordshire Constabulary,-0.387380,51.674489,On or near BUSHEY MILL LANE,E01023896,Watford 005B,Investigation complete; no suspect identified
ec6daa0a309e2f85ddd3c54714ca8b5d44b23f28b14f585a4880de78234f1086,2021-07,Hertfordshire Constabulary,Hertfordshire Constabulary,-0.274374,51.656815,On or near Supermarket,E01023530,Hertsmere 007B,Unable to prosecute suspect
8a7421e8b4f43dceb2bb054b582260644d9b22db1f7137e379ef6b0cb9c0a7b6,2021-07,Hertfordshire Constabulary,Hertfordshire Constabulary,-0.453979,51.750539,On or near WHITE HART DRIVE,E01023349,Dacorum 015A,Formal action is not in the public interest
25547fae2d1c952720c307cbccb11f5cee5382cc0937c3d5a883e6fbebb69e00,2021-07,Hertfordshire Constabulary,Hertfordshire Constabulary,-0.307466,51.803740,On or near DOWN GREEN LANE,E01023749,St Albans 004D,Investigation complete; no suspect identified
2577034ac8f9a7cf82a8217f11fb8edf6648dace936ab9f30a9e9bcb45d063a2,2021-07,Hertfordshire Constabulary,Hertfordshire Constabulary,-0.276557,51.655669,On or near KEYSTONE PASSAGE,E01023530,Hertsmere 007B,Investigation complete; no suspect identified
6884d8535e7a4e55acbfe47c519b966cbd233d3ae20a44aab6beee5b8e948e1c,2021-07,Hertfordshire Constabulary,Hertfordshire Constabulary,0.006447,51.767940,On or near COLTHURST GARDENS,E01023330,Broxbourne 002D,Unable to prosecute suspect
baae1abe803c7e4a86d2b0508f9c243377726ad7e63e16309d46b65415617ffb,2021-07,Hertfordshire Constabulary,Hertfordshire Constabulary,-0.008212,51.765825,On or near BURFORD GARDENS,E01023331,Broxbourne 002E,Unable to prosecute suspect
07f0a5de3aea5ecf56484ace5090462c5bdb4c16609a291c74cd63b627896a9d,2021-07,Hertfordshire Constabulary,Hertfordshire Constabulary,-0.198592,51.892951,On or near Shopping Area,E01023786,Stevenage 011D,Investigation complete; no suspect identified
f7229a16ff3fa26e9615666d5ab25aa0f4a55f6c9cabffdba030033658a303c3,2021-07,Hertfordshire Constabulary,Hertfordshire Constabulary,-0.464584,51.764193,On or near PASTON ROAD,E01023405,Dacorum 008E,Unable to prosecute suspect
bdb9d3d7b379bbbf8976eccb71467cc565eb3fc1293835d9d8651c949023e6c6,2021-07,Hertfordshire Constabulary,Hertfordshire Constabulary,-0.210254,51.815213,On or near CORN MEAD,E01023962,Welwyn Hatfield 003D,Unable to prosecute suspect
4087ac8773d5ca1c26463a767689aa15d39988af1e98c61ce3ee6c6a0f5d7d01,2021-07,Hertfordshire Constabulary,Hertfordshire Constabulary,-0.491871,51.755923,On or near Petrol Station,E01023429,Dacorum 011D,Investigation complete; no suspect identified
d408b32ef94a0f002ab206e2b42a39f2b9f83af24bcced1b01e09b8bdf0b496a,2021-07,Hertfordshire Constabulary,Hertfordshire Constabulary,0.166622,51.872107,On or near KINGS COURT,E01023451,East Hertfordshire 004C,Investigation complete; no suspect identified
254528c9ca2a0573fea37d20f61b763b9bd6634a6a733b2e122d6c46d00d82a8,2021-07,Hertfordshire Constabulary,Hertfordshire Constabulary,-0.172077,51.913511,On or near HUDSON ROAD,E01023769,Stevenage 004C,Unable to prosecute suspect
e9d31cce74d81ff6d99323fffc43fc127b3094944784f6813c2fd4cb44517d0a,2021-07,Hertfordshire Constabulary,Hertfordshire Constabulary,-0.029339,51.693990,On or near NORTHFIELD ROAD,E01023335,Broxbourne 012D,Investigation complete; no suspect identified
b23a91eddfdbcdda260b1a2271813dd55df8c4081c3170e6602dfa6315ffec3a,2021-07,Hertfordshire Constabulary,Hertfordshire Constabulary,-0.201702,51.807359,On or near GRESLEY CLOSE,E01023959,Welwyn Hatfield 003A,Investigation complete; no suspect identified
c61f8ae85a44b951298b86e6941a87ffb700c44ad38e0477e0c6a2e9613d9ebe,2021-07,Hertfordshire Constabulary,Hertfordshire Constabulary,-0.367827,51.709477,On or near HYBURN CLOSE,E01023733,St Albans 020E,Investigation complete; no suspect identified
bc4aaa52198e64f9f9e991a1e276d08fdbd81d28161735472a000cd5abf8b3ad,2021-07,Hertfordshire Constabulary,Hertfordshire Constabulary,-0.470828,51.753952,On or near Supermarket,E01023398,Dacorum 015D,Suspect charged
eb90ebae65a29d787d2ed1f3b1c51b1aaacf8934a9ea74b70c55dafbc54a6b0d,2021-07,Hertfordshire Constabulary,Hertfordshire Constabulary,-0.018794,51.748559,On or near HIGH ROAD,E01023290,Broxbourne 004B,Investigation complete; no suspect identified
3af2a61b185e4dd8de43ad6cd6b556aa0538013847075604a42dd64c0db296d0,2021-07,Hertfordshire Constabulary,Hertfordshire Constabulary,-0.414784,51.651366,On or near HAGDEN LANE,E01023863,Watford 011A,Unable to prosecute suspect
c24342fbf87a010f055835f02890285c13ee2a369f8b4f500fd0d0674f350474,2021-07,Hertfordshire Constabulary,Hertfordshire Constabulary,0.147480,51.866128,On or near WENTWORTH DRIVE,E01023455,East Hertfordshire 003D,Unable to prosecute suspect
50d73bb291397a28b9a0310050a446ec3dcfce9e3245bfd2b740d87bf78d0625,2021-07,Hertfordshire Constabulary,Hertfordshire Constabulary,-0.068703,51.798784,On or near DAVIES STREET,E01023477,East Hertfordshire 017C,Unable to prosecute suspect
333c2078ce3212c4a9fd5c49fdbbb05e5dfd823c85fd2cad9d4b3c461a0d51cd,2021-07,Hertfordshire Constabulary,Hertfordshire Constabulary,-0.396197,51.655385,On or near MARKET PLACE,E01023860,Watford 009B,Investigation complete; no suspect identified
69a1dba870b4bfe9bd9498760e457c6f66ec94f16332fe4ca16d67d6a211dbbf,2021-07,Hertfordshire Constabulary,Hertfordshire Constabulary,-0.185923,51.703158,On or near INGLEFIELD,E01023578,Hertsmere 001C,Unable to prosecute suspect
6b8ee07cf3491729cba34df4ea923f42de5245531424b795a920696d20458154,2021-07,Hertfordshire Constabulary,Hertfordshire Constabulary,-0.178681,51.921715,On or near CHESTER ROAD,E01023789,Stevenage 001C,Investigation complete; no suspect identified
b4a0eaee74389a9c9acac3792b6624773dfa042d124e450870e5f031f407c7e9,2021-07,Hertfordshire Constabulary,Hertfordshire Constabulary,0.166524,51.868872,On or near Further/Higher Educational Building,E01023441,East Hertfordshire 005D,Unable to prosecute suspect
7bc7baac8dbd43ddb0cb69f9260c57c8abc9c596b0b54dfbb23fea599070830a,2021-07,Hertfordshire Constabulary,Hertfordshire Constabulary,0.131404,51.800416,On or near HAMPTON GARDENS,E01023500,East Hertfordshire 011B,Unable to prosecute suspect
3c2d0dd2bf737e2f308eb08031ba72478d206ac8ba95104442b37c165f933d54,2021-07,Hertfordshire Constabulary,Hertfordshire Constabulary,-0.342282,51.730017,On or near WATLING STREET,E01023718,St Albans 019A,Investigation complete; no suspect identified
97b0cdc0eb12d4e6714b6eafbefdd6aaf530d7e7616a9494f5f436cc50b18f0a,2021-07,Hertfordshire Constabulary,Hertfordshire Constabulary,0.159079,51.872048,On or near BARRETT LANE,E01023449,East Hertfordshire 004A,Suspect charged
d2e7a572b284db1111ea1d13b0d3185f754f31d2eff5add9e3d9b64a45e26a27,2021-07,Hertfordshire Constabulary,Hertfordshire Constabulary,-0.563289,51.760378,On or near Supermarket,E01023361,Dacorum 009A,Investigation complete; no suspect identified
a7e58282f7c429e564715f4f8fc0e0c5baf72866cc6015213dbabc5a5be794d1,2021-07,Hertfordshire Constabulary,Hertfordshire Constabulary,-0.375960,51.665844,On or near Sports/Recreation Area,E01023552,Hertsmere 008A,Investigation complete; no suspect identified
6a20036df990b786073488b5f04ac24e1ef70046892f8484f61495c5c304a43e,2021-07,Hertfordshire Constabulary,Hertfordshire Constabulary,-0.274017,51.672285,On or near STANBOROUGH CLOSE,E01023534,Hertsmere 006A,Unable to prosecute suspect
06cca5abc3de4f74b6ce8e1c3aab274a0c83be4e3b4a81b2f6e329903849c6ee,2021-07,Hertfordshire Constabulary,Hertfordshire Constabulary,-0.023387,51.703404,On or near Parking Area,E01023299,Broxbourne 010C,Investigation complete; no suspect identified
95984d89b6f8cd7a6b1de40cc6560bceab3af06b3c3d92897869e34d72ef6b92,2021-07,Hertfordshire Constabulary,Hertfordshire Constabulary,-0.353193,51.717447,On or near BIRCHWOOD WAY,E01023719,St Albans 019B,Unable to prosecute suspect
4c0625504ffa5e726b83bdbd2b209db064f2d2d9d1a31ef76926bdde962ae07f,2021-07,Hertfordshire Constabulary,Hertfordshire Constabulary,-0.338330,51.750912,On or near WESTBOURNE MEWS,E01023727,St Albans 012B,Suspect charged
0722ad8b91399bbbcf3ec2b7425455f525ee6daddb3c61e857c23d8c13c1d574,2021-07,Hertfordshire Constabulary,Hertfordshire Constabulary,-0.480562,51.772988,On or near MILL CLOSE,E01023399,Dacorum 010C,Unable to prosecute suspect
541e71a696df139f19bff844034b07d8c3c3a89c8260e8c182a3f74e9d490871,2021-07,Hertfordshire Constabulary,Hertfordshire Constabulary,-0.378245,51.709145,On or near OLD WATFORD ROAD,E01023732,St Albans 020D,Investigation complete; no suspect identified
5064bfa57df340cbb4f41e1738ed3640f3684cdfd1d57ea75c1a07b89a51818a,2021-07,Hertfordshire Constabulary,Hertfordshire Constabulary,-0.363025,51.645198,On or near BOURNEHALL ROAD,E01023563,Hertsmere 012F,Suspect charged
0e65df5dae2f9c8193adfedf82b0be3748575bfb528478ab01b74992ed47be7b,2021-07,Hertfordshire Constabulary,Hertfordshire Constabulary,-0.359823,51.819427,On or near Petrol Station,E01023699,St Albans 003A,Investigation complete; no suspect identified
0b3656073f3f4209faf0a31367a03cb83dc018d1330a2a50d96a8ca06dcaadd0,2021-07,Hertfordshire Constabulary,Hertfordshire Constabulary,-0.240396,51.983123,On or near BEDFORD ROAD,E01023652,North Hertfordshire 007D,Unable to prosecute suspect
142805eb82de878f368fc5abb7af7f02acf099a79ed055ea028820fce58892cb,2021-07,Hertfordshire Constabulary,Hertfordshire Constabulary,-0.026433,51.808585,On or near WICKHAMS WHARF,E01023511,East Hertfordshire 013B,Offender given a caution
9da7a7f2d6db40b94e108ae506642bc1b21822e3890c15fe6ca0dd1fa30cfb34,2021-07,Hertfordshire Constabulary,Hertfordshire Constabulary,-0.034606,51.701659,On or near TURNER'S HILL,E01023334,Broxbourne 012C,Offender given a caution
1245cde373cd9af39e813f7e77702c1c03c5880079048906349846ad890048a4,2021-07,Hertfordshire Constabulary,Hertfordshire Constabulary,-0.011724,51.766694,On or near Petrol Station,E01023327,Broxbourne 002A,Investigation complete; no suspect identified
3d502ec1cab8d2c182ce1756e37c4c8a1479bc58938bdfa5b43beba8c29a9bc6,2021-07,Hertfordshire Constabulary,Hertfordshire Constabulary,-0.450792,51.776367,On or near THE GLEN,E01023395,Dacorum 007C,Unable to prosecute suspect
3fa1d86dcffad2e721dde6cade400c8f5336954a8fb60101d171264f268ac7d5,2021-07,Hertfordshire Constabulary,Hertfordshire Constabulary,-0.254712,51.949357,On or near HARDY CLOSE,E01023621,North Hertfordshire 011E,Suspect charged
9f547fc50d5aa75c82fe09ec15a9e6e80869c4ed1a182a1602e47cabf13d9ddc,2021-07,Hertfordshire Constabulary,Hertfordshire Constabulary,-0.468619,51.741280,On or near ORAM PLACE,E01033023,Dacorum 018H,Investigation complete; no suspect identified
371990d505069150509dd06c58d966ac1a9e82cb59ddeca30009ec8c71e1b45c,2021-07,Hertfordshire Constabulary,Hertfordshire Constabulary,,,No location,,,Unable to prosecute suspect
bf96d7a80516bfa71182fd6433e86db00332a2fd38d23da6475df7c57c8973de,2021-07,Hertfordshire Constabulary,Hertfordshire Constabulary,-0.447163,51.714392,On or near WILLOW EDGE,E01023406,Dacorum 022A,Offender given a caution
6c2bb5dbd58141a8a2c39241efaed861928d6a0f26595e7f6146ff1b533b68bd,2021-07,Hertfordshire Constabulary,Hertfordshire Constabulary,-0.276829,51.953198,On or near Bus/Coach Station,E01023616,North Hertfordshire 012F,Unable to prosecute suspect
2c9252c3e8a3c8402f034460faa032b52acb84251decd52dd8f4301a56a3264c,2021-07,Hertfordshire Constabulary,Hertfordshire Constabulary,-0.112543,51.708144,On or near Supermarket,E01023947,Welwyn Hatfield 016A,Investigation complete; no suspect identified
0ad21abb2bf6623e0bc4e9821b2973c37ae542204ffd8982ded4e57ee3910ba7,2021-07,Hertfordshire Constabulary,Hertfordshire Constabulary,-0.218230,51.794311,On or near Sports/Recreation Area,E01023917,Welwyn Hatfield 006B,Unable to prosecute suspect
81ff889ab130306ff8a5aeb43ebfb554a116b897e1c47892bd3327bfd8bca153,2021-07,Hertfordshire Constabulary,Hertfordshire Constabulary,-0.223578,51.980524,On or near Parking Area,E01023631,North Hertfordshire 006B,Unable to prosecute suspect
720004e9187f64fd6b13153f9de7afb66860b1289c209119b9458d70fd9718e9,2021-07,Hertfordshire Constabulary,Hertfordshire Constabulary,-0.414434,51.872346,On or near HOO STREET,E01015792,Luton 021D,Unable to prosecute suspect
3faae513c3fd4f42309857dd70e06a01de00868e33f87747511a46ec4b220803,2021-07,Hertfordshire Constabulary,Hertfordshire Constabulary,-0.312520,51.743342,On or near CELL BARNES LANE,E01023683,St Albans 016C,Unable to prosecute suspect
e0c02037109be95aa608f242dfab6955864c0f4659626854a46216d7e1dcd30b,2021-07,Hertfordshire Constabulary,Hertfordshire Constabulary,-0.333102,51.736667,On or near GORHAM DRIVE,E01023738,St Albans 017B,Suspect charged
2cfd8ef0ab0fceb9b49969a6ef27e4d6ff93f2deea37694b5ebb4ec4f2f13d86,2021-07,Hertfordshire Constabulary,Hertfordshire Constabulary,-0.469545,51.756336,On or near BROAD STREET,E01023400,Dacorum 015E,Unable to prosecute suspect
accf0972170cce9e1d7bf75dc5c1a494fb7d2e38652dbdee4234e5e2d57db33d,2021-07,Hertfordshire Constabulary,Hertfordshire Constabulary,-0.026553,52.045555,On or near DAY'S CLOSE,E01023656,North Hertfordshire 002C,Investigation complete; no suspect identified
d490073f1303b09685abb6b7b7bcfdf9c6393c00ff8c3136c54dcff7037de190,2021-07,Hertfordshire Constabulary,Hertfordshire Constabulary,-0.356034,51.816281,On or near Supermarket,E01023701,St Albans 003C,Investigation complete; no suspect identified
72f48b93e9fb7f6465c65a6104ce7f1c5e6859062abca48c84d8671517b58adf,2021-07,Hertfordshire Constabulary,Hertfordshire Constabulary,-0.338140,51.827080,On or near FULMORE CLOSE,E01023687,St Albans 002C,Investigation complete; no suspect identified
2528cceaf669fe8a591b75191112d1fbc352c66a22bb4a7fc7719eeae5ba7fe5,2021-07,Hertfordshire Constabulary,Hertfordshire Constabulary,-0.213430,51.989623,On or near NORTH AVENUE,E01023632,North Hertfordshire 006C,Unable to prosecute suspect
143b7292be9c2f25fb565d98b8b67d35890a9f896225f7d8a84bd7ebed8b2a48,2021-07,Hertfordshire Constabulary,Hertfordshire Constabulary,-0.464203,51.762605,On or near GREAT HEART,E01023401,Dacorum 008A,Offender given a caution
d0a47ec94d1dc9065c2556b5df9b3ea13c703a60243b95a0a5b15001da7f0918,2021-07,Hertfordshire Constabulary,Hertfordshire Constabulary,-0.340525,51.751078,On or near HIGH STREET,E01023743,St Albans 014B,Offender given a caution
d763da5f75dce1a7ed473e7d2c97e3aa03858519b85bf6286ca7f5683abc0871,2021-07,Hertfordshire Constabulary,Hertfordshire Constabulary,-0.360075,51.740913,On or near WESTFIELDS,E01023744,St Albans 014C,Investigation complete; no suspect identified
2b8c53b09fbcc9c6c2ce98e71232d3f6d0eb981b146e9387138c3a72f68e395a,2021-07,Hertfordshire Constabulary,Hertfordshire Constabulary,-0.353423,51.672040,On or near MORGAN GARDENS,E01023528,Hertsmere 010A,Suspect charged
f0ffc24b20efd17c581ae08a08adc078eb49ef3aeb969b97e2d560a08d155717,2021-07,Hertfordshire Constabulary,Hertfordshire Constabulary,-0.183020,51.904302,On or near SINFIELD CLOSE,E01023756,Stevenage 008B,Investigation complete; no suspect identified
88ef12b376f525230ef5cc0f7d4bd911d38204e9159e3d747496fa35d9768183,2021-07,Hertfordshire Constabulary,Hertfordshire Constabulary,-0.206035,51.800888,On or near FRETHERNE ROAD,E01023918,Welwyn Hatfield 006C,Unable to prosecute suspect
1e6876d8e3a7ce0080bc2e73fb5d8b6a828bf8a0f6baa8cb9aef8e47f6296f06,2021-07,Hertfordshire Constabulary,Hertfordshire Constabulary,-0.202379,51.902935,On or near Shopping Area,E01023758,Stevenage 008D,Suspect charged
512c7add323aba1d17978ce89698bf0d44812a743ebe49d5aadd4cd866d1a741,2021-07,Hertfordshire Constabulary,Hertfordshire Constabulary,-0.200649,51.900023,On or near SOUTHGATE,E01023758,Stevenage 008D,Investigation complete; no suspect identified
ea7e7cdc609a8aa1ec34efddf3542809aa871c78a0118940a70cc58eb12fa202,2021-07,Hertfordshire Constabulary,Hertfordshire Constabulary,-0.381506,51.697662,On or near TUDOR MANOR GARDENS,E01023834,Three Rivers 002E,Suspect charged
480c78394e3bc76ce0f573a95ba6ec1d9014a3fef5af324d163974e31153bcbe,2021-07,Hertfordshire Constabulary,Hertfordshire Constabulary,-0.276484,51.690728,On or near ANDERSON ROAD,E01023583,Hertsmere 004C,Investigation complete; no suspect identified
bc615dae198bba72e32957a19ff2f526d5fe57ef9e38c230d5419a5d2da213c0,2021-07,Hertfordshire Constabulary,Hertfordshire Constabulary,-0.199558,51.896778,On or near Further/Higher Educational Building,E01023786,Stevenage 011D,Local resolution
acb3c5d8ba6465d9660c2ecf7fe17307c701f8c50a40d855f459760301e45e09,2021-07,Hertfordshire Constabulary,Hertfordshire Constabulary,-0.526731,51.762596,On or near LITTLE HEATH LANE,E01023355,Dacorum 006A,Investigation complete; no suspect identified
a41583ed8a15729151a96631f7da47ad26deb037fbf6064ca11664e709235439,2021-07,Hertfordshire Constabulary,Hertfordshire Constabulary,-0.405758,51.704657,On or near LINNET ROAD,E01023832,Three Rivers 002C,Investigation complete; no suspect identified
3a15fc83abcad1e2196b931fdc668144e152facd9e1c94f6d1630d4aee8f467e,2021-07,Hertfordshire Constabulary,Hertfordshire Constabulary,-0.394087,51.699120,On or near BOUNDARY WAY,E01023905,Watford 001B,Suspect charged
a22edcd88bc4e5db4b9a6369398bf889352316b2dd4ea2fef37e30d9e67fc5d1,2021-07,Hertfordshire Constabulary,Hertfordshire Constabulary,-0.400835,51.647248,On or near CARDIFF ROAD INDUSTRIAL ESTATE,E01023902,Watford 010D,Investigation complete; no suspect identified
49cf577e6f66d7ba97b8432ce2accb79909f8b324fda3cb3ac0d8ee14e71e3e4,2021-07,Hertfordshire Constabulary,Hertfordshire Constabulary,-0.355190,51.737419,On or near ALLANDALE,E01023744,St Albans 014C,Investigation complete; no suspect identified
0dffdf51bb295edba41e3bfe2637b474008bb5f819fd6a10aa3644f6dc75913f,2021-07,Hertfordshire Constabulary,Hertfordshire Constabulary,-0.350999,51.716894,On or near WITHY PLACE,E01023719,St Albans 019B,Unable to prosecute suspect
837c24f29238309d542359afc25628b17bdcb5458b31c1190408081607bee45b,2021-07,Hertfordshire Constabulary,Hertfordshire Constabulary,-0.213349,51.987275,On or near HAMPDEN CLOSE,E01023632,North Hertfordshire 006C,Suspect charged
cd90ba3ca0e2f1be12b33fb872faaaefad2c638aa79535c153f9bb0307437d9a,2021-07,Hertfordshire Constabulary,Hertfordshire Constabulary,-0.398194,51.628670,On or near HAREWOOD ROAD,E01023828,Three Rivers 008B,Suspect charged
ed88bdc2efe57620cc7fceb79f68ad1bd4a3b2a043a823589c29dd92b8ebd28e,2021-07,Hertfordshire Constabulary,Hertfordshire Constabulary,0.156203,51.862650,On or near BEECHLANDS,E01023444,East Hertfordshire 007B,Local resolution
df0d4f86c314a28cfcbaf2da86deb9ce8c7c5fe1c5274756dcef24b2ac7eb9d7,2021-07,Hertfordshire Constabulary,Hertfordshire Constabulary,-0.188595,51.787294,On or near Sports/Recreation Area,E01023939,Welwyn Hatfield 009A,Suspect charged
1cb83ff1115cb006bfa953e954baa84e7322e87b86489ed7f14c5f63354b133c,2021-07,Hertfordshire Constabulary,Hertfordshire Constabulary,-0.322076,51.750088,On or near CAMP ROAD,E01023729,St Albans 012D,Investigation complete; no suspect identified
6939b557f5ab7d4ba8f51d6da13c6880b0ac73358ebfa49818a6215d845f4037,2021-07,Hertfordshire Constabulary,Hertfordshire Constabulary,-0.476834,51.756709,On or near BURY GREEN,E01023400,Dacorum 015E,Investigation complete; no suspect identified
787f1b78bf436be8dd67e2557ae34ff7601e7c0a0f39cce3698ec00b4bdb5a0e,2021-07,Hertfordshire Constabulary,Hertfordshire Constabulary,-0.356034,51.816281,On or near Supermarket,E01023701,St Albans 003C,Suspect charged
61354f1f6091ae0e5ee6fd64d776cd91adcbbb4aaa64bb6296e7acfa54c11031,2021-07,Hertfordshire Constabulary,Hertfordshire Constabulary,-0.196712,51.903595,On or near SILAM ROAD,E01023758,Stevenage 008D,Suspect charged
8e240d3be9d2736a2c6c3c4ebc013fb742e95bc7c3582003944f9da5f9a3f56d,2021-07,Hertfordshire Constabulary,Hertfordshire Constabulary,-0.319550,51.685417,On or near STATION ROAD,E01023526,Hertsmere 005D,Investigation complete; no suspect identified
72a1765d6e94c3244b390fb3fa71ca256f740b7e7c1ceed25a4341c8f6b9cddf,2021-07,Hertfordshire Constabulary,Hertfordshire Constabulary,-0.025150,51.726724,On or near THE SPRINGS,E01023343,Broxbourne 005D,Suspect charged
d22ece0d73370ca6f3a9b023fcc42262f5b86d8bebdeeb5a5c9a1ae3cae9b213,2021-07,Hertfordshire Constabulary,Hertfordshire Constabulary,-0.179316,51.918236,On or near Supermarket,E01023774,Stevenage 003D,Investigation complete; no suspect identified
c818ebe5a33b0439144756c5557683af509b39653c12fe3e5233b128556d4f82,2021-07,Hertfordshire Constabulary,Hertfordshire Constabulary,-0.312788,51.751708,On or near Petrol Station,E01023674,St Albans 011B,Unable to prosecute suspect
6afd1b71903d5e8267aa682defdd546901b94efbb06fca42fdae4051fe79ca5f,2021-07,Hertfordshire Constabulary,Hertfordshire Constabulary,-0.196712,51.903595,On or near SILAM ROAD,E01023758,Stevenage 008D,Investigation complete; no suspect identified
c03223e2d24cc92d52d6c963405e79a3df2c77bd6f12b457fa8c0fbf15c5b610,2021-07,Hertfordshire Constabulary,Hertfordshire Constabulary,-0.280872,51.661208,On or near Sports/Recreation Area,E01023531,Hertsmere 007C,Investigation complete; no suspect identified
b325e10aaa21e155a97d636c687ecaf1eefa31193a9da29faf211318d0e6d498,2021-07,Hertfordshire Constabulary,Hertfordshire Constabulary,-0.034575,51.692370,On or near THEOBALD'S GROVE,E01023332,Broxbourne 012A,Unable to prosecute suspect
53d3c1f959164f3889a85b8872853fb25338ca663226b18df837ad7aa8d237cb,2021-07,Hertfordshire Constabulary,Hertfordshire Constabulary,-0.183230,51.892966,On or near VALLEY WAY,E01023794,Stevenage 010D,Investigation complete; no suspect identified
9b70dddd6b6189f4a32e1961d85a6234f3cdcc9a03c6a73ab22a32148d8efb42,2021-07,Hertfordshire Constabulary,Hertfordshire Constabulary,-0.175169,51.689863,On or near SOUTHGATE ROAD,E01023575,Hertsmere 003E,Suspect charged
794b8b3e913b4645f7f12b4a6adb3424b2f38e5e78b0810f29543ba7a3d3816c,2021-07,Hertfordshire Constabulary,Hertfordshire Constabulary,-0.468519,51.753688,On or near THE SIDINGS,E01023400,Dacorum 015E,Investigation complete; no suspect identified
b621e499fb28d7400e43b0ab9b80d708a55b7573d69fdc8247677f0d1bc9caa9,2021-07,Hertfordshire Constabulary,Hertfordshire Constabulary,-0.185003,51.905222,On or near MEAD CLOSE,E01023756,Stevenage 008B,Investigation complete; no suspect identified
df1551fbbaa364cfdc5ac55a5b55854355df777a4c1ac3eded6211619e098196,2021-07,Hertfordshire Constabulary,Hertfordshire Constabulary,-0.387369,51.625096,On or near CLITHEROE GARDENS,E01023843,Three Rivers 012C,Investigation complete; no suspect identified
85680af327c8ec4bb474110eefb0e3b10288cdc19f6b6e551ea31b9a8e13cd04,2021-07,Hertfordshire Constabulary,Hertfordshire Constabulary,0.160007,51.859873,On or near THORLEY HILL,E01023458,East Hertfordshire 008C,Unable to prosecute suspect
b91d7f79b90c56309a40d3f07e9a2904367f6020e6c07f399b56bcf5f837f55f,2021-07,Hertfordshire Constabulary,Hertfordshire Constabulary,-0.021763,51.730327,On or near FAIRFIELD DRIVE,E01023341,Broxbourne 005B,Unable to prosecute suspect
41a031ca0dd82617ffda3b7f5ec0453d988a6505b53d9d56bdd553d29f831bb3,2021-07,Hertfordshire Constabulary,Hertfordshire Constabulary,-0.049057,51.701136,On or near PENGELLY CLOSE,E01023296,Broxbourne 011D,Unable to prosecute suspect
368d7260c66021a8d1e9179babfc2caa9f906c0aa87234c4d4b6e07ab0b4a593,2021-07,Hertfordshire Constabulary,Hertfordshire Constabulary,-0.218230,51.794311,On or near Sports/Recreation Area,E01023917,Welwyn Hatfield 006B,Unable to prosecute suspect
7ea17f3515d15909edac2c8f9664b2194e0227e03eef8550faba0b04c9e1b2af,2021-07,Hertfordshire Constabulary,Hertfordshire Constabulary,-0.659642,51.796233,On or near PLAITERS CLOSE,E01023420,Dacorum 003C,Unable to prosecute suspect
954e0c8dafb8985df3085f066bd2d6cb7318f6d98b569442ec157b0761e6d1bb,2021-07,Hertfordshire Constabulary,Hertfordshire Constabulary,-0.392982,51.681283,On or near ST ALBANS ROAD,E01023896,Watford 005B,Investigation complete; no suspect identified
bbb36efa8f6f4601f9285120bab23028dab461dd1bca867ec4dcfa687ccc0dfe,2021-07,Hertfordshire Constabulary,Hertfordshire Constabulary,-0.289938,51.962066,On or near TRUEMANS ROAD,E01023611,North Hertfordshire 012A,Local resolution
8658bcc8cf4ee63c8dbd414f54d6995183a69d73072b3d8d97a982f73fee93db,2021-07,Hertfordshire Constabulary,Hertfordshire Constabulary,-0.255373,51.644107,On or near Shopping Area,E01023543,Hertsmere 011E,Unable to prosecute suspect
5649d85213479d01abfa357603c4951ea88b32a54b03ab083bbcd1830acbd573,2021-07,Hertfordshire Constabulary,Hertfordshire Constabulary,-0.287105,51.753522,On or near Sports/Recreation Area,E01023680,St Albans 015D,Investigation complete; no suspect identified
66959764a4010bc844040540b578e55ca5202f6fa0a57ccc568f1f70570ef400,2021-07,Hertfordshire Constabulary,Hertfordshire Constabulary,-0.277322,51.949060,On or near Shopping Area,E01023616,North Hertfordshire 012F,Investigation complete; no suspect identified
eda7210426cd4ec82a474036c8b27077bcbb165b1f7ee4fe4ce0f2fbe35d5174,2021-07,Hertfordshire Constabulary,Hertfordshire Constabulary,-0.452204,51.765163,On or near EUROPA ROAD,E01023402,Dacorum 008B,Suspect charged
9f980767aa01950c035dc116ae9f5d33c04db4834f3c984b460a463f6cd38c0e,2021-07,Hertfordshire Constabulary,Hertfordshire Constabulary,-0.074711,51.797318,On or near SOUTH STREET,E01023478,East Hertfordshire 017D,Investigation complete; no suspect identified
8d2ab7ff5e6062d3881937d85c811eb11a907c8b3428ce4a5d81c91b09157724,2021-07,Hertfordshire Constabulary,Hertfordshire Constabulary,-0.465696,51.641945,On or near PARK ROAD,E01023851,Three Rivers 004D,Offender given a caution
ec930fa6c4e6ddb5262eb9caa57338c991575708117571c4eb3421f95a8c7291,2021-07,Hertfordshire Constabulary,Hertfordshire Constabulary,-0.494150,51.755799,On or near Supermarket,E01023429,Dacorum 011D,Investigation complete; no suspect identified
d23ed1678a0e67df3a022ecbb52967c6ab183e4d96e354aacc20d5ae3762077b,2021-07,Hertfordshire Constabulary,Hertfordshire Constabulary,-0.030503,51.695844,On or near COHEN CLOSE,E01023333,Broxbourne 012B,Unable to prosecute suspect
15293af153df28751cb131426a36d65488d9ecc5f62074d56644d3f84dcbfb3a,2021-07,Hertfordshire Constabulary,Hertfordshire Constabulary,-0.400520,51.659491,On or near Nightclub,E01023861,Watford 009C,Suspect charged
ef757481455cf127262dbe3d24ee8141cb6bcb29003b196e32bd1ec0c1c4b148,2021-07,Hertfordshire Constabulary,Hertfordshire Constabulary,-0.191934,51.791554,On or near COLE GREEN LANE,E01023939,Welwyn Hatfield 009A,Investigation complete; no suspect identified
5a5dcffc085c62ef483e9b17dc71bba889e6949a764ebb0447c1845afeaaaeaf,2021-07,Hertfordshire Constabulary,Hertfordshire Constabulary,-0.215849,51.925809,On or near Parking Area,E01023800,Stevenage 002E,Unable to prosecute suspect
23e30bcc479c6060dc7c1d33a547e196eb46141a3c175140f75a7dca8d36e12b,2021-07,Hertfordshire Constabulary,Hertfordshire Constabulary,-0.018108,51.815171,On or near QUEENS ROAD,E01023518,East Hertfordshire 012D,Unable to prosecute suspect
e8d780303151839e408e8df78cd8b3fa744683e50daf3d60398910187557e3aa,2021-07,Hertfordshire Constabulary,Hertfordshire Constabulary,-0.418396,51.644788,On or near TOLPITS LANE,E01023864,Watford 011B,Unable to prosecute suspect
ca9273445c05d44798cb0f772bd3af1cd31dcf9d760d34692d773919401b570e,2021-07,Hertfordshire Constabulary,Hertfordshire Constabulary,-0.659832,51.803995,On or near MOREFIELDS,E01023419,Dacorum 003B,Unable to prosecute suspect
6ac2f51a46342f159aea72d26c951f278f7f0e3332ddefcb049d68a4d7834736,2021-07,Hertfordshire Constabulary,Hertfordshire Constabulary,-0.470613,51.744858,On or near CORNER HALL AVENUE,E01023388,Dacorum 019C,Unable to prosecute suspect
937c2c63613ba09d51848a5fc1cd66ecb03a23321eb6bab5db7ee0eee8280564,2021-07,Hertfordshire Constabulary,Hertfordshire Constabulary,-0.225174,51.989864,On or near LAMMAS WAY,E01023638,North Hertfordshire 003D,Offender given a caution
1625b6fa3d7e696844892ee64ee66280487c0b6208543a6edb55a3ee1d8a0b50,2021-07,Hertfordshire Constabulary,Hertfordshire Constabulary,-0.228751,51.753412,On or near KESTREL GREEN,E01023936,Welwyn Hatfield 013D,Investigation complete; no suspect identified
e5ea39b3ec57c483ffce8d535cd445b766602362e524bc403ccf8ec251aebe23,2021-07,Hertfordshire Constabulary,Hertfordshire Constabulary,-0.394657,51.653970,On or near ST. MARYS VIEW,E01023862,Watford 009D,Unable to prosecute suspect
205582acf51d7edaf61dfee91b79d600bc84de8ae7ba521289d5f73747da45a6,2021-07,Hertfordshire Constabulary,Hertfordshire Constabulary,-0.314753,51.679027,On or near WATLING STREET,E01023524,Hertsmere 005B,Investigation complete; no suspect identified
8c383637af0fa7a4f0dc5582bfd448bb33ef7ee54814eff831b6f7fb49996b03,2021-07,Hertfordshire Constabulary,Hertfordshire Constabulary,-0.445569,51.760032,On or near UNDERACRES CLOSE,E01023346,Dacorum 013B,Suspect charged
a7ae5bc89a6909e8dbde744f1f3b301de6c8c24afb797f15c1b433404dfa99bc,2021-07,Hertfordshire Constabulary,Hertfordshire Constabulary,-0.197256,51.900546,On or near PENN ROAD,E01023758,Stevenage 008D,Suspect charged
5cd7bc63b00c65e4dd901293dd8fd686fba91d6a2b496057631ac75167ce5a0b,2021-07,Hertfordshire Constabulary,Hertfordshire Constabulary,-0.023850,52.047659,On or near KING STREET,E01023660,North Hertfordshire 001A,Investigation complete; no suspect identified
60429c23fd17a66821a46f581a39146194500880e21924add5ff763a8eee17ca,2021-07,Hertfordshire Constabulary,Hertfordshire Constabulary,-0.227493,51.989044,On or near STONNELLS CLOSE,E01023638,North Hertfordshire 003D,Suspect charged
703afd82b30733d88ce857ec0547dc3b6c6e78d36ec9d0a48e8442d32c3a08c8,2021-07,Hertfordshire Constabulary,Hertfordshire Constabulary,-0.392982,51.681283,On or near ST ALBANS ROAD,E01023896,Watford 005B,Investigation complete; no suspect identified
5dccfd68d51624bab31c695ba72e094c801c60d2e39beff4e87a25055be255ca,2021-07,Hertfordshire Constabulary,Hertfordshire Constabulary,-0.188030,51.884902,On or near Parking Area,E01023783,Stevenage 011A,Investigation complete; no suspect identified
97ce7d2bc7eb4f92b8cfccdb358ce2b893a0989f74976c0e9b490e2bf35147d4,2021-07,Hertfordshire Constabulary,Hertfordshire Constabulary,-0.005951,51.788519,On or near SCOTT AVENUE,E01023469,East Hertfordshire 018B,Action to be taken by another organisation
df067c83a74f0b6a5d12452a71cbcaa57f2e0decc940910d76adf4bd8a516a19,2021-07,Hertfordshire Constabulary,Hertfordshire Constabulary,-0.238396,51.759834,On or near MEADOW CROFT,E01023921,Welwyn Hatfield 012B,Investigation complete; no suspect identified
f4146148a74dae93da6e7a2fdfb971a92cfc25f4e16711ba521cbc4548cbddbf,2021-07,Hertfordshire Constabulary,Hertfordshire Constabulary,-0.394857,51.655268,On or near Shopping Area,E01023860,Watford 009B,Investigation complete; no suspect identified
acfea260ccfa1712c9a5ded922dce8c5306d8b9a4c051743e4e3c1aace0674c9,2021-07,Hertfordshire Constabulary,Hertfordshire Constabulary,-0.038159,51.690784,On or near DYSONS CLOSE,E01023332,Broxbourne 012A,Investigation complete; no suspect identified
a243915dfe990bd80a6f34afb84769d91d58a4ac38e667740540211f40f53c7e,2021-07,Hertfordshire Constabulary,Hertfordshire Constabulary,-0.400615,51.642002,On or near SILK MILL ROAD,E01023845,Three Rivers 008C,Unable to prosecute suspect
939d613f827a7c001b411271edf467308d4c25cf385f541ef5cba20a2d5e75a7,2021-07,Hertfordshire Constabulary,Hertfordshire Constabulary,0.177488,51.880521,On or near NORTHOLT AVENUE,E01023439,East Hertfordshire 005B,Investigation complete; no suspect identified
2bd55f0b2501a01e536cc4d86bba4d32bf9185ad9ce330e7ac2577fcb35e20b5,2021-07,Hertfordshire Constabulary,Hertfordshire Constabulary,-0.469545,51.756336,On or near BROAD STREET,E01023400,Dacorum 015E,Unable to prosecute suspect
f0f0109be5d6202bed76f7c4b2887e5c364570488b9c1907a6203ae54ab248e6,2021-07,Hertfordshire Constabulary,Hertfordshire Constabulary,-0.559315,51.759583,On or near MANOR STREET,E01023361,Dacorum 009A,Unable to prosecute suspect
9dde974743ceb80bb1547cb98c5be29e689ea725bf6a016a81606077d1260c4f,2021-07,Hertfordshire Constabulary,Hertfordshire Constabulary,-0.304000,51.756177,On or near CENTRAL DRIVE,E01023668,St Albans 013D,Unable to prosecute suspect
bc52a2871356f8a90eddac1f43e8692fed053e4c2cc870f2e507f17ba5e5f1b2,2021-07,Hertfordshire Constabulary,Hertfordshire Constabulary,-0.340805,51.752161,On or near Parking Area,E01023727,St Albans 012B,Unable to prosecute suspect
fdd71c9c634b0503f165397b652a0faa6d2bf79f7fd436efc7425925015e034c,2021-07,Hertfordshire Constabulary,Hertfordshire Constabulary,-0.241235,51.763599,On or near Supermarket,E01033308,Welwyn Hatfield 010E,Investigation complete; no suspect identified
895f7a5e0b7bf37bf9203cc8605dbd5e21470ac610da590868e16fa99546cf3d,2021-07,Hertfordshire Constabulary,Hertfordshire Constabulary,-0.244649,51.689375,On or near CROSSOAKS LANE,E01023584,Hertsmere 004D,Suspect charged
04ca111039ca02ec0a332d57e85c041466e965c4bc68a60bb64833475f6b9b5b,2021-07,Hertfordshire Constabulary,Hertfordshire Constabulary,-0.014558,51.760249,On or near Parking Area,E01023320,Broxbourne 003A,Unable to prosecute suspect
37429c890ad3aba37dc49275e33226d8db3f0edef8caffb8649a9b8d39bfde86,2021-07,Hertfordshire Constabulary,Hertfordshire Constabulary,-0.030933,51.683271,On or near PARKSIDE,E01023337,Broxbourne 013B,Investigation complete; no suspect identified
c21a22f03da666964abf463a3ad6825e41f4acb2acb5741334efead5f5136d1b,2021-07,Hertfordshire Constabulary,Hertfordshire Constabulary,-0.169829,51.893001,On or near Parking Area,E01023792,Stevenage 010B,Unable to prosecute suspect
8c945049a28f60d4d34fe3b700c322d613b335c4821e7662b741edb52bef4552,2021-07,Hertfordshire Constabulary,Hertfordshire Constabulary,-0.200675,51.901929,On or near MARKET SQUARE,E01023758,Stevenage 008D,Suspect charged
232557dcaffbfcd826e73b70660ce87635bb7fcc4822ba18d2675f0f460e1f4a,2021-07,Hertfordshire Constabulary,Hertfordshire Constabulary,-0.334404,51.826083,On or near MILFORD HILL,E01023687,St Albans 002C,Unable to prosecute suspect
0b05df7dee76ad32968cb9888f3ae4534327faa051af440d1a91774cfbd71a86,2021-07,Hertfordshire Constabulary,Hertfordshire Constabulary,-0.329531,51.753386,On or near HATFIELD ROAD,E01023727,St Albans 012B,Unable to prosecute suspect
4558af92e1f49dbffe2b761ca3c1d213bae5e9d88ad32294a13ad54bc5da20ff,2021-07,Hertfordshire Constabulary,Hertfordshire Constabulary,-0.407129,51.628081,On or near GOSFORTH PATH,E01023827,Three Rivers 008A,Unable to prosecute suspect
1319cf1a733224387feebeb2d5b2186cccd4ee7f0fc43b2cca3401a655b31715,2021-07,Hertfordshire Constabulary,Hertfordshire Constabulary,-0.357711,51.647048,On or near PALMER AVENUE,E01023561,Hertsmere 012D,Investigation complete; no suspect identified
5601bd55b18f549d28ecafd260af1a8d2ec5f0a6ebf8c07ed00a4453b0792c7f,2021-07,Hertfordshire Constabulary,Hertfordshire Constabulary,-0.389646,51.626899,On or near HENBURY WAY,E01023844,Three Rivers 012D,Unable to prosecute suspect
effddd7a796071febdbfecab192474f5b4ad388f80e5726e0b8fa12998664183,2021-07,Hertfordshire Constabulary,Hertfordshire Constabulary,-0.400207,51.658506,On or near Nightclub,E01023861,Watford 009C,Investigation complete; no suspect identified
b5b0495ed2ab0301e1c7d3885bfb7e2a616213770fe80e20192d1ac9eb44bd02,2021-07,Hertfordshire Constabulary,Hertfordshire Constabulary,-0.314909,51.769444,On or near SLIMMONS DRIVE,E01023709,St Albans 008A,Unable to prosecute suspect
26d536bfa2b8bc0f3c974661100507380eacb223236b1e6cf598c001e1a29094,2021-07,Hertfordshire Constabulary,Hertfordshire Constabulary,-0.194828,51.815652,On or near VIADUCT WAY,E01023915,Welwyn Hatfield 004D,Investigation complete; no suspect identified
7b9bb0998d8d61e9d37a3305c21226c0394e99f7d7ae665dba6956be89df586a,2021-07,Hertfordshire Constabulary,Hertfordshire Constabulary,-0.443218,51.647152,On or near Parking Area,E01023819,Three Rivers 006A,Unable to prosecute suspect
4986c700325ba8e319b08d5a51a0fffc3d4ec082cb19c0937d97dbd4a69cbf01,2021-07,Hertfordshire Constabulary,Hertfordshire Constabulary,-0.468666,51.764741,On or near THRIFTFIELD,E01023404,Dacorum 008D,Suspect charged
d62e910c5ea6953944a4c8b6f3accdaace98340d6d96bae772d9b49c365deb2c,2021-07,Hertfordshire Constabulary,Hertfordshire Constabulary,0.090817,51.831656,On or near CENTENARY CLOSE,E01023496,East Hertfordshire 009C,Unable to prosecute suspect
dc835ea9e408d1c365690e0f3e94c2828ee2f5deed6cc1efdd9ff4cf80388f91,2021-07,Hertfordshire Constabulary,Hertfordshire Constabulary,-0.215411,51.791526,On or near STANBOROUGH GREEN,E01023916,Welwyn Hatfield 006A,Investigation complete; no suspect identified
ec7638ffd3a640f6aae0bee4ef6c0adac251bf847765ca6c2dc713461f6bc937,2021-07,Hertfordshire Constabulary,Hertfordshire Constabulary,0.161039,51.870214,On or near Parking Area,E01023449,East Hertfordshire 004A,Suspect charged as part of another case
041f5d71f3190e0530964a04e597cbd20e8f89bc6c4a8e8069ab8b598aaeb4a2,2021-07,Hertfordshire Constabulary,Hertfordshire Constabulary,-0.541368,51.724753,On or near Prison,E01023373,Dacorum 021A,Suspect charged
55100327e8bcc37e1d6396427d0d8a8994bc74c7ea232655fddc81d69a6a6f48,2021-07,Hertfordshire Constabulary,Hertfordshire Constabulary,-0.071290,51.790823,On or near ASHBOURNE GARDENS,E01023476,East Hertfordshire 017B,Unable to prosecute suspect
dfdd53150a3eb31e091183c048782e7cf54cad109267e8be47d7498b4977f0a3,2021-07,Hertfordshire Constabulary,Hertfordshire Constabulary,-0.396888,51.697666,On or near COBB GREEN,E01023904,Watford 001A,Unable to prosecute suspect
0712a06331b675bae6018e2dc8a2ec476abefbe47937c1ef63b111e907ebe24b,2021-07,Hertfordshire Constabulary,Hertfordshire Constabulary,-0.465731,51.761142,On or near BOWYERS,E01023401,Dacorum 008A,Unable to prosecute suspect
29f0d0f4f33c6197071bd9f7e8e12e7615831f11eecd77e409662e6bcd8fa414,2021-07,Hertfordshire Constabulary,Hertfordshire Constabulary,0.007618,51.783864,On or near Park/Open Space,E01023504,East Hertfordshire 018E,Local resolution
b358fc656ca9153672f930a3a308e14c6b8becde873720ba92db03ac68a1f951,2021-07,Hertfordshire Constabulary,Hertfordshire Constabulary,-0.256162,51.640872,On or near BARNET WAY (BARNET BY-PASS),E01000290,Barnet 007F,Local resolution
cf709d6a83cb621de9205902955f99e79e4a235cce78f77a7f1fff52d8843af3,2021-07,Hertfordshire Constabulary,Hertfordshire Constabulary,-0.305835,51.746654,On or near OXFORD AVENUE,E01023667,St Albans 013C,Unable to prosecute suspect
6e88de59cb95469284c5ab9734b582ae6698c68e597d8fe56dbfeeb3075f5d7d,2021-07,Hertfordshire Constabulary,Hertfordshire Constabulary,-0.393773,51.700231,On or near BOUNDARY WAY,E01023832,Three Rivers 002C,Unable to prosecute suspect
8362447e88a76f42773b6f4da16a354b59c2fbc317de91133036618a3d856ed0,2021-07,Hertfordshire Constabulary,Hertfordshire Constabulary,-0.216941,51.987779,On or near CROMWELL GREEN,E01023633,North Hertfordshire 006D,Unable to prosecute suspect
8a4cb9ba9ebc78a575fb8d3fc356f23c307a80d442c2ba7e2113766cd178aa21,2021-07,Hertfordshire Constabulary,Hertfordshire Constabulary,-0.378357,51.698743,On or near BUCKNALLS CLOSE,E01023834,Three Rivers 002E,Unable to prosecute suspect
05ce10ba6e8b09bb49bad5a8e30cd58bb23855137c3ab3816b5187fd41a4f441,2021-07,Hertfordshire Constabulary,Hertfordshire Constabulary,-0.473723,51.752721,On or near Bus/Coach Station,E01023398,Dacorum 015D,Suspect charged
b867a01a97f91efcc900484e91ec3597322fec68e3cfaaaa5f6ef6a8d71cea41,2021-07,Hertfordshire Constabulary,Hertfordshire Constabulary,-0.035772,51.684440,On or near SEAFORTH DRIVE,E01023337,Broxbourne 013B,Unable to prosecute suspect
5acb82cf595b38fa9f5bbaae6eae7815176326bd670c884a6135395718c9b556,2021-07,Hertfordshire Constabulary,Hertfordshire Constabulary,0.154734,51.869286,On or near HURST CLOSE,E01023455,East Hertfordshire 003D,Unable to prosecute suspect
a5205609c9d41d28046a8fbd9f8b6094689b625edfc14d4e843f15b1b9bc93a3,2021-07,Hertfordshire Constabulary,Hertfordshire Constabulary,-0.191955,51.908405,On or near Pedestrian Subway,E01023782,Stevenage 006E,Offender given a caution
b1c02cd281c421c6983fd99a45e56b8b4d6b114c6946f97035b3e243a3fff6af,2021-07,Hertfordshire Constabulary,Hertfordshire Constabulary,-0.394690,51.690667,On or near LAMB CLOSE,E01023893,Watford 002D,Offender given a caution
8e63fbc5a2c3aa95bb03b057af2022bef8941ecab0099b46ea173e91912ac197,2021-07,Hertfordshire Constabulary,Hertfordshire Constabulary,-0.177844,51.785320,On or near EAST MEAD,E01023945,Welwyn Hatfield 008C,Investigation complete; no suspect identified
485c5cd8190e606628a2385fa18be66f3723315d5d6db93575c30aeb7d657126,2021-07,Hertfordshire Constabulary,Hertfordshire Constabulary,-0.350684,51.827724,On or near HYDE VIEW ROAD,E01023693,St Albans 001D,Unable to prosecute suspect
191fa19d107ec850e5320a3f158fc077a2eca20977c2809f8e6baa5d68c279f9,2021-07,Hertfordshire Constabulary,Hertfordshire Constabulary,-0.163457,52.004275,On or near WEDON WAY,E01023585,North Hertfordshire 005A,Suspect charged
c58d7cdf1db85a649f82686ad682a0ef22b2d28a3387b924a66caea576005ff6,2021-07,Hertfordshire Constabulary,Hertfordshire Constabulary,-0.280573,51.654217,On or near Parking Area,E01023532,Hertsmere 007D,Unable to prosecute suspect
ab2faa2747c548dacfb2c81ee90bddc9c055acb4b8d4c31815f3c05e99a408cf,2021-07,Hertfordshire Constabulary,Hertfordshire Constabulary,-0.425235,51.690173,On or near Airport/Airfield,E01023833,Three Rivers 002D,Local resolution
c43b699575cba36690a02c0b96e81dcbefc58cd5b6df0ed37099c27c0b3d08c1,2021-07,Hertfordshire Constabulary,Hertfordshire Constabulary,,,No location,,,Unable to prosecute suspect
3a374ce08ffd686ba9fae9e425f828f4d90c1b525eb513b5424cbeaeb40a597a,2021-07,Hertfordshire Constabulary,Hertfordshire Constabulary,-0.227296,51.762068,On or near QUEENSWAY,E01023920,Welwyn Hatfield 012A,Investigation complete; no suspect identified
d5832ce7a35ca5d2a19b6599f48fd20c1f9d576ecda6a76a382d01097ce4cbf5,2021-07,Hertfordshire Constabulary,Hertfordshire Constabulary,-0.282907,51.668576,On or near AYCLIFFE ROAD,E01023536,Hertsmere 006C,Investigation complete; no suspect identified
cd90ba3ca0e2f1be12b33fb872faaaefad2c638aa79535c153f9bb0307437d9a,2021-07,Hertfordshire Constabulary,Hertfordshire Constabulary,-0.398194,51.628670,On or near HAREWOOD ROAD,E01023828,Three Rivers 008B,Suspect charged
96560f7a1743bedf40174d0966f19b5be8ebc587c9402d16ef66dafeb28bc1b6,2021-07,Hertfordshire Constabulary,Hertfordshire Constabulary,-0.396197,51.655385,On or near MARKET PLACE,E01023860,Watford 009B,Investigation complete; no suspect identified
1e12594c53a89443b395ee18e68be802d37dc743a1d1a3c7d40b34dae63c8345,2021-07,Hertfordshire Constabulary,Hertfordshire Constabulary,-0.022125,51.737968,On or near Petrol Station,E01023340,Broxbourne 005A,Unable to prosecute suspect
6e68fed3edf01c5a1cab73544262cb9c78f1ca8fad9690b5adcd419985e9443b,2021-07,Hertfordshire Constabulary,Hertfordshire Constabulary,-0.390695,51.653988,On or near LOWER DERBY ROAD,E01023860,Watford 009B,Unable to prosecute suspect
df281c29961d8f0838a64ff20ce5c3440e59c2f816bc6bbf5d0ebd943f1da5d4,2021-07,Hertfordshire Constabulary,Hertfordshire Constabulary,-0.222158,51.830491,On or near WILGA ROAD,E01023969,Welwyn Hatfield 002C,Investigation complete; no suspect identified
9650338fb593006cdb399b23f3c08169a66e4bee2d7d36eacb7ae3c5544bfeca,2021-07,Hertfordshire Constabulary,Hertfordshire Constabulary,-0.080027,51.796802,On or near MILL BRIDGE,E01023470,East Hertfordshire 014A,Unable to prosecute suspect
1ad8a212e0b1b750d4332dfc7a8b889d919b793a18f7b4e8ffb367ff99ad296a,2021-07,Hertfordshire Constabulary,Hertfordshire Constabulary,-0.376594,51.623014,On or near ROMILLY DRIVE,E01023809,Three Rivers 010B,Action to be taken by another organisation
84261b65746153ed46cc168c2cf7c3d25dfdae3833390dae1c7e20ea1feda50b,2021-07,Hertfordshire Constabulary,Hertfordshire Constabulary,-0.658316,51.795463,On or near Petrol Station,E01023421,Dacorum 004B,Investigation complete; no suspect identified
e6ccc754f769e5a664354044cdd4340d5be12bbe977654a7ec48498110465a04,2021-07,Hertfordshire Constabulary,Hertfordshire Constabulary,-0.201562,51.900459,On or near THE QUADRANT,E01023758,Stevenage 008D,Unable to prosecute suspect
167160bcc9a3f96c241923303c74e1f99bcbdbdcd43fd022d4cd45197924fe76,2021-07,Hertfordshire Constabulary,Hertfordshire Constabulary,-0.412438,51.643629,On or near CLYSTON ROAD,E01023865,Watford 011C,Unable to prosecute suspect
38a838f981084a38cb1321efcf687962b645f66adf6c7ca6abb186aa22e65069,2021-07,Hertfordshire Constabulary,Hertfordshire Constabulary,-0.175663,51.698090,On or near HOLLIES WAY,E01023580,Hertsmere 001E,Suspect charged
d0587139bd77e16924b7854445aec8a4d93c30dd1ac88bac544a0fa00aa6bfca,2021-07,Hertfordshire Constabulary,Hertfordshire Constabulary,-0.432732,51.758755,On or near CREST PARK,E01023345,Dacorum 013A,Unable to prosecute suspect
5bc83b81549582e2cc756509d3d441d7291039c61322fdd863cbe30632e23250,2021-07,Hertfordshire Constabulary,Hertfordshire Constabulary,-0.332392,51.810211,On or near WHEATHAMPSTEAD ROAD,E01023695,St Albans 005A,Unable to prosecute suspect
85f956600f30798b0494505344059a3f66df8cd5313af87000cbcaef4501ea41,2021-07,Hertfordshire Constabulary,Hertfordshire Constabulary,-0.237817,51.765040,On or near GOLDSMITH WAY,E01033308,Welwyn Hatfield 010E,Suspect charged
30cb7481a72e24ca8ed2d4f44844e5dcf11efb1cc6a98d5c5c95b4ee542a60a0,2021-07,Hertfordshire Constabulary,Hertfordshire Constabulary,-0.220881,51.766764,On or near COTTON FIELD,E01023927,Welwyn Hatfield 011D,Unable to prosecute suspect
93b6b67ddcecf069f19281b1a794f441717ffaffff0eebc3d8054e7dec4e7059,2021-07,Hertfordshire Constabulary,Hertfordshire Constabulary,-0.082862,51.793890,On or near WESTALL CLOSE,E01023479,East Hertfordshire 017E,Investigation complete; no suspect identified
ac5504e8dd4c00cdece39998603090ff3677ff6d557eefab59cc831c63297dee,2021-07,Hertfordshire Constabulary,Hertfordshire Constabulary,-0.397080,51.657007,On or near Theatre/Concert Hall,E01023861,Watford 009C,Unable to prosecute suspect
6e3e8763396a5eb06a16140f45b73a8e310ac11ba7aa076f957624359472c0a8,2021-07,Hertfordshire Constabulary,Hertfordshire Constabulary,-0.452632,51.759001,On or near HOBLETTS ROAD,E01023347,Dacorum 013C,Suspect charged
e6fade19ad369bcf96252c137b066c34601c76303b78deea4c48636387af67fe,2021-07,Hertfordshire Constabulary,Hertfordshire Constabulary,-0.433862,51.758339,On or near HALES PARK CLOSE,E01023345,Dacorum 013A,Investigation complete; no suspect identified
f78444bfda7204f3f5b5d61da035745a48d81df7b6c3f68d9be20979e59db943,2021-07,Hertfordshire Constabulary,Hertfordshire Constabulary,-0.079165,51.796267,On or near THE WASH,E01023478,East Hertfordshire 017D,Suspect charged
d73276c1a41afd1ae12878b8c26e6e7d0c6019b6cd64451aeaa54ed919a935e4,2021-07,Hertfordshire Constabulary,Hertfordshire Constabulary,-0.074952,51.946788,On or near PEASECROFT,E01023494,East Hertfordshire 002B,Investigation complete; no suspect identified
cd6aeb07f72dece7aa576525198536840c816068aebc5c68f1b26fb4cc1df1c7,2021-07,Hertfordshire Constabulary,Hertfordshire Constabulary,-0.434758,51.743307,On or near LISMORE,E01023413,Dacorum 017E,Unable to prosecute suspect
ca69232b402c2cee174918e82f8883febb620bbafd9e97dd4abbf20d8bc065f4,2021-07,Hertfordshire Constabulary,Hertfordshire Constabulary,-0.099948,51.802098,On or near HAWTHORN CLOSE,E01023487,East Hertfordshire 015A,Unable to prosecute suspect
e8ebd6b3745de11c8002bcf6d3ad363a4260b153bba27381815f49cc846179a4,2021-07,Hertfordshire Constabulary,Hertfordshire Constabulary,-0.191650,52.024844,On or near CALDECOTE ROAD,E01023585,North Hertfordshire 005A,Suspect charged
977e4e8e136698c75f0a017ffec6ed216d347dd4a3048ca263f77c546691cb23,2021-07,Hertfordshire Constabulary,Hertfordshire Constabulary,-0.276491,51.962392,On or near SHEPHERDS MEAD,E01023605,North Hertfordshire 010E,Investigation complete; no suspect identified
c3a17def31828f6e7a3fd9be31e3ab25233d4425d11071d614f1b1ab30db453e,2021-07,Hertfordshire Constabulary,Hertfordshire Constabulary,-0.438765,51.656013,On or near LEWES WAY,E01023824,Three Rivers 003B,Action to be taken by another organisation
80a215d7e68fa0d6c4647ae0e5c95993307ca082c676e1f467309cd34c3ebf33,2021-07,Hertfordshire Constabulary,Hertfordshire Constabulary,-0.341027,51.751229,On or near HIGH STREET,E01023743,St Albans 014B,Suspect charged
bf9aa6b111143424b668ff8315b693cc6e9d8f69b35f7ca16fbbdb7be7f43a15,2021-07,Hertfordshire Constabulary,Hertfordshire Constabulary,-0.077293,51.796299,On or near MARKET PLACE,E01023478,East Hertfordshire 017D,Unable to prosecute suspect
fd9e7e10422d1afc0ef641374166223ff71bd50ada36fb12634d79b15d53ce9d,2021-07,Hertfordshire Constabulary,Hertfordshire Constabulary,-0.030653,51.685713,On or near ELEANOR CROSS ROAD,E01023337,Broxbourne 013B,Investigation complete; no suspect identified
580ba649dd78cd17f7a49e1afc0ee1448b68cefdd333a3a27179a71f6624969f,2021-07,Hertfordshire Constabulary,Hertfordshire Constabulary,-0.453036,51.725970,On or near Petrol Station,E01023407,Dacorum 022B,Unable to prosecute suspect
d0a99399647de588db17e06e00e813d378bdfaa7fc0d2a6cd77e78f8129df745,2021-07,Hertfordshire Constabulary,Hertfordshire Constabulary,-0.269151,51.954174,On or near Petrol Station,E01023602,North Hertfordshire 010B,Unable to prosecute suspect
3c847fb16f4554154d5f2ceac008cce1dd944117ab02249861d567469a365d78,2021-07,Hertfordshire Constabulary,Hertfordshire Constabulary,-0.499438,51.754500,On or near VALLEYSIDE,E01023385,Dacorum 016C,Unable to prosecute suspect
48434202148950830af239bcdb0329c202f6cbaca357fd54958bee665f1f4b85,2021-07,Hertfordshire Constabulary,Hertfordshire Constabulary,-0.036124,51.719076,On or near Shopping Area,E01023305,Broxbourne 008D,Investigation complete; no suspect identified
1999357387a038c863997883b6a9791b6d3338a7045cfcc548b01e923d691a2e,2021-07,Hertfordshire Constabulary,Hertfordshire Constabulary,-0.436139,51.775462,On or near REDBOURN ROAD,E01023434,Dacorum 005A,Unable to prosecute suspect
c45e6474551708aed0c722f0008c2a99e409d8b798486bc65cc3c4a0e1fc550c,2021-07,Hertfordshire Constabulary,Hertfordshire Constabulary,-0.402521,51.654383,On or near ADDISCOMBE ROAD,E01023899,Watford 010A,Unable to prosecute suspect
8238946017bfe42211b2ca831a28e8ddcc1fc1beb1b6440d3c7bdb0d6d5d0666,2021-07,Hertfordshire Constabulary,Hertfordshire Constabulary,,,No location,,,Unable to prosecute suspect
0e3c5aca312fda0427ce6a5a147f49a97ffd4651f9abe389d37d13f3e4e7f014,2021-07,Hertfordshire Constabulary,Hertfordshire Constabulary,-0.342604,51.761170,On or near WAVERLEY ROAD,E01023670,St Albans 009B,Suspect charged
854319e8c290860dd590e679a05eb6c4b6858a84fb9ac3e88ffdd9cca9c7a6d2,2021-07,Hertfordshire Constabulary,Hertfordshire Constabulary,-0.217254,51.912378,On or near Pedestrian Subway,E01023798,Stevenage 005D,Unable to prosecute suspect
bf3989b5584d605db885d72fa1694a5edfa46863a58725cdcabdd572e8dc1767,2021-07,Hertfordshire Constabulary,Hertfordshire Constabulary,-0.188595,51.787294,On or near Sports/Recreation Area,E01023939,Welwyn Hatfield 009A,Unable to prosecute suspect
716d74c297aa956bfbe222b96e197f4f7266954358bb45c3af6d3c6df6e030b5,2021-07,Hertfordshire Constabulary,Hertfordshire Constabulary,-0.364564,51.664669,On or near HARTSWOOD CLOSE,E01023555,Hertsmere 008D,Investigation complete; no suspect identified
212bb6aaedec71fc877a7b258706671a0ac5d9809c17a514ad653e8448c29671,2021-07,Hertfordshire Constabulary,Hertfordshire Constabulary,-0.473034,51.747821,On or near Shopping Area,E01023398,Dacorum 015D,Unable to prosecute suspect
d0027b8dfe05e52fe67d691b6fc0dd9790e1a4466e6ee566264f00f2a595aeb3,2021-07,Hertfordshire Constabulary,Hertfordshire Constabulary,-0.053456,51.703187,On or near FRANKLIN AVENUE,E01023296,Broxbourne 011D,Unable to prosecute suspect
f5f9e2ec57ea1ec2ed359168ad3745e1f10a00705784a244c606e2666f474094,2021-07,Hertfordshire Constabulary,Hertfordshire Constabulary,-0.496879,51.653462,On or near M25,E01023813,Three Rivers 004B,Investigation complete; no suspect identified
73afdd680a0eca699f7f9085c39d2138c0ee4b51ace8c2721f85c670de95811c,2021-07,Hertfordshire Constabulary,Hertfordshire Constabulary,-0.484494,51.754686,On or near SUNNYHILL ROAD,E01023380,Dacorum 018D,Unable to prosecute suspect
bd3da91fff0a2d9e99a52b3430d0f1f6d9c8faf6d11967a457e750b47a0ea50d,2021-07,Hertfordshire Constabulary,Hertfordshire Constabulary,-0.336265,51.748734,On or near KEYFIELD,E01023726,St Albans 012A,Suspect charged
cecd54a4c12773e4750492bbb27f3579e50bc6b24076f0ffd066440f84cb3f5f,2021-07,Hertfordshire Constabulary,Hertfordshire Constabulary,-0.452632,51.759001,On or near HOBLETTS ROAD,E01023347,Dacorum 013C,Suspect charged
e9e533ce505944667e775bf25f8fa880befe17c8f2dda00a23cd93556713091d,2021-07,Hertfordshire Constabulary,Hertfordshire Constabulary,-0.249644,51.762762,On or near ALBATROSS WAY,E01033314,Welwyn Hatfield 010G,Local resolution
9118caba30a754190b0c73247cfd07793440e0e415151bea9f41495efd761f17,2021-07,Hertfordshire Constabulary,Hertfordshire Constabulary,-0.099768,51.799470,On or near HUTTON CLOSE,E01023487,East Hertfordshire 015A,Unable to prosecute suspect
89532d18099b5d09044be0654d94fab16cee8405f21e37b2c96c8d8a2055eb35,2021-07,Hertfordshire Constabulary,Hertfordshire Constabulary,-0.258013,51.707576,On or near B556,E01023584,Hertsmere 004D,Investigation complete; no suspect identified
df0d4f86c314a28cfcbaf2da86deb9ce8c7c5fe1c5274756dcef24b2ac7eb9d7,2021-07,Hertfordshire Constabulary,Hertfordshire Constabulary,-0.188595,51.787294,On or near Sports/Recreation Area,E01023939,Welwyn Hatfield 009A,Suspect charged
8f85c605c59be2a369333f734f3060ffdf270cb667b8b4a33af6712545293c3f,2021-07,Hertfordshire Constabulary,Hertfordshire Constabulary,-0.219355,51.761345,On or near ONSLOW CLOSE,E01023924,Welwyn Hatfield 011A,Suspect charged
b1292d772961dd15112ea7553e0aed12236715fff85c2ad0a8d0c14da268eb6d,2021-07,Hertfordshire Constabulary,Hertfordshire Constabulary,-0.206032,51.896976,On or near NORTON ROAD,E01023786,Stevenage 011D,Investigation complete; no suspect identified
30c33d7b47e1838c6d25c96bbc845a29503b06f1251cc97872cab7cc5c46dbf2,2021-07,Hertfordshire Constabulary,Hertfordshire Constabulary,-0.201596,51.788887,On or near TWELVE ACRES,E01023940,Welwyn Hatfield 009B,Unable to prosecute suspect
b1648aa7baebb2bb220a0294540135770e80146ffa01ef848d8589205b34e8b0,2021-07,Hertfordshire Constabulary,Hertfordshire Constabulary,-0.284981,51.664973,On or near ALCONBURY CLOSE,E01023529,Hertsmere 007A,Unable to prosecute suspect
e056ba9c5d0d10dfc1e8e68b83154c08e04c40ea76255585973973b6ec5581cc,2021-07,Hertfordshire Constabulary,Hertfordshire Constabulary,-0.386524,51.686761,On or near SIXTH AVENUE,E01023875,Watford 003C,Unable to prosecute suspect
f05ab1fcc5029f641d8a6e5f778d2ba896ba61339e23abd7b7dc14aea327b470,2021-07,Hertfordshire Constabulary,Hertfordshire Constabulary,-0.196920,51.905298,On or near Pedestrian Subway,E01023758,Stevenage 008D,Unable to prosecute suspect
6ac1d0858c57782190a4638d1d40eed46940d4e1acbaa212acf32c6d2b00df34,2021-07,Hertfordshire Constabulary,Hertfordshire Constabulary,-0.168574,51.921720,On or near MARTINS WAY,E01023789,Stevenage 001C,Unable to prosecute suspect
7fae15efc2ee033a2e1ad61d4279ec89474a26e7a63d5051244398f79438ac00,2021-07,Hertfordshire Constabulary,Hertfordshire Constabulary,-0.231122,51.766873,On or near THE MINIMS,E01023920,Welwyn Hatfield 012A,Investigation complete; no suspect identified
9ee9d277c3caf4f3c21ca23ead38754520bc99c618ddea626038409ffac4a05e,2021-07,Hertfordshire Constabulary,Hertfordshire Constabulary,-0.469545,51.756336,On or near BROAD STREET,E01023400,Dacorum 015E,Unable to prosecute suspect
051fc57c18772e4cee211dc169f9b35826ad30180d87fcc6d4f474a3964d947e,2021-07,Hertfordshire Constabulary,Hertfordshire Constabulary,-0.349973,51.740304,On or near FALSTAFF GARDENS,E01023744,St Albans 014C,Suspect charged
78f9120f7ce7c3f04b51b8e6859ae2b86d0dc27333244bd5c6011613e644277e,2021-07,Hertfordshire Constabulary,Hertfordshire Constabulary,-0.367854,51.652783,On or near KING EDWARD PLACE,E01023562,Hertsmere 012E,Unable to prosecute suspect
4c4cdb39f166c321f9fe78dd4db64bea64dc1b98192b5ba17d8456611bb2dd44,2021-07,Hertfordshire Constabulary,Hertfordshire Constabulary,-0.039258,51.706197,On or near RAINER CLOSE,E01023297,Broxbourne 010A,Unable to prosecute suspect
c433f86da7a630f16c160a494828d9ae2a8e595e34e25562e8da72044ce1eb37,2021-07,Hertfordshire Constabulary,Hertfordshire Constabulary,-0.334424,51.752718,On or near UPPER MARLBOROUGH ROAD,E01023727,St Albans 012B,Local resolution
8591f5671d452004733e1f55d1da6008d700cab7e3c2baac41803947c4e67156,2021-07,Hertfordshire Constabulary,Hertfordshire Constabulary,-0.224006,51.981097,On or near NORTON WAY NORTH,E01023644,North Hertfordshire 008A,Investigation complete; no suspect identified
e0013560c77f94c233afa3dda5edbee70b2db589a97975c9400f102fac45de19,2021-07,Hertfordshire Constabulary,Hertfordshire Constabulary,-0.194897,51.792885,On or near LONGLANDS ROAD,E01023957,Welwyn Hatfield 007D,Investigation complete; no suspect identified
8f7a2ad2a4e1395996491b623083b9a37a68923c1ae20b763864f94d4bf8be2f,2021-07,Hertfordshire Constabulary,Hertfordshire Constabulary,-0.326312,51.747577,On or near Parking Area,E01023729,St Albans 012D,Action to be taken by another organisation
847ba4d16d9ecf862e69c11e449997fd6a467307c2b7e9d2a7c9d7f1609b4ae5,2021-07,Hertfordshire Constabulary,Hertfordshire Constabulary,-0.173369,51.793092,On or near CYPRESS AVENUE,E01023943,Welwyn Hatfield 008A,Unable to prosecute suspect
f71cad703b08e9990f36e49887b95c919b2cb324a45d8e1e7c14d653b13382a5,2021-07,Hertfordshire Constabulary,Hertfordshire Constabulary,-0.282339,51.667164,On or near LEEMING ROAD,E01023536,Hertsmere 006C,Investigation complete; no suspect identified
d8eab4092e02e06674f95d557fafd7bcc669a31094be9a9451ea99cc873373e5,2021-07,Hertfordshire Constabulary,Hertfordshire Constabulary,-0.199926,51.891209,On or near Park/Open Space,E01023786,Stevenage 011D,Investigation complete; no suspect identified
d74c542ee0e04aeb8adaa2f3c76b16e3b0b6cfb445fffa0f5a7ac8e3ae7eb7f2,2021-07,Hertfordshire Constabulary,Hertfordshire Constabulary,-0.038796,51.686092,On or near RAGLAN AVENUE,E01023339,Broxbourne 013D,Investigation complete; no suspect identified
4d18c52eb9f06e682c7711595a733f0b891c28a4396da5665697ce07b0d236cb,2021-07,Hertfordshire Constabulary,Hertfordshire Constabulary,-0.268790,51.954105,On or near Parking Area,E01023602,North Hertfordshire 010B,Investigation complete; no suspect identified
54268dd9bff9a1464eb2a5d9501591b72bd0b3639d933d86bf89412d5a6b4674,2021-07,Hertfordshire Constabulary,Hertfordshire Constabulary,0.154672,51.819343,On or near REEDINGS WAY,E01023499,East Hertfordshire 011A,Unable to prosecute suspect
c8b275340399534b0e6e69fbe13070fa5eea07cd694788ce583192ce10f3bb30,2021-07,Hertfordshire Constabulary,Hertfordshire Constabulary,0.158202,51.869816,On or near Parking Area,E01023446,East Hertfordshire 007D,Investigation complete; no suspect identified
c3414cf94f35d0a93de2e76893082329bf9e9d0a616256c3ff3562854af04020,2021-07,Hertfordshire Constabulary,Hertfordshire Constabulary,-0.420885,51.652995,On or near GADE CLOSE,E01023886,Watford 008A,Investigation complete; no suspect identified
365a82955a3198f743be5b3de440b5546dc78cfe775cc386a755cd6beb2e0928,2021-07,Hertfordshire Constabulary,Hertfordshire Constabulary,0.134443,51.874854,On or near Petrol Station,E01023454,East Hertfordshire 003C,Investigation complete; no suspect identified
6e0410aa2377ab16c3398bc92a24fe33a6440f1f333a241720de3cfe221f87cc,2021-07,Hertfordshire Constabulary,Hertfordshire Constabulary,-0.187639,51.922078,On or near YORK ROAD,E01023788,Stevenage 001B,Unable to prosecute suspect
54f997b5636248461badcbcaa123c48f49a2aaaa737d5a86a6435eff6b5ee313,2021-07,Hertfordshire Constabulary,Hertfordshire Constabulary,-0.043279,51.712307,On or near CHADWELL AVENUE,E01023310,Broxbourne 006D,Unable to prosecute suspect
0c5b433763fd00e28c284f805e59298ca714b65227670bfd62e4e079e930fdb8,2021-07,Hertfordshire Constabulary,Hertfordshire Constabulary,-0.452816,51.760837,On or near TANNSMORE CLOSE,E01023347,Dacorum 013C,Investigation complete; no suspect identified
f3fc768ec9b8024fb43a6be97fa484c7703a234d2dda359fce40b5e0f1e44f1c,2021-07,Hertfordshire Constabulary,Hertfordshire Constabulary,-0.489481,51.634223,On or near Petrol Station,E01023836,Three Rivers 009B,Investigation complete; no suspect identified
25e5547a6423a8b5413d07bb390b108f12c7f25f69931c905b0418bf97b6d0eb,2021-07,Hertfordshire Constabulary,Hertfordshire Constabulary,-0.191894,51.844741,On or near BRIARY WOOD LANE,E01023966,Welwyn Hatfield 001B,Unable to prosecute suspect
1de69fbabd51a0c8d72c55a81aa7610e140233ae033465098f498744bd390808,2021-07,Hertfordshire Constabulary,Hertfordshire Constabulary,-0.032400,51.682783,On or near ARLINGTON CRESCENT,E01023337,Broxbourne 013B,Suspect charged
2196bf877ab37b99a3b42e5dec7f58d09a2c3a08cbb107266b0a2a69c547870f,2021-07,Hertfordshire Constabulary,Hertfordshire Constabulary,-0.279048,51.670803,On or near SAWTRY WAY,E01023535,Hertsmere 006B,Suspect charged
9d49af4e411823e17ce7a3de5e9ac6fc9be3fd07392320587af4e7666cd06c18,2021-07,Hertfordshire Constabulary,Hertfordshire Constabulary,-0.200120,51.814654,On or near HAYMEADS,E01023961,Welwyn Hatfield 003C,Investigation complete; no suspect identified
568f0d6f2d808823804534b760d1df1acb7f11f9e1997589c877adb89ca70d11,2021-07,Hertfordshire Constabulary,Hertfordshire Constabulary,-0.269328,51.655688,On or near Supermarket,E01023541,Hertsmere 011C,Suspect charged
ad6bd6f052e0b15cda20aa6bccdd6694703a235465fcbaef2b2ce4929d597eb3,2021-07,Hertfordshire Constabulary,Hertfordshire Constabulary,-0.320052,51.752721,On or near ST PAUL'S PLACE,E01023674,St Albans 011B,Investigation complete; no suspect identified
bf62ab58c71cd9d24839198da7b0db0b216b4ee037653c18ab567f3759ec0f2b,2021-07,Hertfordshire Constabulary,Hertfordshire Constabulary,0.158945,51.866224,On or near TRINITY STREET,E01023446,East Hertfordshire 007D,Suspect charged
ada624a7900871a496f64acaec14779b303caefa9ed33d4969e47e760c1dac95,2021-07,Hertfordshire Constabulary,Hertfordshire Constabulary,-0.336758,51.752293,On or near Police Station,E01023727,St Albans 012B,Investigation complete; no suspect identified
538b774b7f89288339800b60600aee5d16aad3223bf983320286bec1fd270eba,2021-07,Hertfordshire Constabulary,Hertfordshire Constabulary,-0.239339,51.671851,On or near BARNET BY-PASS,E01023584,Hertsmere 004D,Unable to prosecute suspect
e5c4ff959382d54e04d4a07d82efe3399cec94eb0a82460f80e92bf842cab8ab,2021-07,Hertfordshire Constabulary,Hertfordshire Constabulary,-0.044224,51.800070,On or near Petrol Station,E01023484,East Hertfordshire 016C,Investigation complete; no suspect identified
6d6948fb2fc91f4b374621d8dd2a170bd1679e55745c9b8755f0e8321c492265,2021-07,Hertfordshire Constabulary,Hertfordshire Constabulary,-0.090096,51.797389,On or near ROYSTON CLOSE,E01023479,East Hertfordshire 017E,Investigation complete; no suspect identified
da2ba219f6403fee35f36ec0f3395c3a74a11ce420c6f12a6697e0d6a912fe7b,2021-07,Hertfordshire Constabulary,Hertfordshire Constabulary,-0.384398,51.681462,On or near HARVEST END,E01023876,Watford 003D,Unable to prosecute suspect
0062397bcbcd6e632ee2599705c5acc475355b4fce11420878e4e9c9a82060ce,2021-07,Hertfordshire Constabulary,Hertfordshire Constabulary,-0.002727,51.773852,On or near THELEWAY CLOSE,E01023328,Broxbourne 002B,Unable to prosecute suspect
2a3f65b8d04602e95dc0b49fe6e0783a6e14b66cb2dd889513882efe39ee0eef,2021-07,Hertfordshire Constabulary,Hertfordshire Constabulary,-0.263971,51.660042,On or near Pedestrian Subway,E01023537,Hertsmere 006D,Action to be taken by another organisation
46b00544f38b171cd53f57daedb42157108de19713644a67c0a6b8ce45b54823,2021-07,Hertfordshire Constabulary,Hertfordshire Constabulary,-0.020562,51.733292,On or near LAMMASMEAD,E01023341,Broxbourne 005B,Unable to prosecute suspect
1c8a3a10377f3a14ec29bc30ea3990cc9756d9e9b0e63ee7a15a949636a3b9e4,2021-07,Hertfordshire Constabulary,Hertfordshire Constabulary,-0.237248,51.749134,On or near HERNESHAW,E01023937,Welwyn Hatfield 013E,Local resolution
82657aef39ae21203413ce2d05ab00ccf05fd04fe43744ee5a0ac54e5dfa8376,2021-07,Hertfordshire Constabulary,Hertfordshire Constabulary,-0.470828,51.753952,On or near Supermarket,E01023398,Dacorum 015D,Investigation complete; no suspect identified
a903ab88c0bbe9cf50472d211effac743c90a149d4c8d3b7c4c4ceb164a5f910,2021-07,Hertfordshire Constabulary,Hertfordshire Constabulary,-0.220995,51.981762,On or near BIRDS HILL,E01023634,North Hertfordshire 006E,Unable to prosecute suspect
424240a2129fc65dad182ef67b86e0077b0988218b69d50412a3d4d58d8673a2,2021-07,Hertfordshire Constabulary,Hertfordshire Constabulary,-0.394555,51.670353,On or near BRADSHAW ROAD,E01023855,Watford 006A,Suspect charged
3487e30f8bf0f25b4cdaff924ef89082337088efea509d062d3f5d2e3ab09294,2021-07,Hertfordshire Constabulary,Hertfordshire Constabulary,-0.451221,51.763406,On or near LARCHWOOD ROAD,E01023346,Dacorum 013B,Suspect charged
fae1da9ca980451bc9e62a8a64ac84465fc41fe46febfa2f8c79f96626b30f87,2021-07,Hertfordshire Constabulary,Hertfordshire Constabulary,-0.224975,51.762887,On or near KENNELWOOD LANE,E01023920,Welwyn Hatfield 012A,Investigation complete; no suspect identified
805144c94147d6c176955aecf679c7423a80f3e5cb4b4709aef4c7ac0b87e817,2021-07,Hertfordshire Constabulary,Hertfordshire Constabulary,-0.433889,51.634304,On or near Sports/Recreation Area,E01023841,Three Rivers 011C,Investigation complete; no suspect identified
72bd999eb30accba89287d2db20e73d7129d45765fa6d4d88d2229bdc5668af0,2021-07,Hertfordshire Constabulary,Hertfordshire Constabulary,-0.362266,51.799661,On or near OAKHURST AVENUE,E01023696,St Albans 005B,Suspect charged
31ac45ccd96c6492b6028a626522854bbd227aa313fa5e491d1233c29ba197a6,2021-07,Hertfordshire Constabulary,Hertfordshire Constabulary,-0.036124,51.719076,On or near Shopping Area,E01023305,Broxbourne 008D,Investigation complete; no suspect identified
d13db8f9234183bd441b91173bfc7cb73b210c09b3e8c9f1f9bef070e9c422ea,2021-07,Hertfordshire Constabulary,Hertfordshire Constabulary,-0.307188,51.744947,On or near STAVELEY COURT,E01023681,St Albans 016A,Suspect charged
ec17b88f18211e6ad653dda714a697369b3b56773c67ab3223e8f2ba3166aac6,2021-07,Hertfordshire Constabulary,Hertfordshire Constabulary,-0.031006,51.715573,On or near PRESCOTT ROAD,E01023304,Broxbourne 008C,Offender given a caution
6ebed128c696bd126cd6d8d0f30ee1862f2059ed1a344fa197260781686abef6,2021-07,Hertfordshire Constabulary,Hertfordshire Constabulary,-0.274374,51.656815,On or near Supermarket,E01023530,Hertsmere 007B,Investigation complete; no suspect identified
ecd771f526ca98e3cfb8728a9a5575f3dc412267b21834995b0f39cd7bcbed33,2021-07,Hertfordshire Constabulary,Hertfordshire Constabulary,-0.373174,51.664501,On or near PINFOLD ROAD,E01023555,Hertsmere 008D,Investigation complete; no suspect identified
937c5a096f4f2e03542151f539e09c6e756f10b657e8effdafc3f4071a225e54,2021-07,Hertfordshire Constabulary,Hertfordshire Constabulary,-0.342604,51.761170,On or near WAVERLEY ROAD,E01023670,St Albans 009B,Suspect charged
25c9407794bb20fb9c456629b06c6259a80da22b4a7e6575ee4ebda946b62459,2021-07,Hertfordshire Constabulary,Hertfordshire Constabulary,-0.414434,51.872346,On or near HOO STREET,E01015792,Luton 021D,Unable to prosecute suspect
6806f43ae37d40fa69499d8d1df6bc04632c5bd61f06f823f3275cfda4b5ff65,2021-07,Hertfordshire Constabulary,Hertfordshire Constabulary,0.140602,51.876657,On or near Sports/Recreation Area,E01023453,East Hertfordshire 003B,Unable to prosecute suspect
20478ffbbc010f21e8c4d01877d8b9fe35ca7ad7f25fdca24ff35d10c704b689,2021-07,Hertfordshire Constabulary,Hertfordshire Constabulary,-0.026873,51.841009,On or near MILLFIELD,E01023506,East Hertfordshire 006B,Unable to prosecute suspect
a7ae5bc89a6909e8dbde744f1f3b301de6c8c24afb797f15c1b433404dfa99bc,2021-07,Hertfordshire Constabulary,Hertfordshire Constabulary,-0.197256,51.900546,On or near PENN ROAD,E01023758,Stevenage 008D,Suspect charged
b5449b28610770c3087ca70609ef2a263270f3fa2418e53e794f2b15359d2db6,2021-07,Hertfordshire Constabulary,Hertfordshire Constabulary,-0.393527,51.683071,On or near SPRING GARDENS,E01023890,Watford 002A,Unable to prosecute suspect
85cbe03569c6e201163bbf160e793419310496cda69736a906c62975db877e4c,2021-07,Hertfordshire Constabulary,Hertfordshire Constabulary,-0.206035,51.800888,On or near FRETHERNE ROAD,E01023918,Welwyn Hatfield 006C,Investigation complete; no suspect identified
ebc24460b163fa513a5a6d739ba2772ff91ba085af106d4beb2c95ee09250250,2021-07,Hertfordshire Constabulary,Hertfordshire Constabulary,-0.172716,51.801714,On or near Parking Area,E01023951,Welwyn Hatfield 005B,Investigation complete; no suspect identified
c00b276edb1867bd3e10edad984ef3dec014d8640d68d25f74106a52c7e55fdc,2021-07,Hertfordshire Constabulary,Hertfordshire Constabulary,-0.338309,51.721472,On or near PARK PLACE,E01023720,St Albans 019C,Unable to prosecute suspect
9034dc64e48d464753c899ee50c15d466f3c10d3b57496f4fe79f4bf5025a5bd,2021-07,Hertfordshire Constabulary,Hertfordshire Constabulary,-0.006792,52.049844,On or near Sports/Recreation Area,E01023658,North Hertfordshire 002E,Unable to prosecute suspect
c13965a469470e3112c43b02aabd7ea2f288df1d993ab86da4aaa27cee79c7e3,2021-07,Hertfordshire Constabulary,Hertfordshire Constabulary,-0.377819,51.646168,On or near BRICK KILN CLOSE,E01023884,Watford 012C,Suspect charged
64b8297bb2411699345ca9df6f06d69ce99f9111da4ee8b122213632dec7ca81,2021-07,Hertfordshire Constabulary,Hertfordshire Constabulary,-0.491344,51.758254,On or near QUARTERMASS ROAD,E01023429,Dacorum 011D,Investigation complete; no suspect identified
05c28cefa511b26aa04c8d29b093f3802313b13ef01ef87772fa77c5dfe94df3,2021-07,Hertfordshire Constabulary,Hertfordshire Constabulary,-0.477093,51.643415,On or near THE DRIVE,E01023851,Three Rivers 004D,Formal action is not in the public interest
b0629b9624d4e0dad19efc13cc5121359e497a7a62660b65c86e529389fd732b,2021-07,Hertfordshire Constabulary,Hertfordshire Constabulary,-0.475212,51.638292,On or near WENSUM WAY,E01023850,Three Rivers 007C,Unable to prosecute suspect
d5aea8f83620b95db5a3af54266b54eedbbf60b7e00eac1627a2bfaccd290f9f,2021-07,Hertfordshire Constabulary,Hertfordshire Constabulary,-0.198592,51.892951,On or near Shopping Area,E01023786,Stevenage 011D,Unable to prosecute suspect
bed56046d0a5dcab02a84d0f1ea09aeac8823bfea30a312d5cdcde36892fa189,2021-07,Hertfordshire Constabulary,Hertfordshire Constabulary,-0.350088,51.639235,On or near VEGA ROAD,E01023556,Hertsmere 013E,Unable to prosecute suspect
16f3e25a2cbda8800a1c5f7c9f6c59f936a2065f0f80797cc0a0b8b571e541c8,2021-07,Hertfordshire Constabulary,Hertfordshire Constabulary,-0.587984,51.758852,On or near COPPINS CLOSE,E01023371,Dacorum 012C,Unable to prosecute suspect
ee4435d2f596878e93f62bfa45620c041a0442cdfa344a363a899aa94bfb5c62,2021-07,Hertfordshire Constabulary,Hertfordshire Constabulary,-0.436139,51.775462,On or near REDBOURN ROAD,E01023434,Dacorum 005A,Offender given a caution
595ef0069a18956e86ddc2b366c4dc19f5ee87e6343fc0f1ca3c648b784bddb8,2021-07,Hertfordshire Constabulary,Hertfordshire Constabulary,-0.292257,51.721019,On or near ROBINS CLOSE,E01023708,St Albans 018E,Unable to prosecute suspect
cb68a046e912711a0c304f5b75ab52069f1f6159a21699c9dc53092335120103,2021-07,Hertfordshire Constabulary,Hertfordshire Constabulary,-0.101513,51.800406,On or near Supermarket,E01023487,East Hertfordshire 015A,Suspect charged
6b4ce9188aa37697224071da476c363cfb85fff4134b0b87fa3a3b2f8e706966,2021-07,Hertfordshire Constabulary,Hertfordshire Constabulary,-0.271221,51.953323,On or near FORGE CLOSE,E01023601,North Hertfordshire 010A,Unable to prosecute suspect
bc8ab092a74d5368a3b67f1d6ed50a06761317707024d4076e249d56d15f6c9f,2021-07,Hertfordshire Constabulary,Hertfordshire Constabulary,-0.443988,51.772302,On or near Petrol Station,E01023346,Dacorum 013B,Investigation complete; no suspect identified
ad4e87ebe33e6588476a84bf3abe67cb48c8d72112bf401f43088c79651c801f,2021-07,Hertfordshire Constabulary,Hertfordshire Constabulary,-0.211912,51.924230,On or near Hospital,E01023800,Stevenage 002E,Investigation complete; no suspect identified
d20129060bfc67db883fe8c7fde079687516db7ce6ef6e7e49157a7f1d06f819,2021-07,Hertfordshire Constabulary,Hertfordshire Constabulary,0.012152,51.787365,On or near Parking Area,E01023504,East Hertfordshire 018E,Unable to prosecute suspect
fb94b3140abc22c96a8e74df55295a8be7874d8d1c8426a7496432439e72d388,2021-07,Hertfordshire Constabulary,Hertfordshire Constabulary,-0.282002,51.658482,On or near TILEHOUSE CLOSE,E01023532,Hertsmere 007D,Investigation complete; no suspect identified
818881de0bf8b3b4f3d21679151ecd630accfb587c6621a3f21c82a3b3239fcf,2021-07,Hertfordshire Constabulary,Hertfordshire Constabulary,-0.448631,51.643528,On or near FRANKLAND CLOSE,E01023826,Three Rivers 006F,Unable to prosecute suspect
5ba08b302782f93da4c5581a751d733c0e1cde6d91cbc056b0ba664df676d5e4,2021-07,Hertfordshire Constabulary,Hertfordshire Constabulary,-0.396503,51.669246,On or near HATFIELD ROAD,E01023855,Watford 006A,Suspect charged
c0d0e0d4507c1428e58a1e80c3882eaddf0ac7ae423c2e55c5073a930ab5f4b6,2021-07,Hertfordshire Constabulary,Hertfordshire Constabulary,-0.163650,51.917291,On or near APOLLO WAY,E01023773,Stevenage 003C,Unable to prosecute suspect
2f77e5d37b5876033d0a800ef202345046035c6255f47a2f8e7868d83fb36ae2,2021-07,Hertfordshire Constabulary,Hertfordshire Constabulary,-0.209366,51.785256,On or near ST JOSEPHS GREEN,E01023941,Welwyn Hatfield 009C,Investigation complete; no suspect identified
435dc6d8c86885ee83225a0c161172a7d1e71a9be4a0e6d7ff59d3ff7c29bb22,2021-07,Hertfordshire Constabulary,Hertfordshire Constabulary,-0.200803,51.888902,On or near Pedestrian Subway,E01023786,Stevenage 011D,Investigation complete; no suspect identified
e9c1331cdf029e2db2a054b0d7bca9c9355ea16c02e72b33cd0e34ccf56499bf,2021-07,Hertfordshire Constabulary,Hertfordshire Constabulary,-0.025150,51.726724,On or near THE SPRINGS,E01023343,Broxbourne 005D,Investigation complete; no suspect identified
e56e5e27ed59cc0ffd1b4d66bc78d59ed60154a8616dcd4d3b31e4a80ecfbb19,2021-07,Hertfordshire Constabulary,Hertfordshire Constabulary,-0.227088,51.763674,On or near Supermarket,E01023920,Welwyn Hatfield 012A,Investigation complete; no suspect identified
28a076dff518b9dec2fc721b7f7b8c413fd91bcb4909b5d499d6b3da96cd7455,2021-07,Hertfordshire Constabulary,Hertfordshire Constabulary,-0.335697,51.802408,On or near WELBECK RISE,E01023698,St Albans 005D,Unable to prosecute suspect
cf7cac0c46787ab75de30f0a02b3ecc5202ccaba09c9573d79b9f95a500a77c1,2021-07,Hertfordshire Constabulary,Hertfordshire Constabulary,-0.396610,51.663771,On or near Bus/Coach Station,E01023861,Watford 009C,Unable to prosecute suspect
26ca13877b33ebef9f12404bb4637cc602680ae0a1b925362f2a9696b940e226,2021-07,Hertfordshire Constabulary,Hertfordshire Constabulary,-0.656290,51.794360,On or near DUNSLEY PLACE,E01023426,Dacorum 002D,Unable to prosecute suspect
fa5b83abfe491f53938e46d724e2810aa4faa865efc698533cdcc3c1a7d4f83e,2021-07,Hertfordshire Constabulary,Hertfordshire Constabulary,-0.241466,51.764735,On or near CLARKSON COURT,E01033308,Welwyn Hatfield 010E,Unable to prosecute suspect
3abb0785a314b8d003eaf577704af29b661da7df5af9730322602a7452dcc44a,2021-07,Hertfordshire Constabulary,Hertfordshire Constabulary,-0.181495,51.882293,On or near BROADWATER CRESCENT,E01023783,Stevenage 011A,Investigation complete; no suspect identified
48ce91d434bcd05444269c5bdcbbe1249170824e7a13dd3ad67e5af4efc6a619,2021-07,Hertfordshire Constabulary,Hertfordshire Constabulary,-0.265167,51.953719,On or near A505,E01023602,North Hertfordshire 010B,Investigation complete; no suspect identified
459ef066ac44c01b1167e3488c0a37b786708f75bc193222c8116af272349e2b,2021-07,Hertfordshire Constabulary,Hertfordshire Constabulary,-0.126773,51.919048,On or near Sports/Recreation Area,E01023509,East Hertfordshire 002E,Unable to prosecute suspect
79981890448d7847026f7adcdda589218df8949e82d7651dd7fab814320062ce,2021-07,Hertfordshire Constabulary,Hertfordshire Constabulary,-0.587984,51.758852,On or near COPPINS CLOSE,E01023371,Dacorum 012C,Unable to prosecute suspect
ad75ad7b964ad9b4c013f128158262fbbd8f127532d73c2bdbd5d23a44add5a3,2021-07,Hertfordshire Constabulary,Hertfordshire Constabulary,-0.191894,51.844741,On or near BRIARY WOOD LANE,E01023966,Welwyn Hatfield 001B,Unable to prosecute suspect
7ba40e5214db575cab3ac495c1b2542dab73da2ca86608995a95df9c0e6278bb,2021-07,Hertfordshire Constabulary,Hertfordshire Constabulary,-0.015737,51.777633,On or near Park/Open Space,E01023317,Broxbourne 001B,Unable to prosecute suspect
7ca1496860ab682edf0a529adff3351a84919e2718ea5e46a68b3fd4796e7506,2021-07,Hertfordshire Constabulary,Hertfordshire Constabulary,-0.170330,51.802253,On or near LITTLE HARDINGS,E01023951,Welwyn Hatfield 005B,Unable to prosecute suspect
24b44c1f3a4f717885d6078d0b975a000b6f6104c4cab401d3e3b3407180573f,2021-07,Hertfordshire Constabulary,Hertfordshire Constabulary,-0.101398,51.800036,On or near FLEMING CRESCENT,E01023487,East Hertfordshire 015A,Unable to prosecute suspect
cadfdbec0e0b90c8472b77c12c1217b5ae81e9c2b5072e8320631bf2f48a41e2,2021-07,Hertfordshire Constabulary,Hertfordshire Constabulary,-0.284464,51.658752,On or near THE REDDINGS,E01023532,Hertsmere 007D,Unable to prosecute suspect
be9769026bea0d93306bfc7b1e57f2a018d4c08cf98cba8fa5241bcc6b98b446,2021-07,Hertfordshire Constabulary,Hertfordshire Constabulary,-0.225427,51.687369,On or near BIGNELLS CORNER,E01023584,Hertsmere 004D,Unable to prosecute suspect
45cd05be5462be8829e05671dc047730683a0d24cdd4eaba6a7692b64aa1a097,2021-07,Hertfordshire Constabulary,Hertfordshire Constabulary,-0.411005,51.652772,On or near KINGS AVENUE,E01023900,Watford 010B,Unable to prosecute suspect
2504e0062646b7202a0de4cd484cc4b6d3d7917791ec5319d89da2cc084f264c,2021-07,Hertfordshire Constabulary,Hertfordshire Constabulary,-0.222025,51.978190,On or near HILLSHOTT,E01023631,North Hertfordshire 006B,Offender given a caution
503d0a32350e5db4361c93938c8b4181623499c27baacf0dac4371946c657d4a,2021-07,Hertfordshire Constabulary,Hertfordshire Constabulary,-0.339165,51.753028,On or near WADDINGTON ROAD,E01023727,St Albans 012B,Unable to prosecute suspect
ecd29f7413271549242273f9615441c5ac0bddbbeab10bfe2bd8118bc5876e05,2021-07,Hertfordshire Constabulary,Hertfordshire Constabulary,-0.210408,51.905728,On or near Sports/Recreation Area,E01023776,Stevenage 002A,Investigation complete; no suspect identified
b9ce313da6fbf02331a452d38976cfa97d8c84218c2cfbf22828c6656efe6618,2021-07,Hertfordshire Constabulary,Hertfordshire Constabulary,-0.202790,51.901746,On or near Bus/Coach Station,E01023758,Stevenage 008D,Unable to prosecute suspect
fc3b99d5a9854090a094053615eb0db9718487022644bb99dedfd6e289aa6661,2021-07,Hertfordshire Constabulary,Hertfordshire Constabulary,-0.377574,51.649402,On or near SILVERDALE ROAD,E01023559,Hertsmere 012B,Suspect charged
ae39e3fef2e3063fc2544ff82f2555d7593c3e7263ce139dc69a9a22954e58fa,2021-07,Hertfordshire Constabulary,Hertfordshire Constabulary,-0.483585,51.659774,On or near LOUDWATER HEIGHTS,E01023813,Three Rivers 004B,Unable to prosecute suspect
c5960b3779138b62be0561b3a48e134d44db6bb92a7bde62a83afe8304f04475,2021-07,Hertfordshire Constabulary,Hertfordshire Constabulary,-0.392799,51.635376,On or near BEAULIEU CLOSE,E01023846,Three Rivers 008D,Investigation complete; no suspect identified
780406001897b7b9993b4c5019af21c04323c882cfc6fc682ec209fc9be31ccd,2021-07,Hertfordshire Constabulary,Hertfordshire Constabulary,0.174073,51.869083,On or near WAYLETTS DRIVE,E01023438,East Hertfordshire 005A,Unable to prosecute suspect
713f9d386ea13711f8d879322940a78eb5e433027123924ca1b03c80f5a1004b,2021-07,Hertfordshire Constabulary,Hertfordshire Constabulary,-0.278190,51.655675,On or near Supermarket,E01023530,Hertsmere 007B,Investigation complete; no suspect identified
ff9cda2328752964fadeacc293afa11f71627a20bc176bf1b56fec1fb38af0e3,2021-07,Hertfordshire Constabulary,Hertfordshire Constabulary,-0.304832,51.767231,On or near BLACKTHORN CLOSE,E01023710,St Albans 008B,Unable to prosecute suspect
276e6f3ab3ad222d4299117ee82c3006f9529471952c93d0427e94e959d688af,2021-07,Hertfordshire Constabulary,Hertfordshire Constabulary,-0.320052,51.752721,On or near ST PAUL'S PLACE,E01023674,St Albans 011B,Action to be taken by another organisation
d946299515530d3dab6a0f552493c069291b95d13f82180ea96a9abd399f29ba,2021-07,Hertfordshire Constabulary,Hertfordshire Constabulary,-0.030363,52.055078,On or near NORTH CLOSE,E01023656,North Hertfordshire 002C,Unable to prosecute suspect
c5bcd8efe957d95d497098081bc7c199579bee14a7d89bae1e0f43594f3fb187,2021-07,Hertfordshire Constabulary,Hertfordshire Constabulary,-0.030866,51.722468,On or near HURON ROAD,E01023342,Broxbourne 005C,Investigation complete; no suspect identified
6ead3f349f06714e6867f4587a02bb2839e742db0c0fe09687c601290b0b4677,2021-07,Hertfordshire Constabulary,Hertfordshire Constabulary,-0.411764,51.649680,On or near BELGRAVE AVENUE,E01023863,Watford 011A,Investigation complete; no suspect identified
08e39b097e95f8b4b09aa549071a0eb67383de33f5188cfd002d3722728d9cc2,2021-07,Hertfordshire Constabulary,Hertfordshire Constabulary,-0.489318,51.753858,On or near GULLBROOK,E01023381,Dacorum 018E,Unable to prosecute suspect
a16eec3ab474fa25de8a8c8d9af9dae6ae01b467c0259617282dda64c56d51e5,2021-07,Hertfordshire Constabulary,Hertfordshire Constabulary,-0.171840,51.895011,On or near WIGRAM WAY,E01023793,Stevenage 010C,Unable to prosecute suspect
a3914322bea192c7b46bb6e7d5a3ad83116dffd12b6357f9cfb34c01fd1527f5,2021-07,Hertfordshire Constabulary,Hertfordshire Constabulary,-0.339129,51.827022,On or near PICKFORD HILL,E01023687,St Albans 002C,Investigation complete; no suspect identified
3b63c93a8f10f9a637b6d526effca49367c9cc435c1ba685bd4c3d90e62dd0b0,2021-07,Hertfordshire Constabulary,Hertfordshire Constabulary,-0.486075,51.636265,On or near DELLWOOD,E01023852,Three Rivers 007D,Unable to prosecute suspect
3140585658d8189309101b23327c5bdcc410216a74d808d99fb48445b6e61720,2021-07,Hertfordshire Constabulary,Hertfordshire Constabulary,-0.280702,51.956950,On or near BEARTON ROAD,E01023603,North Hertfordshire 010C,Suspect charged
dbee2da0cf46345e364fccbedcfe083b7ffc354999caa4f5ca5613fd7dc529c3,2021-07,Hertfordshire Constabulary,Hertfordshire Constabulary,-0.390643,51.785144,On or near BEAUMONT HALL LANE,E01023722,St Albans 006A,Investigation complete; no suspect identified
6700263d1cc472b6f976aef010f93a5b0a5a2b586e5e9dfceeac34f26e7ba0e5,2021-07,Hertfordshire Constabulary,Hertfordshire Constabulary,-0.388834,51.620863,On or near LIPHOOK ROAD,E01023843,Three Rivers 012C,Unable to prosecute suspect
7ffc91baacd97165b909274bf34b57d9cafdc923aa116b6af130678f8e8832b2,2021-07,Hertfordshire Constabulary,Hertfordshire Constabulary,-0.304488,51.637057,On or near A41,E01023564,Hertsmere 010B,Unable to prosecute suspect
a5f38dfd364348c865820538e8059ee32eab9f47da5c1f330ae7ce708b7a670b,2021-07,Hertfordshire Constabulary,Hertfordshire Constabulary,-0.026667,51.816502,On or near HOMEFIELD ROAD,E01023519,East Hertfordshire 012E,Unable to prosecute suspect
1f5995cc4a038e9dd2f65e183217ba561b741384ae03e7a454ac370c7e84bf27,2021-07,Hertfordshire Constabulary,Hertfordshire Constabulary,-0.336975,51.751505,On or near Shopping Area,E01023727,St Albans 012B,Investigation complete; no suspect identified
081e64df698a31f79f01ce90965a50048d2f0d7978d7008416a0bbdd5ed1cd13,2021-07,Hertfordshire Constabulary,Hertfordshire Constabulary,-0.040375,51.710155,On or near Petrol Station,E01023303,Broxbourne 008B,Investigation complete; no suspect identified
b488b2f629d64f53443651ac153f88c01cfe18ef05044389d312b4d2cd42ccdf,2021-07,Hertfordshire Constabulary,Hertfordshire Constabulary,-0.274836,51.654537,On or near Parking Area,E01023539,Hertsmere 011A,Investigation complete; no suspect identified
881d518c007207468384d9c032cad44cf3c61195c00e44a884779ba81d7af50e,2021-07,Hertfordshire Constabulary,Hertfordshire Constabulary,-0.228305,51.766642,On or near BURFIELD CLOSE,E01033311,Welwyn Hatfield 010F,Suspect charged
34e1162f75ec4975717be7da38b06dd62578237ed1fa7ecc3d48c1cf8e9ff7a0,2021-07,Hertfordshire Constabulary,Hertfordshire Constabulary,-0.333009,51.713223,On or near HAMPDEN PLACE,E01023720,St Albans 019C,Investigation complete; no suspect identified
5ec7634b93aa9011e1be81d0d94e4dc4c8ef16f399bd2fccf5cd29a11c38a542,2021-07,Hertfordshire Constabulary,Hertfordshire Constabulary,-0.214864,51.823745,On or near Petrol Station,E01023970,Welwyn Hatfield 002D,Investigation complete; no suspect identified
31bc259aa52a54cbb1d425326be9546f82fb04da0ae318135740a107ed70ffe4,2021-07,Hertfordshire Constabulary,Hertfordshire Constabulary,-0.474584,51.739227,On or near RIVERSEND ROAD,E01023354,Dacorum 018B,Unable to prosecute suspect
ea694b894584987f8e33d7f2778b62ea5a7db81c842d5b9f6e539ec6ea2d7f90,2021-07,Hertfordshire Constabulary,Hertfordshire Constabulary,-0.023027,51.480240,On or near DEPTFORD CHURCH STREET,E01033727,Greenwich 035B,Unable to prosecute suspect
f3879f555624881c1ea2f59f2eb7931b7c01202f9bd3e0774a3689c39e6ec680,2021-07,Hertfordshire Constabulary,Hertfordshire Constabulary,0.140602,51.876657,On or near Sports/Recreation Area,E01023453,East Hertfordshire 003B,Unable to prosecute suspect
5cd284cb1162c9163b7449d459734af5d759ccc9ad678a5aafaa2412dcf056af,2021-07,Hertfordshire Constabulary,Hertfordshire Constabulary,-0.275182,51.661403,On or near CANTERBURY ROAD,E01023530,Hertsmere 007B,Suspect charged
5c1fa14c3ae52f3b5bb21c5c104fcc93602b0aab5d989c1d274830c05ba534e3,2021-07,Hertfordshire Constabulary,Hertfordshire Constabulary,-0.263971,51.660042,On or near Pedestrian Subway,E01023537,Hertsmere 006D,Unable to prosecute suspect
87d1c6b65f113b17c4cef317fa3d32a5bcdb783a128393c6c358a30ffb1fb141,2021-07,Hertfordshire Constabulary,Hertfordshire Constabulary,-0.176815,51.922909,On or near Pedestrian Subway,E01023789,Stevenage 001C,Offender given a caution
c9d7037292ef4de56d7c053c701332f90986d896a36a6640e4c61d3c9067a0c7,2021-07,Hertfordshire Constabulary,Hertfordshire Constabulary,-0.426299,51.823311,On or near Petrol Station,E01023430,Dacorum 001A,Suspect charged
050fa470b19f07f14ceb884c90685fb40feb29ed5c12c40b5a6638b2deb19399,2021-07,Hertfordshire Constabulary,Hertfordshire Constabulary,-0.352937,51.723297,On or near DELL RISE,E01023718,St Albans 019A,Unable to prosecute suspect
1fd560a20b535fb2a56e3fa1d56c34e3b644eb0faa4c552d34d338fd4bc43670,2021-07,Hertfordshire Constabulary,Hertfordshire Constabulary,-0.112543,51.708144,On or near Supermarket,E01023947,Welwyn Hatfield 016A,Investigation complete; no suspect identified
69bb11c80c2cb4c88b63465378d633aa61823974e4f6d4f061f568ddeb4ef0c7,2021-07,Hertfordshire Constabulary,Hertfordshire Constabulary,-0.470965,51.747749,On or near SELDEN HILL,E01023398,Dacorum 015D,Unable to prosecute suspect
e00ce91945ceddab887e6e2aadc77042b9e8f2f792b19567b0aef4e96c6b0e98,2021-07,Hertfordshire Constabulary,Hertfordshire Constabulary,-0.339165,51.753028,On or near WADDINGTON ROAD,E01023727,St Albans 012B,Investigation complete; no suspect identified
ec821e960430d18324ef6fdb1896eb4c2288194d92b836fd4f3b2e6ce87f4b47,2021-07,Hertfordshire Constabulary,Hertfordshire Constabulary,-0.124212,51.771384,On or near Park/Open Space,E01023486,East Hertfordshire 010B,Suspect charged
c008c25270377f9892581b370c618eb613cb66408d10533193a18b71ef617fba,2021-07,Hertfordshire Constabulary,Hertfordshire Constabulary,0.140602,51.876657,On or near Sports/Recreation Area,E01023453,East Hertfordshire 003B,Investigation complete; no suspect identified
a2d428f2d14b484c2b2299ae10902f8555e29f9fe100e8d61d406d63f132f7e4,2021-07,Hertfordshire Constabulary,Hertfordshire Constabulary,-0.466939,51.723302,On or near LADY MEADOW,E01023407,Dacorum 022B,Unable to prosecute suspect
5eac23273bcfaa33407b21a7367fa0419d2ba05940dec3a42e30b5b0d7a457ea,2021-07,Hertfordshire Constabulary,Hertfordshire Constabulary,-0.308240,51.663997,On or near Sports/Recreation Area,E01023524,Hertsmere 005B,Suspect charged
19aaee92543f12672f2df337f65dda6beb8c4bedd071b80538478293932f14c1,2021-07,Hertfordshire Constabulary,Hertfordshire Constabulary,-0.461738,51.735786,On or near MINOAN DRIVE,E01033022,Dacorum 018G,Offender given a caution
ea84d2ae89a8b1617ea054f398c702e66faf7049b7994e17197f41c337748001,2021-07,Hertfordshire Constabulary,Hertfordshire Constabulary,-0.200217,51.704367,On or near SUMMIT ROAD,E01023570,Hertsmere 002D,Unable to prosecute suspect
3ab8fbc6ef4161adda8b988b4accfa24445e22eeec31b5fe33bc99e7741e4633,2021-07,Hertfordshire Constabulary,Hertfordshire Constabulary,0.022430,51.907802,On or near HULL LANE,E01023463,East Hertfordshire 003E,Investigation complete; no suspect identified
950ef63f2780867c379f8d4363ae1434f4cc20aaf3d89b943a859bd1c443dac4,2021-07,Hertfordshire Constabulary,Hertfordshire Constabulary,-0.412796,51.706200,On or near TIBBS HILL ROAD,E01023804,Three Rivers 001C,Unable to prosecute suspect
991366e3426a4f3a4c2c3d8b767fb72df4c0c4e368ab3193e7858f026cfea338,2021-07,Hertfordshire Constabulary,Hertfordshire Constabulary,-0.385430,51.693948,On or near ST ALBANS ROAD,E01023905,Watford 001B,Unable to prosecute suspect
c7f7ec40b0d27adab9977f7dbb1a3b2e96d27460bd961dee65e1d26621649e5f,2021-07,Hertfordshire Constabulary,Hertfordshire Constabulary,-0.403329,51.700892,On or near Supermarket,E01023833,Three Rivers 002D,Local resolution
9ae1e40b7bbb188760ccc811c105d34d43287371b5ea100193c9af0f112c0259,2021-07,Hertfordshire Constabulary,Hertfordshire Constabulary,0.083999,51.647287,On or near Parking Area,E01021776,Epping Forest 011C,Suspect charged
3544c954310d3f58b4c48b4277a195d66254e6cad3960acbba770ab028be2eb7,2021-07,Hertfordshire Constabulary,Hertfordshire Constabulary,-0.578275,51.770865,On or near SAYERS GARDENS,E01023363,Dacorum 009C,Investigation complete; no suspect identified
06a74a68593b558696f4d95f1761d02d46ddacca5729b955e9b0380538c29728,2021-07,Hertfordshire Constabulary,Hertfordshire Constabulary,0.020095,51.884597,On or near SAFFRON MEADOWS,E01023507,East Hertfordshire 006C,Suspect charged
d4e5c91e7422aeaa79e3f32e83381f272b72797cef55d7a4302442605f98fb44,2021-07,Hertfordshire Constabulary,Hertfordshire Constabulary,-0.256941,51.957177,On or near Parking Area,E01023618,North Hertfordshire 011B,Unable to prosecute suspect
37baad4cba139ee0bb5060017b970ebff9f7911480febcb988cd78f717933a7e,2021-07,Hertfordshire Constabulary,Hertfordshire Constabulary,-0.405429,51.647742,On or near WILLOW LANE,E01023901,Watford 010C,Unable to prosecute suspect
f541fcfd1d0634de88c97f86f391429dcad10f2c26962d65f40d4118ead283f3,2021-07,Hertfordshire Constabulary,Hertfordshire Constabulary,-0.298339,51.753379,On or near Sports/Recreation Area,E01023664,St Albans 013A,Investigation complete; no suspect identified
5c5b587b8caf50f4fd1d2f31c7b2ec9929025a2fe7280dd8fe525c60c660ef1d,2021-07,Hertfordshire Constabulary,Hertfordshire Constabulary,-0.071448,51.800726,On or near SPENCER STREET,E01023478,East Hertfordshire 017D,Unable to prosecute suspect
30c27757973e85da03c1e2be987c7f2dcad433221b3af8853d049955d9e5483d,2021-07,Hertfordshire Constabulary,Hertfordshire Constabulary,0.012152,51.787365,On or near Parking Area,E01023504,East Hertfordshire 018E,Unable to prosecute suspect
e6b6c1da0397e7c29826ac5de47d3e4ef7a5db2f086bc125251bd0e00f0f23a3,2021-07,Hertfordshire Constabulary,Hertfordshire Constabulary,-0.173937,51.790862,On or near LITTLE GANETT,E01023943,Welwyn Hatfield 008A,Investigation complete; no suspect identified
65cc476868abe30225e2499ea6a14d04ec910b4862a4ed1abb293f1e7c3032b5,2021-07,Hertfordshire Constabulary,Hertfordshire Constabulary,,,No location,,,Investigation complete; no suspect identified
79ff74dfa3564cd492e2d4cb4bc5b34ded8e9411114b62ff15f750fe0ce35455,2021-07,Hertfordshire Constabulary,Hertfordshire Constabulary,-0.023265,51.813028,On or near POPIS GARDENS,E01023518,East Hertfordshire 012D,Unable to prosecute suspect
bb66550752574a58e3eb25dc789e26a653176803ef17207429121a3c6419d877,2021-07,Hertfordshire Constabulary,Hertfordshire Constabulary,-0.563289,51.760378,On or near Supermarket,E01023361,Dacorum 009A,Investigation complete; no suspect identified
a3fe5f5b1105edd596ee71543a379d93a06eb66edf6c6fbabb137bf8572899ac,2021-07,Hertfordshire Constabulary,Hertfordshire Constabulary,-0.307193,51.779287,On or near HOPKINS CRESCENT,E01023736,St Albans 007D,Unable to prosecute suspect
9a7cd8bb54aae687caa207625d3e81927e3a8424c5594b871a1f1d1d6d199c0b,2021-07,Hertfordshire Constabulary,Hertfordshire Constabulary,-0.345581,51.739604,On or near PRAETORIAN COURT,E01023737,St Albans 017A,Investigation complete; no suspect identified
d1048e73eecc4fa38c3d4907215d197b27761711e63d1422991fafddec8e09a1,2021-07,Hertfordshire Constabulary,Hertfordshire Constabulary,0.144079,51.861190,On or near ELLENBOROUGH CLOSE,E01023448,East Hertfordshire 007F,Investigation complete; no suspect identified
b098e58c925aea64c24a236c44cb722bc163982e2d20c246d1b6ffdee0dc3a2f,2021-07,Hertfordshire Constabulary,Hertfordshire Constabulary,-0.224353,51.771348,On or near HOMESTEAD ROAD,E01023929,Welwyn Hatfield 010A,Investigation complete; no suspect identified
dd6bf8f1741ec7bc6489d6d0cfabbf131aee1ff4747f59dfa5211bf5dd58cba7,2021-07,Hertfordshire Constabulary,Hertfordshire Constabulary,-0.444365,51.625451,On or near TEMPLE GARDENS,E01023841,Three Rivers 011C,Investigation complete; no suspect identified
63401e881ad72cdc4c45a20581554084f910e159080a899fbf8d42a4dcfab5a2,2021-07,Hertfordshire Constabulary,Hertfordshire Constabulary,-0.224473,51.746487,On or near MILLWARDS,E01023933,Welwyn Hatfield 014A,Unable to prosecute suspect
ab36dc4fd7acf41f4548a82509523c995737338f8e435975beed555aeed97198,2021-07,Hertfordshire Constabulary,Hertfordshire Constabulary,-0.171800,51.690899,On or near OAKMERE AVENUE,E01023575,Hertsmere 003E,Unable to prosecute suspect
89015f2595b3c038d23d5b57803bca3dab6befc06aa40554c11304ab782acf8e,2021-07,Hertfordshire Constabulary,Hertfordshire Constabulary,-0.085202,51.804719,On or near WESTFIELD ROAD,E01023474,East Hertfordshire 014E,Investigation complete; no suspect identified
fb95aff5b2869f026da3173cc037803e2ae8f2478fb9ae7f33de6d21b6c512c0,2021-07,Hertfordshire Constabulary,Hertfordshire Constabulary,-0.246361,51.981414,On or near HALL MEAD,E01023650,North Hertfordshire 007B,Unable to prosecute suspect
5a361fca6314d57430a09a1ab9a9e9bd0e1edfa4293ec8b889b94d95e3d319ce,2021-07,Hertfordshire Constabulary,Hertfordshire Constabulary,-0.668468,51.792979,On or near GOLDFIELD ROAD,E01023425,Dacorum 002C,Investigation complete; no suspect identified
d4b814ce1bbd19c658f9da8a3493ae83ca2a3ee96a696d06ca0f1276513ec19a,2021-07,Hertfordshire Constabulary,Hertfordshire Constabulary,-0.207334,51.911733,On or near CHURCH LANE,E01023775,Stevenage 006A,Local resolution
d74b68d43384ac095ea889ce721e543736ebe0a1ae982eaaf92d2bd8c8c07a4c,2021-07,Hertfordshire Constabulary,Hertfordshire Constabulary,-0.276743,51.655716,On or near Shopping Area,E01023530,Hertsmere 007B,Investigation complete; no suspect identified
5dc307d26c8a730381f24712ed443d297a5e247c8e1ef5d4082cba1770270983,2021-07,Hertfordshire Constabulary,Hertfordshire Constabulary,-0.471724,51.750133,On or near KING HARRY STREET,E01023398,Dacorum 015D,Unable to prosecute suspect
70985e4348fca1a2d212db9135aab687aa82e838ac0c2c51c6105b73fa7752dc,2021-07,Hertfordshire Constabulary,Hertfordshire Constabulary,-0.427348,51.755644,On or near Petrol Station,E01023409,Dacorum 017A,Suspect charged
4fe72fa51c9e5ae02a9e72d31b3e4fe4041c82c9126a23dc1247c07316e96701,2021-07,Hertfordshire Constabulary,Hertfordshire Constabulary,-0.067228,51.797321,On or near NEWLAND GARDENS,E01023477,East Hertfordshire 017C,Investigation complete; no suspect identified
ce30f316fb06a16511c62f71277e508b0f9a85f8ada65dda286d16802a48d0ac,2021-07,Hertfordshire Constabulary,Hertfordshire Constabulary,-0.312202,51.651546,On or near Park/Open Space,E01023528,Hertsmere 010A,Investigation complete; no suspect identified
1bbe4fb7dff3e25b20d0d61616df4aa57c63bd80678e478d78910cde7dd046b6,2021-07,Hertfordshire Constabulary,Hertfordshire Constabulary,-0.382655,51.689387,On or near CODICOTE DRIVE,E01023877,Watford 003E,Investigation complete; no suspect identified
a7c0474185228ee0d7d16921106206639769e606e67055e67b3f5dc0a67c74a5,2021-07,Hertfordshire Constabulary,Hertfordshire Constabulary,-0.433203,51.777374,On or near ROWLEY WALK,E01023437,Dacorum 005D,Unable to prosecute suspect
0a1b1e2abc16313b8ac17c76cb45eda196750b85f5c4255c9b374d365a4d8cc1,2021-07,Hertfordshire Constabulary,Hertfordshire Constabulary,-0.308078,51.639617,On or near CENTENNIAL AVENUE,E01023564,Hertsmere 010B,Unable to prosecute suspect
5794438b5d64a51b46329f161b0401bcaae4d45932bd88cef97193f03a28169d,2021-07,Hertfordshire Constabulary,Hertfordshire Constabulary,-0.348263,51.756205,On or near Petrol Station,E01023728,St Albans 012C,Offender given a caution
5c097e57d4e327208128f40cf9261a5a2131b38ebf34b51bd0fb9824956c7075,2021-07,Hertfordshire Constabulary,Hertfordshire Constabulary,-0.186998,51.906215,On or near Petrol Station,E01023781,Stevenage 006D,Suspect charged
1cbf93d4cd2485527680146099bb48e34763b11a98fa39778b09f16db34bb1c1,2021-07,Hertfordshire Constabulary,Hertfordshire Constabulary,-0.317646,51.684095,On or near WATLING STREET,E01023525,Hertsmere 005C,Investigation complete; no suspect identified
07cb08e918983deaf4f6762a5271c814c85d46208805caf3a4726235789a396d,2021-07,Hertfordshire Constabulary,Hertfordshire Constabulary,-0.033443,51.682423,On or near HIGH STREET,E01001552,Enfield 001D,Investigation complete; no suspect identified
0625a12c8fb584e433ad9f4c62337f1a36702f9a73c3454dd9aa12377bc71b9a,2021-07,Hertfordshire Constabulary,Hertfordshire Constabulary,-0.267191,51.959333,On or near Park/Open Space,E01023605,North Hertfordshire 010E,Investigation complete; no suspect identified
7d7b0b5a4d79fdbd4b66952f40f27bcb7008c77716bea2da9c967e8708abd9a8,2021-07,Hertfordshire Constabulary,Hertfordshire Constabulary,-0.267140,51.660350,On or near Parking Area,E01023537,Hertsmere 006D,Unable to prosecute suspect
1cabf4da3079e1241b8de7241f83e9e35480d5505fd37eb0c076d83db352b0b6,2021-07,Hertfordshire Constabulary,Hertfordshire Constabulary,-0.021188,51.686129,On or near ELEANOR WAY,E01023338,Broxbourne 013C,Investigation complete; no suspect identified
a389c1d84089919680f2a726842a96b15888ef7b05216831afb023f3b3712ce1,2021-07,Hertfordshire Constabulary,Hertfordshire Constabulary,0.023138,51.886667,On or near MEADOW WALK,E01023498,East Hertfordshire 006A,Investigation complete; no suspect identified
4c90b8adb6357b9a550091452aa7aff05519e18c17464772cce4d781f2240f4d,2021-07,Hertfordshire Constabulary,Hertfordshire Constabulary,-0.386570,51.627675,On or near Petrol Station,E01023805,Three Rivers 010A,Suspect charged
833eabb412f1b7e62f6f74e9b2c202dd3a973ff6b7c39f9a36acc7688aa7e314,2021-07,Hertfordshire Constabulary,Hertfordshire Constabulary,-0.235137,51.697712,On or near Parking Area,E01023584,Hertsmere 004D,Unable to prosecute suspect
91364552737a7bd614c976f7140dde70949cc97f4234d68554862ae4250713ab,2021-07,Hertfordshire Constabulary,Hertfordshire Constabulary,-0.321312,51.654195,On or near HOGG LANE,E01023528,Hertsmere 010A,Investigation complete; no suspect identified
fbe0f7b0476051261989523cd044f55ad43907160dd834f44970954d8743e986,2021-07,Hertfordshire Constabulary,Hertfordshire Constabulary,-0.336758,51.752293,On or near Police Station,E01023727,St Albans 012B,Suspect charged
321a5d7231cb23618ea58be981c6fc038b55976026dddfc39d7df1a93ee891a5,2021-07,Hertfordshire Constabulary,Hertfordshire Constabulary,-0.397609,51.668245,On or near Supermarket,E01023855,Watford 006A,Investigation complete; no suspect identified
de5280959d81a10547d5bdc42dead9fb3252aa7c5e6fa9dd023dcc561fbb7a16,2021-07,Hertfordshire Constabulary,Hertfordshire Constabulary,-0.226155,51.749048,On or near KINGSMILL COURT,E01023936,Welwyn Hatfield 013D,Unable to prosecute suspect
bd89caef960e4bf3f067cea4fb52deabbfd2a2c0ac3c9c4eaa1fe3d6df73b0e9,2021-07,Hertfordshire Constabulary,Hertfordshire Constabulary,-0.394087,51.699120,On or near BOUNDARY WAY,E01023905,Watford 001B,Suspect charged
ffce6ed02f1c2d7563ac0a3971b55f439aec2770d6da08fb32e95f7591ec3c2d,2021-07,Hertfordshire Constabulary,Hertfordshire Constabulary,-0.295190,51.726582,On or near Sports/Recreation Area,E01023706,St Albans 018C,Unable to prosecute suspect
eeed2766217bce72e56fc5ff969d5579906c134c137bd34d94aaf3c0550e8502,2021-07,Hertfordshire Constabulary,Hertfordshire Constabulary,-0.176361,51.898929,On or near STEPHENSON MEWS,E01023761,Stevenage 007C,Investigation complete; no suspect identified
37c1ae857d1e096ddccec7c370c2562c1e5bd528c98232a9b1ac7c93e83c8d05,2021-07,Hertfordshire Constabulary,Hertfordshire Constabulary,-0.197256,51.900546,On or near PENN ROAD,E01023758,Stevenage 008D,Unable to prosecute suspect
f7823b42d7e5cdc3d4d8e8d8cccc14e704b275206e11d859361c36aef31b1b8b,2021-07,Hertfordshire Constabulary,Hertfordshire Constabulary,-0.011977,51.743785,On or near OLD NAZEING ROAD,E01023292,Broxbourne 004D,Unable to prosecute suspect
2f558de5d7a5e0ee70b256032ae4479f598c925f83feee6163c8353ffb175634,2021-07,Hertfordshire Constabulary,Hertfordshire Constabulary,-0.241235,51.763599,On or near Supermarket,E01033308,Welwyn Hatfield 010E,Investigation complete; no suspect identified
7c78aeb6bf6abbc66a6cc0d93f65e3394258fae77892a837ce7bc992be48bd27,2021-07,Hertfordshire Constabulary,Hertfordshire Constabulary,-0.172920,51.907427,On or near DARWIN ROAD,E01023762,Stevenage 007D,Unable to prosecute suspect
c932f8f95840ad0f3ad9e62c706195e3767857f22b27fc656caae443ec34a0ae,2021-07,Hertfordshire Constabulary,Hertfordshire Constabulary,-0.022477,51.724926,On or near ROBINIA ROAD,E01023342,Broxbourne 005C,Unable to prosecute suspect
ed49b7dd9e2e22e5fabf464057635b62eecc6f6ab6c71c55cbaa1e5b08cd0864,2021-07,Hertfordshire Constabulary,Hertfordshire Constabulary,-0.434420,51.746387,On or near MALMES CROFT,E01023413,Dacorum 017E,Suspect charged
0bf25df7ef0a0b40f9cfd2925fa86488549b0ba49b35caf671defc3220d33525,2021-07,Hertfordshire Constabulary,Hertfordshire Constabulary,-0.381578,51.648585,On or near WELLSFIELD,E01023553,Hertsmere 008B,Investigation complete; no suspect identified
4256b50af04541d9cbe4f04eb450daf10cf7a712a5b4a5e7864dad6201c790c4,2021-07,Hertfordshire Constabulary,Hertfordshire Constabulary,-0.186077,51.881455,On or near BROOKHILL,E01023783,Stevenage 011A,Unable to prosecute suspect
f69902bfafcbb074a76ba69cf5293f8c905ebf4d566b9b32f8b01bb2100d36b5,2021-07,Hertfordshire Constabulary,Hertfordshire Constabulary,-0.282697,51.668024,On or near Supermarket,E01023536,Hertsmere 006C,Suspect charged
abf5ae34c7a12053cf709031688ee0f36d88253e4cf2521eb824d23c8de38d4c,2021-07,Hertfordshire Constabulary,Hertfordshire Constabulary,-0.284363,51.649174,On or near GRANGE ROAD,E01023566,Hertsmere 010D,Investigation complete; no suspect identified
6b05014459b0fc83c80908cec9ca0250520cb047a210290596aa29980b2bdacb,2021-07,Hertfordshire Constabulary,Hertfordshire Constabulary,0.165134,51.869860,On or near HOCKERILL STREET,E01023450,East Hertfordshire 004B,Investigation complete; no suspect identified
ab1f1c29537bc803a86a4d1de0ec07734125ef1a833b6d28b3a3ef4e6121bced,2021-07,Hertfordshire Constabulary,Hertfordshire Constabulary,-0.274374,51.656815,On or near Supermarket,E01023530,Hertsmere 007B,Investigation complete; no suspect identified
96d04cd22de893f60ce592226520d51a09233e79c922666eac94ad0c300a0400,2021-07,Hertfordshire Constabulary,Hertfordshire Constabulary,-0.328114,51.749796,On or near Parking Area,E01023729,St Albans 012D,Suspect charged
dc2983b494a50f44f0fc5fb85f8fc86d8444862f8dee76da67bfa45e03e90dd0,2021-07,Hertfordshire Constabulary,Hertfordshire Constabulary,-0.180979,51.707695,On or near CHESTER CLOSE,E01023911,Welwyn Hatfield 015D,Unable to prosecute suspect
66235d5ddd49e30fe228553383285fac6089bd033c088f4ebe00205ae7655192,2021-07,Hertfordshire Constabulary,Hertfordshire Constabulary,-0.253023,51.658612,On or near Petrol Station,E01023546,Hertsmere 009C,Investigation complete; no suspect identified
19ef7233cb9c176eb906c38d3cfac46e462ae6d0cf7d902d662da8369eb22e77,2021-07,Hertfordshire Constabulary,Hertfordshire Constabulary,-0.343886,51.750289,On or near Sports/Recreation Area,E01023743,St Albans 014B,Suspect charged
d7f490cb250a84642ecf47791ba82c814b2ce5d30618c74e436af4060b38e893,2021-07,Hertfordshire Constabulary,Hertfordshire Constabulary,-0.256941,51.957177,On or near Parking Area,E01023618,North Hertfordshire 011B,Suspect charged
b71b51357311c5743acd7b951c3b688a55619118d5967cf68f97bd80ffbab6ab,2021-07,Hertfordshire Constabulary,Hertfordshire Constabulary,-0.392109,51.688393,On or near SEVERN WAY,E01023893,Watford 002D,Unable to prosecute suspect
23eae617b9125486ab244e772153899bb4cac52413fad6a7458a343a9a5cbc0e,2021-07,Hertfordshire Constabulary,Hertfordshire Constabulary,-0.165329,51.693478,On or near FETHERSTONE CLOSE,E01023574,Hertsmere 003D,Investigation complete; no suspect identified
5a3fc35f6e59b86b9abab88cb395c709242b46ad945281b68bf5ac242e862e36,2021-07,Hertfordshire Constabulary,Hertfordshire Constabulary,-0.168950,51.892457,On or near Supermarket,E01023793,Stevenage 010C,Suspect charged
48d392fe67824453349fa1953a8013758d8f2955f321710a845abc3858b70189,2021-07,Hertfordshire Constabulary,Hertfordshire Constabulary,-0.202859,51.981550,On or near Shopping Area,E01023633,North Hertfordshire 006D,Investigation complete; no suspect identified
5639cfc5c5b5d376188a8f53795f93df248e36cf9cf68503b4c578baacc94afe,2021-07,Hertfordshire Constabulary,Hertfordshire Constabulary,-0.487672,51.745439,On or near FOSTER ROAD,E01023379,Dacorum 018C,Suspect charged
94b5b23cace534fcb9e28edbead8fb35093231dc1cd74823ce63770021edfbd6,2021-07,Hertfordshire Constabulary,Hertfordshire Constabulary,-0.204608,51.899535,On or near Police Station,E01023758,Stevenage 008D,Suspect charged
2e56cc0761a6dc268c1f806298beb921bc697b5df88451957802302afa66ec89,2021-07,Hertfordshire Constabulary,Hertfordshire Constabulary,-0.167693,51.700169,On or near BLUNESFIELD,E01023571,Hertsmere 003A,Investigation complete; no suspect identified
2b80f70a9271c114ef1cd738e9c76e0f2868a6fde7db99717e9ddfce356eff39,2021-07,Hertfordshire Constabulary,Hertfordshire Constabulary,-0.519853,51.653790,On or near Supermarket,E01023817,Three Rivers 005C,Investigation complete; no suspect identified
727d91ad9ad700c21abe8ccaf7885917827c14f0135d699cae57e8d7322b6653,2021-07,Hertfordshire Constabulary,Hertfordshire Constabulary,-0.260317,51.645592,On or near HUNTER CLOSE,E01023543,Hertsmere 011E,Investigation complete; no suspect identified
719cf5bbd673480c1412614b9c64374a9a02d205bdeb0b3acf69a1ae2dc744f1,2021-07,Hertfordshire Constabulary,Hertfordshire Constabulary,-0.304796,51.726011,On or near AUBREY AVENUE,E01033028,St Albans 018F,Formal action is not in the public interest
272aa542d5a7502e98ffea47faa2f6ca1b99df55c651201bb45847759a80470d,2021-07,Hertfordshire Constabulary,Hertfordshire Constabulary,-0.186557,51.843508,On or near ROBBERY BOTTOM LANE,E01023965,Welwyn Hatfield 001A,Unable to prosecute suspect
e504e491e9ba007789343ea4a482941e3697584d145cde6c00285c80de3251b8,2021-07,Hertfordshire Constabulary,Hertfordshire Constabulary,-0.185436,51.889799,On or near WEST REACH,E01023794,Stevenage 010D,Unable to prosecute suspect
71b45f8dd10f2e10c0096791962f101c921373ff5b6ad81311f5045582a6993d,2021-07,Hertfordshire Constabulary,Hertfordshire Constabulary,-0.340320,51.752334,On or near UPPER DAGNALL STREET,E01023727,St Albans 012B,Investigation complete; no suspect identified
b4b7c75e7982594c72ed6d1a9497ea515bb583b1822e2c317ab1a3f447047556,2021-07,Hertfordshire Constabulary,Hertfordshire Constabulary,-0.063167,51.716054,On or near PEAKES WAY,E01023324,Broxbourne 009B,Unable to prosecute suspect
ab32e3688349393ea831d73ebf13268c7e6bb5439dfbff95a4f923e23ddf52f4,2021-07,Hertfordshire Constabulary,Hertfordshire Constabulary,-0.205363,51.904294,On or near Petrol Station,E01023758,Stevenage 008D,Unable to prosecute suspect
b0ab551a1db0c426ecca404843d521d3217b689aa065858de8edb8b0b913a113,2021-07,Hertfordshire Constabulary,Hertfordshire Constabulary,-0.219325,51.765769,On or near ST ALBANS ROAD EAST,E01023926,Welwyn Hatfield 011C,Offender given a caution
7069d33a69c796b0a76699cfeef57cd56551945b761374be27271e4260d52091,2021-07,Hertfordshire Constabulary,Hertfordshire Constabulary,0.159079,51.872048,On or near BARRETT LANE,E01023449,East Hertfordshire 004A,Suspect charged
4132e9ec614f59247ef132703d42f27a11eaea9463d3f76f00ab5bef85a4d702,2021-07,Hertfordshire Constabulary,Hertfordshire Constabulary,-0.204277,51.703440,On or near CRANBORNE ROAD,E01023570,Hertsmere 002D,Investigation complete; no suspect identified
7cbd39bd28816a2801d54752f76173c650597ccb5bce95c28b9c86754057f349,2021-07,Hertfordshire Constabulary,Hertfordshire Constabulary,-0.471424,51.749149,On or near Shopping Area,E01023398,Dacorum 015D,Unable to prosecute suspect
751800f4399078cef2050eba00cc0ad2e8b6a802770f423fb6545bbe7549a74d,2021-07,Hertfordshire Constabulary,Hertfordshire Constabulary,-0.162565,51.849448,On or near DATCHWORTH GREEN,E01023467,East Hertfordshire 002A,Unable to prosecute suspect
69a1dba870b4bfe9bd9498760e457c6f66ec94f16332fe4ca16d67d6a211dbbf,2021-07,Hertfordshire Constabulary,Hertfordshire Constabulary,-0.185923,51.703158,On or near INGLEFIELD,E01023578,Hertsmere 001C,Unable to prosecute suspect
da776445f5307649bae7b8dab2e447b1191afc0a5cfac08bf592ad4cc36e9ca3,2021-07,Hertfordshire Constabulary,Hertfordshire Constabulary,0.123668,51.807714,On or near BLACKSMITHS WAY,E01023496,East Hertfordshire 009C,Investigation complete; no suspect identified
ba116493185c3159603b7a5e6dbe7407c1c0f372fc737ed9ecf2f78b4a63278d,2021-07,Hertfordshire Constabulary,Hertfordshire Constabulary,-0.026384,51.714021,On or near WAVELL CLOSE,E01023306,Broxbourne 008E,Investigation complete; no suspect identified
13dda27ecbeec054634881d1a94bd96fb3e4850820d2822f0eeffaece782845c,2021-07,Hertfordshire Constabulary,Hertfordshire Constabulary,-0.026357,52.047350,On or near EARLS HILL GARDENS,E01023656,North Hertfordshire 002C,Unable to prosecute suspect
1856426b7953e143120cae0ceab5112ac901f75882aff2c0e2d8dbf2c8c8e6c2,2021-07,Hertfordshire Constabulary,Hertfordshire Constabulary,-0.339165,51.753028,On or near WADDINGTON ROAD,E01023727,St Albans 012B,Investigation complete; no suspect identified
b05f1cb7f679fef61a958f55e4154f3c938890a1ed338a59b6feaa2563546f52,2021-07,Hertfordshire Constabulary,Hertfordshire Constabulary,-0.473723,51.752721,On or near Bus/Coach Station,E01023398,Dacorum 015D,Investigation complete; no suspect identified
6280701a3094a19d235fb463b8791a740ab1f347896c3ff20f5987fe534a43cd,2021-07,Hertfordshire Constabulary,Hertfordshire Constabulary,-0.308707,51.739555,On or near MOUNTBATTEN CLOSE,E01023683,St Albans 016C,Investigation complete; no suspect identified
b38b1b48130306b1a42ea5ed4a8a005c73ca35cc7daaa375b9a2f00caee04d72,2021-07,Hertfordshire Constabulary,Hertfordshire Constabulary,-0.379769,51.685939,On or near TIBBLES CLOSE,E01023873,Watford 003A,Unable to prosecute suspect
bd976bb2ba660f419de9cd4b24cf5e66d833f3032e9034624f3951c7d5c2e194,2021-07,Hertfordshire Constabulary,Hertfordshire Constabulary,-0.349176,51.757386,On or near WELLS CLOSE,E01023669,St Albans 009A,Suspect charged
2194a8d347444bfc4fcaf4e929e8ca9c8fea65ac5b573a737131d16d75ba534d,2021-07,Hertfordshire Constabulary,Hertfordshire Constabulary,-0.085637,51.710181,On or near VALLEY VIEW,E01023311,Broxbourne 007A,Unable to prosecute suspect
2bffe023e9b393c6218244396237cfe82ef7a2f18a1b276e8f5277a5006766a4,2021-07,Hertfordshire Constabulary,Hertfordshire Constabulary,-0.234079,51.756856,On or near SPRING GLEN,E01023923,Welwyn Hatfield 012D,Unable to prosecute suspect
d66d7df5812825372c74f1f2ea4e9e8b0c9958f3699463cbdde170fbd1c55049,2021-07,Hertfordshire Constabulary,Hertfordshire Constabulary,-0.222268,51.984551,On or near NORTON WAY NORTH,E01023633,North Hertfordshire 006D,Investigation complete; no suspect identified
3e4790407204a33bb642924347be0db05efb074f8f35a6ffd82d157a4bbb7ca8,2021-07,Hertfordshire Constabulary,Hertfordshire Constabulary,-0.006792,52.049844,On or near Sports/Recreation Area,E01023658,North Hertfordshire 002E,Unable to prosecute suspect
3a21e93e1e8a13318c54d58ec75ceff23ca9a13d03e5651a2a10b91a47e4a555,2021-07,Hertfordshire Constabulary,Hertfordshire Constabulary,0.138939,51.856931,On or near SALTERS,E01023456,East Hertfordshire 008A,Unable to prosecute suspect
bf89b453908bd203bd2bddf837076de049c52c77deed3937d79216a41175b138,2021-07,Hertfordshire Constabulary,Hertfordshire Constabulary,-0.032921,51.684447,On or near HIGH STREET,E01023337,Broxbourne 013B,Further action is not in the public interest
6a3043aab0c58c0be75a0fe3f1b8cbcc0af78bb3bfc41975e253f6316bca216e,2021-07,Hertfordshire Constabulary,Hertfordshire Constabulary,-0.470188,51.633865,On or near Supermarket,E01023849,Three Rivers 011D,Investigation complete; no suspect identified
0bcb8e562516e29a4837d2b7aac21d8bfdffbe8200d75cb6d9343de209d2fc2f,2021-07,Hertfordshire Constabulary,Hertfordshire Constabulary,-0.460985,51.754111,On or near CHALKDELL HILL,E01023351,Dacorum 015C,Unable to prosecute suspect
a586ab284a8689ec37585b3d039fffde5b91a1ce361c97efb2bb548a82c77457,2021-07,Hertfordshire Constabulary,Hertfordshire Constabulary,-0.175413,51.926268,On or near Pedestrian Subway,E01023801,Stevenage 002F,Action to be taken by another organisation
ef09458b25a9bf94d08612f0d293ccda47e0fb5c17dc29b136a9a2253ce8e3b9,2021-07,Hertfordshire Constabulary,Hertfordshire Constabulary,-0.194367,51.903721,On or near CROSSGATES,E01023758,Stevenage 008D,Investigation complete; no suspect identified
1e3bc306d38aea3e3040fb06fda900a371a907e4de7782cd17ed0c677648fec3,2021-07,Hertfordshire Constabulary,Hertfordshire Constabulary,-0.483354,51.742020,On or near RUSSELL PLACE,E01023354,Dacorum 018B,Unable to prosecute suspect
59c72f16a80849bd8e613adc4e0de1e36ea49afd061008ac85afb8322cb9f59d,2021-07,Hertfordshire Constabulary,Hertfordshire Constabulary,-0.250065,51.951751,On or near PURWELL LANE,E01023620,North Hertfordshire 011D,Formal action is not in the public interest
7fdee7c236f6f421a0125be317dcd9548d12153f0ba206e63e377222e5b53593,2021-07,Hertfordshire Constabulary,Hertfordshire Constabulary,-0.429433,51.767388,On or near Park/Open Space,E01023345,Dacorum 013A,Investigation complete; no suspect identified
579d11c2b5f52e51d6408a62e525937b975f4e0940a4eec50930110705a88ea7,2021-07,Hertfordshire Constabulary,Hertfordshire Constabulary,-0.349919,51.658638,On or near SANDY LANE,E01023555,Hertsmere 008D,Investigation complete; no suspect identified
cd2f36b9ba6f4cf6cda5ae16f1351d5a8f17a42b2541771105261dc147c5ea62,2021-07,Hertfordshire Constabulary,Hertfordshire Constabulary,-0.477314,51.753640,On or near CEMMAES MEADOW,E01023398,Dacorum 015D,Investigation complete; no suspect identified
4b8aceffd5f3b3dceea30cbec7bcd24a3e825deaf7e394fcd4410ef8e4153c40,2021-07,Hertfordshire Constabulary,Hertfordshire Constabulary,-0.450404,51.655555,On or near GROVE CRESCENT,E01023823,Three Rivers 003A,Offender given a caution
2740e29072a00a1c0afac25eb67245691b5af8625274b0187aa04e418e17a81f,2021-07,Hertfordshire Constabulary,Hertfordshire Constabulary,-0.023850,52.047659,On or near KING STREET,E01023660,North Hertfordshire 001A,Investigation complete; no suspect identified
9174bc0e8925363af262c81a7aeae5061fd0bd6fbc1aeb90c8e8f04d1e33f732,2021-07,Hertfordshire Constabulary,Hertfordshire Constabulary,-0.473723,51.752721,On or near Bus/Coach Station,E01023398,Dacorum 015D,Unable to prosecute suspect
8b673a6f71a0547c53648f63d9de163579a77748bb2cb2ab32b4a6e6909910a9,2021-07,Hertfordshire Constabulary,Hertfordshire Constabulary,-0.448286,51.648136,On or near Supermarket,E01023819,Three Rivers 006A,Investigation complete; no suspect identified
413aa583976a4504b06e132a8a58b600a3a4e63bb852d43882b9ae852419e9de,2021-07,Hertfordshire Constabulary,Hertfordshire Constabulary,-0.188362,51.865818,On or near DEANSCROFT,E01023629,North Hertfordshire 015F,Unable to prosecute suspect
db2f43dc3a76d3cb1862fea126b47bfc7c63dcededfa9eb69db90e7553b29154,2021-07,Hertfordshire Constabulary,Hertfordshire Constabulary,-0.313147,51.702770,On or near HARPER LANE,E01023720,St Albans 019C,Unable to prosecute suspect
e570f9fc0dbe2ad3b95a03ecbbfdc3d4a3193cdba89f8ed0b69f916b5f5d6e1a,2021-07,Hertfordshire Constabulary,Hertfordshire Constabulary,-0.399002,51.675476,On or near NICHOLAS CLOSE,E01023857,Watford 006C,Suspect charged
02e58c91f198eb32aa0f4d109485bfe13be657b7f81d54d272639cd1575f0fe0,2021-07,Hertfordshire Constabulary,Hertfordshire Constabulary,-0.453526,51.753626,On or near SAWYERS WAY,E01023349,Dacorum 015A,Unable to prosecute suspect
7f295f6c151e2e69ab1953c3f28860ef983d02979b340aa8b4014b26fae9fb2a,2021-07,Hertfordshire Constabulary,Hertfordshire Constabulary,-0.076597,51.796629,On or near MARKET STREET,E01023478,East Hertfordshire 017D,Unable to prosecute suspect
893f32e80a1dcde29e8371cf997dc8c2aee7eea204e5859bfe57042e3c091208,2021-07,Hertfordshire Constabulary,Hertfordshire Constabulary,-0.377631,51.664806,On or near MEAD WAY,E01023552,Hertsmere 008A,Formal action is not in the public interest
93043324b42910efe214a440773549ce7cd47339ca8555cf36641d153ea4712b,2021-07,Hertfordshire Constabulary,Hertfordshire Constabulary,-0.220631,51.992412,On or near EASTERN WAY,E01023636,North Hertfordshire 003B,Investigation complete; no suspect identified
2bc5ada13af9ceebc716d536b0d74e66f6ba06b76df2745eeef05f633c103adf,2021-07,Hertfordshire Constabulary,Hertfordshire Constabulary,-0.051925,51.701768,On or near LINDSAY PLACE,E01023296,Broxbourne 011D,Investigation complete; no suspect identified
beff12c9e91bda0497785b80cbb2bb14180a492cf66f8dd635a76057f71d6a7a,2021-07,Hertfordshire Constabulary,Hertfordshire Constabulary,-0.198592,51.892951,On or near Shopping Area,E01023786,Stevenage 011D,Investigation complete; no suspect identified
c237bea39dbf8448da486e29a628b23861301354f187ebcd228a0250619faa4d,2021-07,Hertfordshire Constabulary,Hertfordshire Constabulary,-0.320332,51.688917,On or near WOODLANDS,E01023526,Hertsmere 005D,Unable to prosecute suspect
27be1a98ab8820f7abbb5b83704cef893811eebac0c4afb797543fc2326da192,2021-07,Hertfordshire Constabulary,Hertfordshire Constabulary,-0.449158,51.742401,On or near KIMPS WAY,E01023358,Dacorum 020B,Investigation complete; no suspect identified
d695102f1123073710917cb2d7e2716942c16f288952895e68e8d7816aadd1a1,2021-07,Hertfordshire Constabulary,Hertfordshire Constabulary,-0.242425,51.835912,On or near ST ALBANS ROAD,E01023969,Welwyn Hatfield 002C,Unable to prosecute suspect
509ac2f592ecfd2935711ee73cb5b87873a4a3b2b9096f2ef4c8c2bfdc25da04,2021-07,Hertfordshire Constabulary,Hertfordshire Constabulary,-0.184987,51.909943,On or near ARCHER ROAD,E01023781,Stevenage 006D,Unable to prosecute suspect
4eab2bb2cf53e1953f0710af16eb7dc88e06042dfcd15eece656b247eee53781,2021-07,Hertfordshire Constabulary,Hertfordshire Constabulary,-0.221971,51.761888,On or near BREAKS ROAD,E01023924,Welwyn Hatfield 011A,Unable to prosecute suspect
e39721386358e11b6b660fba4400929832b49c78466c2e4608ff2610396372ca,2021-07,Hertfordshire Constabulary,Hertfordshire Constabulary,-0.258046,51.674297,On or near HIGH CANONS,E01023583,Hertsmere 004C,Suspect charged
f547855e2c0c9c55420b4255a61e7fa9a79b29f5276e81ed293f60381cdbac9b,2021-07,Hertfordshire Constabulary,Hertfordshire Constabulary,-0.295518,51.764794,On or near THE LEYS,E01023735,St Albans 007C,Unable to prosecute suspect
dfa1df5f092b0dfc2b72e3dc0986966f8ffededcd7892247239276d08168e2bb,2021-07,Hertfordshire Constabulary,Hertfordshire Constabulary,,,No location,,,Investigation complete; no suspect identified
6b60c423fc2c544e8da4fb4e0fc0a33af28cdf4f98878bf1eea65d816d6e04ce,2021-07,Hertfordshire Constabulary,Hertfordshire Constabulary,-0.321312,51.654195,On or near HOGG LANE,E01023528,Hertsmere 010A,Suspect charged
d027637969fd7ddeabf5a04635c5e1697dad2449caaa3142e4b78cc0d5e95272,2021-07,Hertfordshire Constabulary,Hertfordshire Constabulary,-0.315601,51.772268,On or near TAYLOR CLOSE,E01023709,St Albans 008A,Investigation complete; no suspect identified
d5f69a895cda87e975c3b71b1a2ee6361a6844a2ff7945aa1feca3c521db3f05,2021-07,Hertfordshire Constabulary,Hertfordshire Constabulary,-0.045704,51.744010,On or near WHITE STUBBS LANE,E01023289,Broxbourne 004A,Investigation complete; no suspect identified
ca8bc1190b1f6ed1beb42a2ae036b0c90a3eff20484e94aca2ddb19a274a40dc,2021-07,Hertfordshire Constabulary,Hertfordshire Constabulary,-0.189664,51.782688,On or near ASCOTS LANE,E01023942,Welwyn Hatfield 009D,Suspect charged
0dffdf51bb295edba41e3bfe2637b474008bb5f819fd6a10aa3644f6dc75913f,2021-07,Hertfordshire Constabulary,Hertfordshire Constabulary,-0.350999,51.716894,On or near WITHY PLACE,E01023719,St Albans 019B,Unable to prosecute suspect
0c4a3cd4eb5cf93bcba75819c9a2b3c2098f631d48756478cb062329be37242a,2021-07,Hertfordshire Constabulary,Hertfordshire Constabulary,-0.044280,51.713583,On or near LAKESIDE ROAD,E01023310,Broxbourne 006D,Investigation complete; no suspect identified
43eb39a8bf5aafaaa352af21f35b1d202ef27379947877d1b476c20386c0b54a,2021-07,Hertfordshire Constabulary,Hertfordshire Constabulary,0.152696,51.862813,On or near BENHOOKS AVENUE,E01023447,East Hertfordshire 007E,Unable to prosecute suspect
b4ea3c0cb5eac76b2627e92016a05761d0bbb515221c37e636cc6085bb7ab780,2021-07,Hertfordshire Constabulary,Hertfordshire Constabulary,,,No location,,,Investigation complete; no suspect identified
027d4cfc20335510f0192beda59baca78e86e1ce41cd0141b0a23c7921a05be3,2021-07,Hertfordshire Constabulary,Hertfordshire Constabulary,-0.276743,51.655716,On or near Shopping Area,E01023530,Hertsmere 007B,Unable to prosecute suspect
23f9931b6e7787e69d83d620f6ba1d510c52f3c836f462fafc07f23a6b92d888,2021-07,Hertfordshire Constabulary,Hertfordshire Constabulary,-0.191982,51.784190,On or near RYELANDS,E01023942,Welwyn Hatfield 009D,Local resolution
82bb39bf8df8c6a8d56a42bf5439d311948b9b2e6d808590af65abc67d078662,2021-07,Hertfordshire Constabulary,Hertfordshire Constabulary,-0.201562,51.900459,On or near THE QUADRANT,E01023758,Stevenage 008D,Unable to prosecute suspect
6a936fec65258c8124334ec036860d2bf9b74ac0e17c7ad3b8872a4831536b7c,2021-07,Hertfordshire Constabulary,Hertfordshire Constabulary,-0.441683,51.710857,On or near WANDER WHARF,E01023808,Three Rivers 001E,Investigation complete; no suspect identified
c0bb60e953a39d7b9003ce259b5e8311576a427e6d200a370a7161376a6a2dab,2021-07,Hertfordshire Constabulary,Hertfordshire Constabulary,-0.457668,51.772806,On or near Parking Area,E01023393,Dacorum 007A,Investigation complete; no suspect identified
185a3744189765bc1a9535d9e702e00f1dc3a79d3fb73882b389d8ab3e924e66,2021-07,Hertfordshire Constabulary,Hertfordshire Constabulary,-0.032236,51.686234,On or near Parking Area,E01023337,Broxbourne 013B,Investigation complete; no suspect identified
ff35602c75a0bd364b59711cdcfc634b02d8b4cdaf3868d63f328ef847f35f41,2021-07,Hertfordshire Constabulary,Hertfordshire Constabulary,-0.338330,51.750912,On or near WESTBOURNE MEWS,E01023727,St Albans 012B,Investigation complete; no suspect identified
498ced700f17cf0365fbf7b1ace6d2aa9b212e591a6a360355926fe41defe183,2021-07,Hertfordshire Constabulary,Hertfordshire Constabulary,-0.470828,51.753952,On or near Supermarket,E01023398,Dacorum 015D,Suspect charged
6ae5f486e45ddd65a6e3ba23e5b3596c6fdaa4a032a479322863cdfed5c0adf1,2021-07,Hertfordshire Constabulary,Hertfordshire Constabulary,-0.395758,51.655118,On or near HIGH STREET,E01023862,Watford 009D,Unable to prosecute suspect
8064e3dceb936f84270cf4fb57b4430d2ccca515746144d6dc5c933752ea63e4,2021-07,Hertfordshire Constabulary,Hertfordshire Constabulary,-0.331433,51.754465,On or near ST PETER'S ROAD,E01023676,St Albans 011D,Suspect charged
f914bfd61ba8ae359d00adde7a6b579328dad935ebd64587b4945f72e7e06dc8,2021-07,Hertfordshire Constabulary,Hertfordshire Constabulary,-0.338150,51.826019,On or near ROUNDFIELD AVENUE,E01023687,St Albans 002C,Unable to prosecute suspect
fe8907915be736bc9286ac4ce51450c8c388870e064ebeaf5aa6c0b4f59f22ad,2021-07,Hertfordshire Constabulary,Hertfordshire Constabulary,-0.386917,51.648433,On or near BRIDGE PLACE,E01023862,Watford 009D,Unable to prosecute suspect
6448ab94a272cf2f31b4acd58cb61f56ab51d875fe3f4e195553a29376aabcb0,2021-07,Hertfordshire Constabulary,Hertfordshire Constabulary,-0.340525,51.751078,On or near HIGH STREET,E01023743,St Albans 014B,Investigation complete; no suspect identified
ae026eb6a80fbd3d5f002a4c7400bd34a582d622528a1ae568d9a1627c50a581,2021-07,Hertfordshire Constabulary,Hertfordshire Constabulary,-0.019745,52.058362,On or near HARDY DRIVE,E01023661,North Hertfordshire 001B,Unable to prosecute suspect
004a06791971df111918e49cfdb267784df632abee41c9ee0f8097982de9c043,2021-07,Hertfordshire Constabulary,Hertfordshire Constabulary,-0.277400,51.947011,On or near Supermarket,E01023616,North Hertfordshire 012F,Unable to prosecute suspect
2077745473e325667158e5e2faad3a08bde1ea1a06b5d759abb82de0daa26bca,2021-07,Hertfordshire Constabulary,Hertfordshire Constabulary,-0.329715,51.884176,On or near CHAPEL ROAD,E01023625,North Hertfordshire 014E,Investigation complete; no suspect identified
837bae5affdf8bae9db4c3a3d8d0933eb2916a8b78c0d6fc0f21fc0847ec2671,2021-07,Hertfordshire Constabulary,Hertfordshire Constabulary,,,No location,,,Investigation complete; no suspect identified
a6af50d7b348a5b62e062e05b5e4312c002d68ae29f1e3800d2f1f9e53574527,2021-07,Hertfordshire Constabulary,Hertfordshire Constabulary,-0.470366,51.750466,On or near MAYNARD ROAD,E01023398,Dacorum 015D,Unable to prosecute suspect
43d1297248bb9a67dedbde56052100d984432924c444e11b451c147c4a2a7dfb,2021-07,Hertfordshire Constabulary,Hertfordshire Constabulary,-0.202881,51.796316,On or near EDGARS COURT,E01023954,Welwyn Hatfield 007A,Unable to prosecute suspect
d67936a34dfd68cee75f461f8cf9f78b64b652590965b50681fd4a7dc3e7b19d,2021-07,Hertfordshire Constabulary,Hertfordshire Constabulary,-0.502013,51.635831,On or near HOME WAY,E01023835,Three Rivers 009A,Suspect charged
fee9954a7f2c79595f5dbee75fd3529ae17fcd650634f39234ded4afa949f90a,2021-07,Hertfordshire Constabulary,Hertfordshire Constabulary,-0.397080,51.657007,On or near Theatre/Concert Hall,E01023861,Watford 009C,Unable to prosecute suspect
9ff470da05c7f4065fd632819267c135d11726bc4c87f2d5ef768936c5b77cbc,2021-07,Hertfordshire Constabulary,Hertfordshire Constabulary,-0.193258,51.884263,On or near Supermarket,E01023786,Stevenage 011D,Investigation complete; no suspect identified
3735a7e1231de1752d5b0f2d6b66f8e9b53a28405633b7d5c30d9dc0699fc430,2021-07,Hertfordshire Constabulary,Hertfordshire Constabulary,-0.209617,51.915383,On or near Pedestrian Subway,E01023777,Stevenage 002B,Investigation complete; no suspect identified
5dc307d26c8a730381f24712ed443d297a5e247c8e1ef5d4082cba1770270983,2021-07,Hertfordshire Constabulary,Hertfordshire Constabulary,-0.471724,51.750133,On or near KING HARRY STREET,E01023398,Dacorum 015D,Unable to prosecute suspect
9bb2593a3373b37fa51ffcf79adfeab356661f8b8ac3f008d693c559b2daf0c3,2021-07,Hertfordshire Constabulary,Hertfordshire Constabulary,-0.033990,51.701856,On or near Supermarket,E01023301,Broxbourne 010E,Investigation complete; no suspect identified
e9d60d31572461bbc0a748fb879407accccbdc35635fed0681728ab8cddebf39,2021-07,Hertfordshire Constabulary,Hertfordshire Constabulary,-0.378747,51.653797,On or near GROVE HALL ROAD,E01023553,Hertsmere 008B,Investigation complete; no suspect identified
b3409c1d332a5036e5413a7e8636df7a3eda2da6031ec7f4ebf1f3313f4cae91,2021-07,Hertfordshire Constabulary,Hertfordshire Constabulary,-0.235244,51.754841,On or near NINE ACRE LANE,E01023935,Welwyn Hatfield 013C,Unable to prosecute suspect
2e41ef421512e095981eebfb59269c6f927edc6b482750bf6cf051d9cb8ada8e,2021-07,Hertfordshire Constabulary,Hertfordshire Constabulary,-0.225403,51.909256,On or near SYMONDS GREEN LANE,E01023798,Stevenage 005D,Investigation complete; no suspect identified
df264a4a4b197cf94fbae1b4c8152e162ba6caa5857a7af75daa0fedbf82f6f7,2021-07,Hertfordshire Constabulary,Hertfordshire Constabulary,-0.211912,51.924230,On or near Hospital,E01023800,Stevenage 002E,Local resolution
dc4aeb6615087add162a8c6db994b7ecb9305e883acc16a82aadc95ffd7a964b,2021-07,Hertfordshire Constabulary,Hertfordshire Constabulary,-0.216912,51.914756,On or near PRESTATYN CLOSE,E01023796,Stevenage 005B,Investigation complete; no suspect identified
d2f42ecd55ffaecbf970f0fe8e192a37f2e6546135724d18a0f32e535e6251ea,2021-07,Hertfordshire Constabulary,Hertfordshire Constabulary,-0.088516,51.800115,On or near STURLA CLOSE,E01023470,East Hertfordshire 014A,Local resolution
377c81570f270803231235a9a96be4bed7059a708fdb865b5bbf63e0cfb1eca3,2021-07,Hertfordshire Constabulary,Hertfordshire Constabulary,-0.225426,51.766904,On or near VIXEN COURT,E01023927,Welwyn Hatfield 011D,Unable to prosecute suspect
d39ce502cd513743f78d3f6ca8a7f4076e9eefa4a77cb1c7182a5c2dcae06f22,2021-07,Hertfordshire Constabulary,Hertfordshire Constabulary,-0.456487,51.765777,On or near CHEVIOTS,E01023402,Dacorum 008B,Investigation complete; no suspect identified
b647fdce620963929fedcaa688dc5e3b7041e10a83e82bea0c2dad9649897bc0,2021-07,Hertfordshire Constabulary,Hertfordshire Constabulary,-0.433305,51.655868,On or near LINKS WAY,E01023824,Three Rivers 003B,Unable to prosecute suspect
0fd8ee7b81633f2400f1bf55cb96b74f1b0d5df33891cf72dee28dd47ab63f21,2021-07,Hertfordshire Constabulary,Hertfordshire Constabulary,-0.398753,51.673926,On or near THE HAREBREAKS,E01023857,Watford 006C,Unable to prosecute suspect
b28f37b56a490ee7a830d4fd691a61b357bcb4d6823a51cae706de56be63e062,2021-07,Hertfordshire Constabulary,Hertfordshire Constabulary,-0.176366,51.882645,On or near BURYDALE,E01023784,Stevenage 011B,Suspect charged
bd280539a2e967a0b5fcbbf2dbc0cc64244b0e2d008d874a4a190c172540be06,2021-07,Hertfordshire Constabulary,Hertfordshire Constabulary,-0.270335,51.953652,On or near NIGHTINGALE ROAD,E01023601,North Hertfordshire 010A,Unable to prosecute suspect
6221c15a8cab70f4c669a0a596e2659723ff5c5cf2b2332c23e7fb8e923d5297,2021-07,Hertfordshire Constabulary,Hertfordshire Constabulary,-0.260865,51.747535,On or near Sports/Recreation Area,E01023680,St Albans 015D,Investigation complete; no suspect identified
b9d725466da429e9879792041de5277ce257918afe788e4b7ddbe32d87c22c63,2021-07,Hertfordshire Constabulary,Hertfordshire Constabulary,-0.023698,51.721835,On or near GROOM ROAD,E01023342,Broxbourne 005C,Investigation complete; no suspect identified
14633dda38fb15e3bc384301a7a85b22ea22bb35844f11c0b33bbfc12ab17e4b,2021-07,Hertfordshire Constabulary,Hertfordshire Constabulary,-0.211065,51.935295,On or near PONDSIDE,E01023600,North Hertfordshire 005F,Suspect charged
396d71332474febcdade78083ca6f8268a87a123ab62021c3422e6f76b6cc41d,2021-07,Hertfordshire Constabulary,Hertfordshire Constabulary,0.160076,51.873451,On or near Parking Area,E01023450,East Hertfordshire 004B,Suspect charged
b61cebcad401ae7f030424ec556a9bdda9b174b7ce3f6b4141fff20866a8e4eb,2021-07,Hertfordshire Constabulary,Hertfordshire Constabulary,-0.341852,51.752437,On or near BOWES LYON MEWS,E01023745,St Albans 014D,Investigation complete; no suspect identified
54759dc6abee280f8a9a7a306eab1077ab2f1137cdbad30f46e51b45440518e1,2021-07,Hertfordshire Constabulary,Hertfordshire Constabulary,-0.222900,51.767747,On or near STONECROSS ROAD,E01023927,Welwyn Hatfield 011D,Unable to prosecute suspect
f896265986db56a659fbf6b17addcc4d75811e8d3cbbee5f78945f2260847fa6,2021-07,Hertfordshire Constabulary,Hertfordshire Constabulary,-0.028633,51.837945,On or near ERMINE STREET,E01023506,East Hertfordshire 006B,Unable to prosecute suspect
cd6a8396dec7e233ea02195f0dc04599b95b5c395deae4b37ed8ff92f683e03e,2021-07,Hertfordshire Constabulary,Hertfordshire Constabulary,-0.354985,51.649699,On or near MEADOW ROAD,E01023560,Hertsmere 012C,Unable to prosecute suspect
c5e31368ab095d955452aba8fb611c45db427aba49f24f95cc45563054eaf977,2021-07,Hertfordshire Constabulary,Hertfordshire Constabulary,-0.191098,51.903311,On or near MADE FELD,E01023757,Stevenage 008C,Investigation complete; no suspect identified
1b11c558dba78df28a6f90e9ed1e5232f0782912c7cae627ccbcb1db1b9cb867,2021-07,Hertfordshire Constabulary,Hertfordshire Constabulary,-0.022039,51.733956,On or near BURY HOLME,E01023340,Broxbourne 005A,Suspect charged
3c9fe17e88d960ae928032d9fbbc14ff2e1c26f9219aeb0d795a3761c4ff2de0,2021-07,Hertfordshire Constabulary,Hertfordshire Constabulary,-0.380050,51.678462,On or near MERIDEN WAY,E01023874,Watford 003B,Investigation complete; no suspect identified
581cb5d8a9b4000854d9406914b122e435e1476f3ba3c53527ca39a96398e3dd,2021-07,Hertfordshire Constabulary,Hertfordshire Constabulary,-0.183230,51.892966,On or near VALLEY WAY,E01023794,Stevenage 010D,Formal action is not in the public interest
6ca20941afdde4fd1ac505cfb9d9221966994ab94875b6c6d5ec17f8c995c688,2021-07,Hertfordshire Constabulary,Hertfordshire Constabulary,-0.191894,51.844741,On or near BRIARY WOOD LANE,E01023966,Welwyn Hatfield 001B,Unable to prosecute suspect
7f1a198ca4275c84e554e722b105b127febd1b1f0d44f71c7f13b82d0c38e9c8,2021-07,Hertfordshire Constabulary,Hertfordshire Constabulary,-0.414344,51.709521,On or near HIGH STREET,E01023804,Three Rivers 001C,Investigation complete; no suspect identified
bf796b6d668cb867f300056d43c77b4a443c3ad105a60b0e715ead144a4fc1a2,2021-07,Hertfordshire Constabulary,Hertfordshire Constabulary,-0.340976,51.734818,On or near ASHDALES,E01023739,St Albans 017C,Unable to prosecute suspect
faea81cd5157ae38221993a8b94a3cdf38aaa7e25226490fcf08f4aa07b3af7e,2021-07,Hertfordshire Constabulary,Hertfordshire Constabulary,-0.175663,51.698090,On or near HOLLIES WAY,E01023580,Hertsmere 001E,Unable to prosecute suspect
f13c2fa7ac2a92061cdff23f9e2f0bd02905b27acd4076f445754dfd8b5553db,2021-07,Hertfordshire Constabulary,Hertfordshire Constabulary,-0.683965,51.827448,On or near LUKES LANE,E01023424,Dacorum 002B,Investigation complete; no suspect identified
51b7880e299569855d89b2a7cf02e4ff7dbb18863e06609060e965ffdbf61703,2021-07,Hertfordshire Constabulary,Hertfordshire Constabulary,-0.186880,51.888212,On or near Petrol Station,E01023786,Stevenage 011D,Investigation complete; no suspect identified
886c0c7d282cbfd73f90e8e2589c75396545e8c73ff1710feeea38e1c1dd5ee4,2021-07,Hertfordshire Constabulary,Hertfordshire Constabulary,-0.375573,51.623270,On or near OULTON WAY,E01023809,Three Rivers 010B,Investigation complete; no suspect identified
091c98fdd8d87aaf6642481596200d69519f6b96282d4787e0b1b456367b3e0b,2021-07,Hertfordshire Constabulary,Hertfordshire Constabulary,-0.471167,51.639121,On or near HIGH STREET,E01023850,Three Rivers 007C,Suspect charged
f639b41b1ce141847378087d957a1b70c69d8001e9b6be5d9677591a475789ab,2021-07,Hertfordshire Constabulary,Hertfordshire Constabulary,-0.223086,51.915263,On or near HOPTON ROAD,E01023795,Stevenage 005A,Suspect charged
c8242e3e3395354afd12676338a5b0a3279f3d4d62a0f993a3e75a1f783ecb02,2021-07,Hertfordshire Constabulary,Hertfordshire Constabulary,-0.494867,51.745990,On or near CANGELS CLOSE,E01023379,Dacorum 018C,Investigation complete; no suspect identified
c41752f052d549422a08c9a616d96c1ca2f8aefd3ed76d175b3c6bf6e31c001a,2021-07,Hertfordshire Constabulary,Hertfordshire Constabulary,-0.183744,51.793639,On or near LOWERFIELD,E01023944,Welwyn Hatfield 008B,Offender given a caution
b92108610c2856f35db11cfca956114108f1069deb1b0168b8aaab6bec3eaf71,2021-07,Hertfordshire Constabulary,Hertfordshire Constabulary,-0.302981,51.851710,On or near WREN CLOSE,E01023626,North Hertfordshire 015C,Unable to prosecute suspect
25f40d88192a6e976982c9888e84ea30bb7ebf983855ab67b34d23e00031ff00,2021-07,Hertfordshire Constabulary,Hertfordshire Constabulary,-0.567832,51.759202,On or near LINCOLN COURT,E01023365,Dacorum 014A,Investigation complete; no suspect identified
f379762aab090c537428513281dc04e2f14a7d9285ed54ad1b05976e9aaa1804,2021-07,Hertfordshire Constabulary,Hertfordshire Constabulary,0.001794,51.767264,On or near FARM LANE,E01023330,Broxbourne 002D,Unable to prosecute suspect
0b18ff66b54c3634172d33ec53822a46c5236c1ffd20a5aaa7eecba14a0efd60,2021-07,Hertfordshire Constabulary,Hertfordshire Constabulary,-0.366114,51.646518,On or near GLENCOE ROAD,E01023563,Hertsmere 012F,Suspect charged
794c61b8a87f70033acd2f6172af1b505f7027c4edd087a4b1fd61682579f92f,2021-07,Hertfordshire Constabulary,Hertfordshire Constabulary,-0.213349,51.987275,On or near HAMPDEN CLOSE,E01023632,North Hertfordshire 006C,Suspect charged
ef3fb1a9d41982976da969f5afe12826962a774e008612b7754aabac7b99b289,2021-07,Hertfordshire Constabulary,Hertfordshire Constabulary,-0.398311,51.651610,On or near Theatre/Concert Hall,E01023902,Watford 010D,Investigation complete; no suspect identified
7625bdbb8ad3fd6f08cb64ded2f4fd28f27b1d72f210a426568309b2a229f4a7,2021-07,Hertfordshire Constabulary,Hertfordshire Constabulary,-0.412188,51.720255,On or near HENDERSON PLACE,E01023807,Three Rivers 001D,Unable to prosecute suspect
aad9818503414271643c82aaea10f6d11d611c92bba3be6f5a153880e1f2ca7a,2021-07,Hertfordshire Constabulary,Hertfordshire Constabulary,-0.470965,51.747749,On or near SELDEN HILL,E01023398,Dacorum 015D,Unable to prosecute suspect
f970e269efaddcc732adc854a33266628e3c86db458e1d8af27449ae98d6a585,2021-07,Hertfordshire Constabulary,Hertfordshire Constabulary,-0.079402,51.808095,On or near GROVE WALK,E01023472,East Hertfordshire 014C,Investigation complete; no suspect identified
d50bc537c03192bc7a40ffbe707601d7370da9f872fb1f1158b0b9ad96e239fd,2021-07,Hertfordshire Constabulary,Hertfordshire Constabulary,-0.192356,51.904571,On or near THE DELL,E01023757,Stevenage 008C,Investigation complete; no suspect identified
5b905a2c2d500058602c02eacbbda08c040f03318a68a57d1681014164b4b722,2021-07,Hertfordshire Constabulary,Hertfordshire Constabulary,-0.353448,51.715607,On or near APPLECROFT,E01023721,St Albans 019D,Local resolution
195411ea4e4b743dc3f2e57f44f3b0c10afc5e4a028bd99d25629520baac27fb,2021-07,Hertfordshire Constabulary,Hertfordshire Constabulary,-0.279558,51.672240,On or near RETFORD CLOSE,E01023535,Hertsmere 006B,Suspect charged
e77fe2504194e81aeca50ad03a2306b6fdd0f0c247b1ea0e524309fec20081b7,2021-07,Hertfordshire Constabulary,Hertfordshire Constabulary,,,No location,,,Suspect charged
f5637fbf4a03c69ea2323e72845e814cdde4b6b564c53288b082dc9531a783ce,2021-07,Hertfordshire Constabulary,Hertfordshire Constabulary,-0.265253,51.659423,On or near Police Station,E01023541,Hertsmere 011C,Offender given a caution
d7a68390518609d8a2a597ab398a38b9a1f7dc90b1ee21b2c31c4190e1c3b6fa,2021-07,Hertfordshire Constabulary,Hertfordshire Constabulary,-0.401540,51.704446,On or near WOODSIDE ROAD,E01023832,Three Rivers 002C,Unable to prosecute suspect
e1841e3adb3bb8abfb623dddca117efaac78631c2371554a823ae1e9d98ed935,2021-07,Hertfordshire Constabulary,Hertfordshire Constabulary,-0.454161,51.738825,On or near BARN CLOSE,E01023359,Dacorum 020C,Unable to prosecute suspect
59ee3e0a579193f3ee37c0383dc6f4fd2708dcf5efae44fd5761e16f75b5a633,2021-07,Hertfordshire Constabulary,Hertfordshire Constabulary,-0.199176,51.901250,On or near Pedestrian Subway,E01023758,Stevenage 008D,Unable to prosecute suspect
3df1bdd33facc060eaf854fad42d7060aa23b2774227c4d86e1ab7e242b958c3,2021-07,Hertfordshire Constabulary,Hertfordshire Constabulary,-0.391555,51.648883,On or near MURIEL AVENUE,E01023862,Watford 009D,Investigation complete; no suspect identified
03e18a43d56f7a7a6427919d7866804d366a1997966de4b055e73dc1eca57d17,2021-07,Hertfordshire Constabulary,Hertfordshire Constabulary,-0.186880,51.888212,On or near Petrol Station,E01023786,Stevenage 011D,Investigation complete; no suspect identified
9562d7ff22737ad37e788b0d38b12aec543fed11ec302fdbf3006ca6bc3f8bad,2021-07,Hertfordshire Constabulary,Hertfordshire Constabulary,-0.204608,51.899535,On or near Police Station,E01023758,Stevenage 008D,Unable to prosecute suspect
6a3043aab0c58c0be75a0fe3f1b8cbcc0af78bb3bfc41975e253f6316bca216e,2021-07,Hertfordshire Constabulary,Hertfordshire Constabulary,-0.470188,51.633865,On or near Supermarket,E01023849,Three Rivers 011D,Investigation complete; no suspect identified
07bc3264ec0aaacfe91bf6c7cb3e1b91e762615b9f05d7246c74f2684552fadd,2021-07,Hertfordshire Constabulary,Hertfordshire Constabulary,-0.207897,51.984477,On or near WORKS ROAD,E01023633,North Hertfordshire 006D,Unable to prosecute suspect
f13c667b98a35727c0e103f51915ef55d6af8e480024c1a83c2d0dce92a5cc92,2021-07,Hertfordshire Constabulary,Hertfordshire Constabulary,-0.211236,51.692486,On or near BRIDGEFOOT LANE,E01023567,Hertsmere 002A,Investigation complete; no suspect identified
12f3f99b6d18bfe4904a9de094031bb93756c9edd6c30d1a69dd78602b30b5d8,2021-07,Hertfordshire Constabulary,Hertfordshire Constabulary,-0.084717,51.725435,On or near DAHLIA CLOSE,E01023307,Broxbourne 006A,Formal action is not in the public interest
27480ee18247d59514701bba033df7d8a021961b48297773a79b1cf77d337d7c,2021-07,Hertfordshire Constabulary,Hertfordshire Constabulary,-0.483223,51.759337,On or near CLOVER WAY,E01023391,Dacorum 010B,Unable to prosecute suspect
b3201897095d6866ff2952d3c5d9d19228bbaf2eccb71d382a3dcb93e14f79eb,2021-07,Hertfordshire Constabulary,Hertfordshire Constabulary,-0.152575,51.761852,On or near SCHOOL LANE,E01023925,Welwyn Hatfield 011B,Unable to prosecute suspect
daf735ff14e5dad98756f2dea1f39ef9037dfc8db3c4d1d67335b56133274a63,2021-07,Hertfordshire Constabulary,Hertfordshire Constabulary,-0.191783,51.909796,On or near GRACE WAY,E01023782,Stevenage 006E,Unable to prosecute suspect
f8b0946d9c26141e94a8ff7d2c5723cdf63e8a8a48914b9e1a7772f29f5b241f,2021-07,Hertfordshire Constabulary,Hertfordshire Constabulary,-0.175471,51.701423,On or near HATFIELD ROAD,E01023580,Hertsmere 001E,Unable to prosecute suspect
c6971dd6bc1a496b193b4cf95c66fe1b457cf49b4c58fd63d401765d110dbc6d,2021-07,Hertfordshire Constabulary,Hertfordshire Constabulary,-0.415866,51.631931,On or near SANDY LODGE LANE,E01023827,Three Rivers 008A,Unable to prosecute suspect
7c5adba154e3afa7c75aa6c36e719a9f6cc6ef47646f477d49815007ab0c6b4c,2021-07,Hertfordshire Constabulary,Hertfordshire Constabulary,-0.204608,51.899535,On or near Police Station,E01023758,Stevenage 008D,Suspect charged
6de406ee093fb561d784dd891f48caf3106b40f0ade218941ff2e677be174ce5,2021-07,Hertfordshire Constabulary,Hertfordshire Constabulary,-0.215849,51.925809,On or near Parking Area,E01023800,Stevenage 002E,Unable to prosecute suspect
c80c7c2eccdc4e58f0e5bc260cc3f354c111f36c2e27c9747472f89cd9db0476,2021-07,Hertfordshire Constabulary,Hertfordshire Constabulary,-0.147627,51.704278,On or near CHURCH LANE,E01023947,Welwyn Hatfield 016A,Unable to prosecute suspect
ce07dfba54c106b1987b83ed3f8ed5c2b9056e0337308f259318c525791e48f1,2021-07,Hertfordshire Constabulary,Hertfordshire Constabulary,-0.332065,51.679076,On or near KENDALS CLOSE,E01023527,Hertsmere 005E,Unable to prosecute suspect
0dffdf51bb295edba41e3bfe2637b474008bb5f819fd6a10aa3644f6dc75913f,2021-07,Hertfordshire Constabulary,Hertfordshire Constabulary,-0.350999,51.716894,On or near WITHY PLACE,E01023719,St Albans 019B,Unable to prosecute suspect
e8a0b73c10806fe92f82b0619426eabed976ed04c22487facbc0f71fb3f32733,2021-07,Hertfordshire Constabulary,Hertfordshire Constabulary,-0.279664,51.656829,On or near Shopping Area,E01023532,Hertsmere 007D,Investigation complete; no suspect identified
68a464a5e854f031ba5227237fc37998b2a1ddeecac109ac9ee05d13227f343a,2021-07,Hertfordshire Constabulary,Hertfordshire Constabulary,-0.386796,51.692960,On or near NEWLANDS WALK,E01023905,Watford 001B,Suspect charged
7a6d9f5566110d3496fe818fdd77bbf2653b9efa1235e9409a5556735e3386cc,2021-07,Hertfordshire Constabulary,Hertfordshire Constabulary,-0.007310,52.050644,On or near Sports/Recreation Area,E01023658,North Hertfordshire 002E,Unable to prosecute suspect
635e3675381f057e681090f4a21ccd4645eec59706860cf5c6e97716d18ff158,2021-07,Hertfordshire Constabulary,Hertfordshire Constabulary,-0.435773,51.650119,On or near Petrol Station,E01023825,Three Rivers 006E,Suspect charged
0b09957a9d9f0fe942c0f6e1f8b101d35c35fd7e67bfa4d7d9b1ff6efb3b21df,2021-07,Hertfordshire Constabulary,Hertfordshire Constabulary,-0.121846,51.694256,On or near CATTLEGATE ROAD,E01023947,Welwyn Hatfield 016A,Investigation complete; no suspect identified
02a89f867a5085ee09ee7841f3790133fa7b0e65f74fe81f2fb4f927dca85726,2021-07,Hertfordshire Constabulary,Hertfordshire Constabulary,-0.104148,51.802940,On or near KEYNTON CLOSE,E01023487,East Hertfordshire 015A,Unable to prosecute suspect
1cb3af036e32a76c86e6436108ccf0b4b9ccb6a39e40b174fb204311796806ab,2021-07,Hertfordshire Constabulary,Hertfordshire Constabulary,-0.237265,51.972367,On or near UNWIN CLOSE,E01023645,North Hertfordshire 008B,Unable to prosecute suspect
91024fe0baf5830d88a6cd11bf1c788095f600d2b071b0fd9baab5a2123df833,2021-07,Hertfordshire Constabulary,Hertfordshire Constabulary,-0.256742,51.645350,On or near SADDLERS CLOSE,E01023543,Hertsmere 011E,Investigation complete; no suspect identified
6e3e8763396a5eb06a16140f45b73a8e310ac11ba7aa076f957624359472c0a8,2021-07,Hertfordshire Constabulary,Hertfordshire Constabulary,-0.452632,51.759001,On or near HOBLETTS ROAD,E01023347,Dacorum 013C,Suspect charged
2b99b9a60a10b85f6dac3b8f1638bb6b87fa018c390b24a9035364eba4ee793d,2021-07,Hertfordshire Constabulary,Hertfordshire Constabulary,0.136162,51.863906,On or near MARGUERITE WAY,E01023452,East Hertfordshire 003A,Unable to prosecute suspect
a8418d0c05e0d58fa2b8fb12a0afa642bfbb5a32e8757888a4733f5395c52722,2021-07,Hertfordshire Constabulary,Hertfordshire Constabulary,-0.396126,51.799372,On or near Supermarket,E01023724,St Albans 006C,Unable to prosecute suspect
3c8c42aebb487d8aced72d3ed80ebb9c6980eebda217918aac2918e054218567,2021-07,Hertfordshire Constabulary,Hertfordshire Constabulary,-0.173580,51.990747,On or near MALTINGS CLOSE,E01023587,North Hertfordshire 004A,Local resolution
ae7a13b870e945cdcc00ec49949373d5e366b50267b451247f226d0057b1f588,2021-07,Hertfordshire Constabulary,Hertfordshire Constabulary,-0.332606,51.756838,On or near TOWNSEND AVENUE,E01023676,St Albans 011D,Unable to prosecute suspect
7e7e9ff4dd195d9f4c2e1f4dd8ce0bcbc38111e790a4dfe0bf711d89c3c44f10,2021-07,Hertfordshire Constabulary,Hertfordshire Constabulary,-0.217119,51.762561,On or near BURY ROAD,E01023926,Welwyn Hatfield 011C,Unable to prosecute suspect
4432c87ff7b176697e9fae0777c6d19e43c8178be351e1111407a0f9fc4e054c,2021-07,Hertfordshire Constabulary,Hertfordshire Constabulary,-0.107556,51.801574,On or near NORWOOD CLOSE,E01023488,East Hertfordshire 015B,Investigation complete; no suspect identified
99ddd114d3060277bc00fa6c4d3d3afd3b35b35397a8f41b409a27b1c8ea2de0,2021-07,Hertfordshire Constabulary,Hertfordshire Constabulary,-0.173681,51.795417,On or near PLOUGHMANS END,E01023952,Welwyn Hatfield 005C,Investigation complete; no suspect identified
63097a5cdd778c67df0fff77aff419d2773e3b85fa8202cbcd28fb1b9adc78fe,2021-07,Hertfordshire Constabulary,Hertfordshire Constabulary,-0.169992,51.690160,On or near PARK AVENUE,E01023574,Hertsmere 003D,Action to be taken by another organisation
bea5136eb24435e40db0a66da23f91f402a734a2cc1d55ce64f5d9f0a47288c8,2021-07,Hertfordshire Constabulary,Hertfordshire Constabulary,-0.164804,51.800827,On or near WATERBEACH,E01023950,Welwyn Hatfield 005A,Unable to prosecute suspect
30ccb0c2042db1cababca4c27bf17fac74ff33b24fc9fb2bb96e67202cb1ad9f,2021-07,Hertfordshire Constabulary,Hertfordshire Constabulary,-0.471206,51.757329,On or near Parking Area,E01023400,Dacorum 015E,Unable to prosecute suspect
6c5fac5cb67a3f335820b53dcaa8896311d5ab3c377c34af0f8993ec295f9a90,2021-07,Hertfordshire Constabulary,Hertfordshire Constabulary,-0.221684,51.912859,On or near Supermarket,E01023796,Stevenage 005B,Unable to prosecute suspect
052b6825efc0fe9260607146c307e7acd4b1e1fa302f84dea36b765753d54a6a,2021-07,Hertfordshire Constabulary,Hertfordshire Constabulary,-0.384111,51.646452,On or near Parking Area,E01023884,Watford 012C,Action to be taken by another organisation
718276bf620134bb16c85f6fcadcf3cde1ae290ac03e806a3e0f45a13c83435f,2021-07,Hertfordshire Constabulary,Hertfordshire Constabulary,-0.473723,51.752721,On or near Bus/Coach Station,E01023398,Dacorum 015D,Investigation complete; no suspect identified
7e3e34c276246682b6075f5a513c4945b154b76a05dc079c8f090c7fcc0467f1,2021-07,Hertfordshire Constabulary,Hertfordshire Constabulary,-0.400165,51.653146,On or near MERTON ROAD,E01023862,Watford 009D,Investigation complete; no suspect identified
295f1bf48d6edeebff34cd06592fea62b92aeb44d64926af1363b155edf83352,2021-07,Hertfordshire Constabulary,Hertfordshire Constabulary,0.134443,51.874854,On or near Petrol Station,E01023454,East Hertfordshire 003C,Investigation complete; no suspect identified
9c2c2e599299924ef95b4726df68c73631c44685d6dd9b2e2e1089d31b24596b,2021-07,Hertfordshire Constabulary,Hertfordshire Constabulary,-0.202859,51.981550,On or near Shopping Area,E01023633,North Hertfordshire 006D,Investigation complete; no suspect identified
eb63be6c1c896e744ef98ae753474ab0adea84c9a17a789c693765eda766fe96,2021-07,Hertfordshire Constabulary,Hertfordshire Constabulary,-0.360029,51.746568,On or near Supermarket,E01023742,St Albans 014A,Investigation complete; no suspect identified
e1c2c541918c507090a8772f19972c672ad934d2d50ca2f86dc377aedcc12e66,2021-07,Hertfordshire Constabulary,Hertfordshire Constabulary,-0.497756,51.755837,On or near GREAT STURGESS ROAD,E01023385,Dacorum 016C,Unable to prosecute suspect
a1d4a8c426d2491309fd03152e7173b7ac6a12adbc7d211c37f93a60363a6f5d,2021-07,Hertfordshire Constabulary,Hertfordshire Constabulary,-0.413056,51.709117,On or near PARNELL CLOSE,E01023804,Three Rivers 001C,Local resolution
8f30a82f157012eb2a63b9dd57b9b289bd085b14b67d6169e3485ccebc8337e0,2021-07,Hertfordshire Constabulary,Hertfordshire Constabulary,-0.465129,51.837798,On or near CAVENDISH ROAD,E01023433,Dacorum 001D,Unable to prosecute suspect
a1594ba344f47833fd5996c76bde6571ddb9e9896cc0462f3889fd96f64e7aa6,2021-07,Hertfordshire Constabulary,Hertfordshire Constabulary,-0.167855,51.693643,On or near LEESIDE,E01023572,Hertsmere 003B,Investigation complete; no suspect identified
a9677a5b61bb38474a2595e32e7d267c19d16b8bd1f164d87d0124a8c2f4e569,2021-07,Hertfordshire Constabulary,Hertfordshire Constabulary,-0.032214,51.685082,On or near Supermarket,E01023337,Broxbourne 013B,Investigation complete; no suspect identified
0c95d0cc9731e277bf9720186d6b1b9f21d6f6306dd3631a7ca5b48ab8cea53c,2021-07,Hertfordshire Constabulary,Hertfordshire Constabulary,-0.020957,51.685451,On or near QUEENS WAY,E01023338,Broxbourne 013C,Investigation complete; no suspect identified
2c918ae814ae6a1155d54d4ac302c99a25be2f6afb633cac4751e52bc8cbabfc,2021-07,Hertfordshire Constabulary,Hertfordshire Constabulary,-0.222164,51.762494,On or near GOLDINGS CRESCENT,E01023924,Welwyn Hatfield 011A,Unable to prosecute suspect
6a247083ad8423448c94b6cfb7e235fd26a2f45b241bf90ec7e98f78f7daad80,2021-07,Hertfordshire Constabulary,Hertfordshire Constabulary,-0.297889,51.725632,On or near Petrol Station,E01023706,St Albans 018C,Unable to prosecute suspect
be762f19640a82213eea14554318f9005a9a9e0322fc86d7024015d64de8d6de,2021-07,Hertfordshire Constabulary,Hertfordshire Constabulary,-0.394598,51.671990,On or near BALMORAL ROAD,E01023858,Watford 006D,Unable to prosecute suspect
4bdb2842dcf9ce39971cfd22603bc85aea06f14e7a752f89fb16fb6a786a7c19,2021-07,Hertfordshire Constabulary,Hertfordshire Constabulary,-0.227088,51.763674,On or near Supermarket,E01023920,Welwyn Hatfield 012A,Investigation complete; no suspect identified
477440e901c9ab7c1ef1b3af9cab353232ddf9227339b53cf179edb2ce86ba21,2021-07,Hertfordshire Constabulary,Hertfordshire Constabulary,-0.469362,51.747162,On or near Pedestrian Subway,E01023388,Dacorum 019C,Investigation complete; no suspect identified
e8365040bdd7ba195f2a6e7b807e437791cb9f591661fd8039f5f183be027e70,2021-07,Hertfordshire Constabulary,Hertfordshire Constabulary,-0.401540,51.704446,On or near WOODSIDE ROAD,E01023832,Three Rivers 002C,Unable to prosecute suspect
098bf48a3b5e7ab371e48176ba92b1d48d1991ea3d4681e3cc62ebe2c47e2320,2021-07,Hertfordshire Constabulary,Hertfordshire Constabulary,-0.188557,51.795494,On or near SALISBURY ROAD,E01023958,Welwyn Hatfield 007E,Unable to prosecute suspect
ecb64d18118e9f30a9dcd718fca25c6e0e2518f0835124b7e4d0926db81aafe5,2021-07,Hertfordshire Constabulary,Hertfordshire Constabulary,-0.407378,51.660582,On or near Further/Higher Educational Building,E01023888,Watford 008C,Investigation complete; no suspect identified
54806b5aa5af5a31184330ada136badb271a30ad94aee18899e9454883dbc035,2021-07,Hertfordshire Constabulary,Hertfordshire Constabulary,-0.431999,51.748549,On or near LEASIDE,E01023410,Dacorum 017B,Investigation complete; no suspect identified
f6c1a572863491020581932bcf32c7ae4a44b761dad66cd3ec3cbeaf26106a31,2021-07,Hertfordshire Constabulary,Hertfordshire Constabulary,-0.278190,51.655675,On or near Supermarket,E01023530,Hertsmere 007B,Investigation complete; no suspect identified
a3340aeb02843ec61d1d2c744ae98c2d5d12171dc8aea174ba297bfd4bfeb9ba,2021-07,Hertfordshire Constabulary,Hertfordshire Constabulary,0.146355,51.871786,On or near MAZE GREEN ROAD,E01023453,East Hertfordshire 003B,Unable to prosecute suspect
58bfe5584c628682861bb2e83b96c9f9b74be7886388069eedf634fa14583bc4,2021-07,Hertfordshire Constabulary,Hertfordshire Constabulary,-0.035508,51.802721,On or near Sports/Recreation Area,E01023510,East Hertfordshire 013A,Action to be taken by another organisation
d9b2f55be36bb25586bfa7532e42a6548a91aebda96429ff8dd9affb66fbbebb,2021-07,Hertfordshire Constabulary,Hertfordshire Constabulary,-0.285732,51.750750,On or near CRANBROOK DRIVE,E01023678,St Albans 015B,Investigation complete; no suspect identified
348b8b79a4d88d56129e36aa3d4a966e0d03e333531b81cda73ef5aaa9097859,2021-07,Hertfordshire Constabulary,Hertfordshire Constabulary,-0.352902,51.829365,On or near MOORLAND ROAD,E01023692,St Albans 001C,Investigation complete; no suspect identified
8016884212d55e80d47a2e742b551654bee9ef7631a45c9f0aacc720c6eb500c,2021-07,Hertfordshire Constabulary,Hertfordshire Constabulary,-0.182406,51.912295,On or near Pedestrian Subway,E01023781,Stevenage 006D,Unable to prosecute suspect
1f4f4e686ba0a5366326f4dabe43ffa53a98d8b9d25129a18a13f91f9ab5679e,2021-07,Hertfordshire Constabulary,Hertfordshire Constabulary,-0.188890,51.989590,On or near HIGH STREET,E01023589,North Hertfordshire 004C,Unable to prosecute suspect
307f61f0c5b7c6af59204112033fa75a7c2517a7510e0579e7700ea6a8a89131,2021-07,Hertfordshire Constabulary,Hertfordshire Constabulary,-0.487257,51.746575,On or near Parking Area,E01023379,Dacorum 018C,Unable to prosecute suspect
ebda0b0c65ed90fd912c2558e13e5aaf96392f3e94c71cca0a62cddeee6f61bb,2021-07,Hertfordshire Constabulary,Hertfordshire Constabulary,-0.269599,51.940648,On or near Petrol Station,E01023606,North Hertfordshire 013A,Investigation complete; no suspect identified
5191c82a0031e557df4a7164eaf4a2b3ebcdb1d59add9f99e3eab4de5c1f242f,2021-07,Hertfordshire Constabulary,Hertfordshire Constabulary,-0.230362,51.762977,On or near Further/Higher Educational Building,E01023920,Welwyn Hatfield 012A,Investigation complete; no suspect identified
2ac16020f833958329208bc7c0a1ae05e767a5b7e5a249ee8b13c2018e897689,2021-07,Hertfordshire Constabulary,Hertfordshire Constabulary,-0.211912,51.924230,On or near Hospital,E01023800,Stevenage 002E,Unable to prosecute suspect
4bbabaee2b1df8f7433e7cd15912186e183b1c0067f4bde38838dc9897969249,2021-07,Hertfordshire Constabulary,Hertfordshire Constabulary,-0.210647,51.905579,On or near WATSON ROAD,E01023776,Stevenage 002A,Investigation complete; no suspect identified
f3862af9766f570c15514feba9b28ac51e133e219f699eac6970580dc795e256,2021-07,Hertfordshire Constabulary,Hertfordshire Constabulary,-0.394555,51.670353,On or near BRADSHAW ROAD,E01023855,Watford 006A,Investigation complete; no suspect identified
bf62ab58c71cd9d24839198da7b0db0b216b4ee037653c18ab567f3759ec0f2b,2021-07,Hertfordshire Constabulary,Hertfordshire Constabulary,0.158945,51.866224,On or near TRINITY STREET,E01023446,East Hertfordshire 007D,Suspect charged
7d0477c497373add2b65c3a4232f734fe54bd738088c226e9208b11fd6351f6d,2021-07,Hertfordshire Constabulary,Hertfordshire Constabulary,-0.171417,51.909733,On or near ROSS COURT,E01023769,Stevenage 004C,Unable to prosecute suspect
f815ac6bf9de08054d4ca2b05fd1236f6bffaebe837034fe4501f9407cfa6a3a,2021-07,Hertfordshire Constabulary,Hertfordshire Constabulary,0.143662,51.858212,On or near Supermarket,E01023448,East Hertfordshire 007F,Investigation complete; no suspect identified
b5b80537d6e75197611f9028cc5156006fe35ae6b0e07185ee0afe3ab6c06355,2021-07,Hertfordshire Constabulary,Hertfordshire Constabulary,-0.235137,51.697712,On or near Parking Area,E01023584,Hertsmere 004D,Unable to prosecute suspect
d60a955fc5dd94ab04668f196f1a6e655bc32d9509ca47ab946ea923b381cf25,2021-07,Hertfordshire Constabulary,Hertfordshire Constabulary,-0.204608,51.899535,On or near Police Station,E01023758,Stevenage 008D,Unable to prosecute suspect
8a635d795447ec5d3ce1ffe8957f4064732835cd1c37ee38e7401fb7d4f0de09,2021-07,Hertfordshire Constabulary,Hertfordshire Constabulary,-0.464235,51.735172,On or near Petrol Station,E01033023,Dacorum 018H,Investigation complete; no suspect identified
57c864611fb3fa8e0e5a9bd2b3a9da595d544fb8bf4e61d101eaa6e411a8ca4b,2021-07,Hertfordshire Constabulary,Hertfordshire Constabulary,-0.031688,51.820498,On or near HEATH DRIVE,E01023520,East Hertfordshire 012F,Unable to prosecute suspect
de674551843f2f2d831041ada494d93aabb804078b632c18bdd00530dfba346b,2021-07,Hertfordshire Constabulary,Hertfordshire Constabulary,-0.211236,51.692486,On or near BRIDGEFOOT LANE,E01023567,Hertsmere 002A,Unable to prosecute suspect
5833cb2c309eebf76f0bea97c7b79aaaa3fb3f083692a56274e30b0816acfd7a,2021-07,Hertfordshire Constabulary,Hertfordshire Constabulary,-0.246361,51.981414,On or near HALL MEAD,E01023650,North Hertfordshire 007B,Unable to prosecute suspect
c6f71f014be74d4d75feb9cd57ab52a7c1759bbd014f9ca00a015287cd9c4c09,2021-07,Hertfordshire Constabulary,Hertfordshire Constabulary,-0.220417,51.776333,On or near Supermarket,E01033311,Welwyn Hatfield 010F,Investigation complete; no suspect identified
774f744f19e22629b336663e051f863f789f35c51e8f31468118043e0d203c81,2021-07,Hertfordshire Constabulary,Hertfordshire Constabulary,-0.195818,51.812295,On or near NURSERY GARDENS,E01023915,Welwyn Hatfield 004D,Suspect charged
5acd36a09c4ddcd4aa9176342cd476a2d6a91656c79eaa6b02e29b678ac5dc34,2021-07,Hertfordshire Constabulary,Hertfordshire Constabulary,-0.219276,51.965973,On or near BRANDLES ROAD,E01023639,North Hertfordshire 009A,Offender given a caution
4fe0119c29aa755b0f56719ed0799e2b9b32ba736352734150304f7624281781,2021-07,Hertfordshire Constabulary,Hertfordshire Constabulary,-0.520883,51.657229,On or near ORCHARD DRIVE,E01023817,Three Rivers 005C,Investigation complete; no suspect identified
f246c4c7a1bf1c671f5ada1ecd8ba4e47460a8e576dfa00f18cbf358430518a4,2021-07,Hertfordshire Constabulary,Hertfordshire Constabulary,-0.450611,51.648643,On or near EVAN'S CLOSE,E01023819,Three Rivers 006A,Unable to prosecute suspect
2946c525932912c8b98d4c02c22f35a41f31d7ad1e40a543e6f5feae51d4f85d,2021-07,Hertfordshire Constabulary,Hertfordshire Constabulary,-0.205077,51.816231,On or near MALMSDALE,E01023960,Welwyn Hatfield 003B,Investigation complete; no suspect identified
44e9b7a3ff5c0097671d979d786959762aa9e9062e1df574259ebabe2c7c7307,2021-07,Hertfordshire Constabulary,Hertfordshire Constabulary,-0.468066,51.744375,On or near CHARLESWORTH CLOSE,E01023388,Dacorum 019C,Investigation complete; no suspect identified
f3515bd391652d4205e734e8764996fec25edc815674945f5d2a35970559e62e,2021-07,Hertfordshire Constabulary,Hertfordshire Constabulary,-0.078108,51.796915,On or near Nightclub,E01023478,East Hertfordshire 017D,Investigation complete; no suspect identified
fef6e9414f744c348f291e3b36b902dbb634ec0994797cbfe68eca9b845d19aa,2021-07,Hertfordshire Constabulary,Hertfordshire Constabulary,-0.022849,51.721713,On or near SHIRE CLOSE,E01023342,Broxbourne 005C,Suspect charged
c5ed1207882e27f81ae29117c7de8bde048afda72094a929f3872d01b12ae0da,2021-07,Hertfordshire Constabulary,Hertfordshire Constabulary,-0.409759,51.720177,On or near BELL CLOSE,E01023807,Three Rivers 001D,Investigation complete; no suspect identified
84fecfb381f45a0d5d9c7409c2f9fa9d21a2f91cba45ff433a025bfbf8e871d0,2021-07,Hertfordshire Constabulary,Hertfordshire Constabulary,-0.179217,51.791906,On or near JONQUIL CLOSE,E01023943,Welwyn Hatfield 008A,Suspect charged
fa18117f924ba17929a2e0a80bf65e0a6fd65cd3422cfd0e749902585083f805,2021-07,Hertfordshire Constabulary,Hertfordshire Constabulary,-0.201368,51.898028,On or near Supermarket,E01023786,Stevenage 011D,Unable to prosecute suspect
0162bfed8ee35a7ca2a304e55e1e4fe506e992412c9339a0dad215c8c0229ea6,2021-07,Hertfordshire Constabulary,Hertfordshire Constabulary,-0.188595,51.787294,On or near Sports/Recreation Area,E01023939,Welwyn Hatfield 009A,Suspect charged
b5180d8066b41b68b4feaa3d8230ffd51724bbea32fdc3dccb2be3fd0a231523,2021-07,Hertfordshire Constabulary,Hertfordshire Constabulary,-0.021478,51.727571,On or near MULBERRY CLOSE,E01023343,Broxbourne 005D,Investigation complete; no suspect identified
54bd831e98cd51a43b950e7456c923d8aef9c501ba2c718304bb117c14e4363f,2021-07,Hertfordshire Constabulary,Hertfordshire Constabulary,-0.335151,51.756182,On or near ST PETER'S STREET,E01023676,St Albans 011D,Investigation complete; no suspect identified
f5a2e04123d63d50d2b9da563efa1af6f1604c5c162e92424fc551541da22c4f,2021-07,Hertfordshire Constabulary,Hertfordshire Constabulary,-0.473578,51.751029,On or near BRIDGE STREET,E01023398,Dacorum 015D,Investigation complete; no suspect identified
64642d38a6401aacd2e1fd0adfb48deca74eb7ab034065ea8448e331d3b4a112,2021-07,Hertfordshire Constabulary,Hertfordshire Constabulary,-0.195411,51.909591,On or near LANGTHORNE AVENUE,E01023775,Stevenage 006A,Unable to prosecute suspect
d5445299769ef0e444cf523c920571c95350d8b6c8b5b07a528528e4c14990dd,2021-07,Hertfordshire Constabulary,Hertfordshire Constabulary,-0.044482,51.865132,On or near ROWNEY LANE,E01023495,East Hertfordshire 002C,Investigation complete; no suspect identified
707afed15b5251a642d61253a6f097f4e6ff38ad01a4bb79b3b35146d74db034,2021-07,Hertfordshire Constabulary,Hertfordshire Constabulary,-0.204608,51.899535,On or near Police Station,E01023758,Stevenage 008D,Local resolution
2f099fd874aa1c5dc5a7d85abfa43addc869b18ac78a86def753e791a9b2ec98,2021-07,Hertfordshire Constabulary,Hertfordshire Constabulary,-0.253999,51.650156,On or near CARLTON CLOSE,E01023547,Hertsmere 009D,Investigation complete; no suspect identified
258905128595b941c4d00093f8528ba1220ffec4b622d32e59d9b773b175dae8,2021-07,Hertfordshire Constabulary,Hertfordshire Constabulary,-0.393310,51.694101,On or near Sports/Recreation Area,E01023905,Watford 001B,Investigation complete; no suspect identified
9b830f543244b0fa503e3dd10671cd03b51779fb71c2ed9fc087a14b723cad39,2021-07,Hertfordshire Constabulary,Hertfordshire Constabulary,-0.360778,51.812687,On or near Sports/Recreation Area,E01023700,St Albans 003B,Investigation complete; no suspect identified
e862f5c56737deb54c71303654e93506bfa908eeb40483c78d5f0709c4105999,2021-07,Hertfordshire Constabulary,Hertfordshire Constabulary,-0.175557,51.926675,On or near PILGRIMS WAY,E01023801,Stevenage 002F,Suspect charged
4f6f943485082575c476d1c520a73aa6c97684df34e830b6bb50f5b646d06760,2021-07,Hertfordshire Constabulary,Hertfordshire Constabulary,-0.226155,51.749048,On or near KINGSMILL COURT,E01023936,Welwyn Hatfield 013D,Unable to prosecute suspect
d396d771469ab702459f62428332fe125fdcbb28973fd15833dce0cd7b9be8e0,2021-07,Hertfordshire Constabulary,Hertfordshire Constabulary,-0.052410,51.709662,On or near ANDREW'S LANE,E01023295,Broxbourne 011C,Investigation complete; no suspect identified
791a773a905588926e5d9c4b0a99a2a38b735e5ac36bed10303051fe14d3ae02,2021-07,Hertfordshire Constabulary,Hertfordshire Constabulary,0.143662,51.858212,On or near Supermarket,E01023448,East Hertfordshire 007F,Investigation complete; no suspect identified
1ea53bc2352de003f8136a353065df50e82e708d4dc3715e009b2209fd2b1249,2021-07,Hertfordshire Constabulary,Hertfordshire Constabulary,-0.201452,51.794307,On or near PEARTREE COURT,E01023956,Welwyn Hatfield 007C,Investigation complete; no suspect identified
40ee6e4a473f9c5874a025b3fa7340634913f50a775ff5d5ac5f73a4265752df,2021-07,Hertfordshire Constabulary,Hertfordshire Constabulary,-0.462146,51.741259,On or near KATHERINE CLOSE,E01023389,Dacorum 019D,Further investigation is not in the public interest
8836d82128014759f8cf6754e8670ecbf697e94368304b8cf15586b848b81f84,2021-07,Hertfordshire Constabulary,Hertfordshire Constabulary,-0.471424,51.749149,On or near Shopping Area,E01023398,Dacorum 015D,Suspect charged
2e4b232e4f274deebe69d4ba8b232dfa76573052d43754953aa47f2c985a55af,2021-07,Hertfordshire Constabulary,Hertfordshire Constabulary,-0.441783,51.771941,On or near SWALLOW PARK,E01023346,Dacorum 013B,Investigation complete; no suspect identified
a19d0fc25212b8cb198558b85374d41aeeda7e96c18982da5b655694d0217840,2021-07,Hertfordshire Constabulary,Hertfordshire Constabulary,-0.204608,51.899535,On or near Police Station,E01023758,Stevenage 008D,Unable to prosecute suspect
0b037df08f018728f4e39f7c6c1a02776b0837bdfaa94a49979afd1d6cbae87d,2021-07,Hertfordshire Constabulary,Hertfordshire Constabulary,-0.435099,51.763624,On or near CENTRO,E01023345,Dacorum 013A,Suspect charged
81891065258364e73d31170d7146fa09d1f5f3b5b019b11e0fa30ffc5b7356d1,2021-07,Hertfordshire Constabulary,Hertfordshire Constabulary,-0.200289,51.789281,On or near RAYMONDS CLOSE,E01023940,Welwyn Hatfield 009B,Unable to prosecute suspect
e3f95a7c6d8d903eee77d0372f81822e4bbcaed95b8fd3368bc84f6e28bda4c6,2021-07,Hertfordshire Constabulary,Hertfordshire Constabulary,-0.189747,51.791115,On or near COLE GREEN LANE,E01023939,Welwyn Hatfield 009A,Suspect charged
bbc6401a4e49b2eab89294ab70675893a73fc294e6985c16f642a3b3e92bedf5,2021-07,Hertfordshire Constabulary,Hertfordshire Constabulary,-0.374318,51.646254,On or near LONDON ROAD,E01023559,Hertsmere 012B,Investigation complete; no suspect identified
88472d43e4cb04010f38e5b1eae9c97154a2c9797e5b077d793b7123ad4e12ea,2021-07,Hertfordshire Constabulary,Hertfordshire Constabulary,-0.023127,51.731600,On or near ELGIN ROAD,E01023341,Broxbourne 005B,Investigation complete; no suspect identified
aa5fad0236ddb61cf2acc6a20a73fa718bb3c7fbb74705959e2bf7cdd59ac614,2021-07,Hertfordshire Constabulary,Hertfordshire Constabulary,-0.055521,51.714093,On or near BETJEMAN CLOSE,E01023326,Broxbourne 009D,Suspect charged
1528303c1bb384cf945bb24a3fe300cc8b6cfda8eca77b77c28a8ad30c6de052,2021-07,Hertfordshire Constabulary,Hertfordshire Constabulary,-0.362530,51.646090,On or near HERKOMER ROAD,E01023563,Hertsmere 012F,Investigation complete; no suspect identified
246084f3afbf936ab2cd75127a8eddb9bdc178d2d46300dac82ec5d6a62d195e,2021-07,Hertfordshire Constabulary,Hertfordshire Constabulary,-0.226060,51.774377,On or near Sports/Recreation Area,E01033311,Welwyn Hatfield 010F,Unable to prosecute suspect
261cdfb3f9e7e0348a4fa33fa64503cec2e8427ba9310018e72f15b14d0cd0ae,2021-07,Hertfordshire Constabulary,Hertfordshire Constabulary,-0.336758,51.752293,On or near Police Station,E01023727,St Albans 012B,Unable to prosecute suspect
a01889d225ef164f0e5c3864b64c2b20fcdecc2afaca45fb1feb12a55b1252a7,2021-07,Hertfordshire Constabulary,Hertfordshire Constabulary,-0.170612,51.694162,On or near TEMPEST AVENUE,E01023572,Hertsmere 003B,Unable to prosecute suspect
3ad09ab689b0eb3e5cd858869ef62c350b4b9aa5f0b246c4b17ea47fc598cb13,2021-07,Hertfordshire Constabulary,Hertfordshire Constabulary,-0.014152,51.946264,On or near SUNNY HILL,E01023464,East Hertfordshire 001B,Investigation complete; no suspect identified
8c61232f55f28cdb841204fba41c661feafb9d6b10402cbded1031b11277bc52,2021-07,Hertfordshire Constabulary,Hertfordshire Constabulary,-0.036124,51.719076,On or near Shopping Area,E01023305,Broxbourne 008D,Investigation complete; no suspect identified
81e9f1a0bc5e8b61a1068de91eefa08d117d07ed6fd765c4349ad28602da442e,2021-07,Hertfordshire Constabulary,Hertfordshire Constabulary,-0.356787,51.814735,On or near LEYTON GREEN,E01023701,St Albans 003C,Local resolution
aa5f53d83ddd0f4768cb03855d16d035ba8a3b3a17a04282630bed6d74a98ff3,2021-07,Hertfordshire Constabulary,Hertfordshire Constabulary,-0.208946,51.912162,On or near BELL LANE,E01023775,Stevenage 006A,Local resolution
0e6a04aad95e97aa6f69c40c936a21aeb5c8fe7635bf57611863dde4799b5f37,2021-07,Hertfordshire Constabulary,Hertfordshire Constabulary,-0.411620,51.682733,On or near LEGGATTS CLOSE,E01023871,Watford 004D,Unable to prosecute suspect
a37cb3ad5a25d434628f1819a9eb7d8007fdded89a225ed76c10da5698c5566f,2021-07,Hertfordshire Constabulary,Hertfordshire Constabulary,-0.266376,51.651212,On or near NEWTON CRESCENT,E01023540,Hertsmere 011B,Unable to prosecute suspect
1e5ce4cf0ed3c4d72f3c9e2e87b451efd3b85df4a72261c32eaa91816babc7ab,2021-07,Hertfordshire Constabulary,Hertfordshire Constabulary,-0.180722,51.799554,On or near HALL BARNS,E01023944,Welwyn Hatfield 008B,Investigation complete; no suspect identified
7803aaa645dbf9f5b7a89ba9f342e684de9b1650225595ad248ee81c7eb2953d,2021-07,Hertfordshire Constabulary,Hertfordshire Constabulary,-0.473104,51.638678,On or near Parking Area,E01023850,Three Rivers 007C,Unable to prosecute suspect
8dc932681569d287e0d75152d68d9a77d99eb0be24f92041952c4dffd1b2654d,2021-07,Hertfordshire Constabulary,Hertfordshire Constabulary,-0.226267,51.980277,On or near STATION ROAD,E01023644,North Hertfordshire 008A,Offender given a caution
fe6491c90a8d6448c66b542389b31d25ef7684f1ad7e472d24c10a777eb31682,2021-07,Hertfordshire Constabulary,Hertfordshire Constabulary,-0.391547,51.651581,On or near WELLSPRING WAY,E01023862,Watford 009D,Investigation complete; no suspect identified
920bf0c0735e25204b4c900dfeca4b95a7124f66a8df8da46f2198e9038ae081,2021-07,Hertfordshire Constabulary,Hertfordshire Constabulary,-0.386570,51.627675,On or near Petrol Station,E01023805,Three Rivers 010A,Investigation complete; no suspect identified
3aa783f8f1e75dfb355fc95e674bb0dbb0601ffc34c796d3d73ab82f0399d1f1,2021-07,Hertfordshire Constabulary,Hertfordshire Constabulary,-0.449647,51.772953,On or near DAWLEY COURT,E01023395,Dacorum 007C,Suspect charged
b9880cf976d6f0df5e607d5ee4d82b567a9734e5d82c51ee97c5ef0131a7fac6,2021-07,Hertfordshire Constabulary,Hertfordshire Constabulary,-0.417157,51.655454,On or near METROPOLITAN STATION APPROACH,E01023886,Watford 008A,Unable to prosecute suspect
4942d268c032ba66b747d25669aba9fe75754b54243e9cf27d11fae3c6c7793b,2021-07,Hertfordshire Constabulary,Hertfordshire Constabulary,-0.044662,51.711449,On or near WHITEFIELDS ROAD,E01023310,Broxbourne 006D,Unable to prosecute suspect
18aeab3b3a5b20eda6275d95fc7ab1c3c2c805de04068ef97245b652c3574dd6,2021-07,Hertfordshire Constabulary,Hertfordshire Constabulary,-0.432984,51.763182,On or near GROVELANDS,E01023345,Dacorum 013A,Investigation complete; no suspect identified
084c00b4bc56dcfc0a3712736f0cc5283a30bb00f8d07c7999d298b9d6c90fa5,2021-07,Hertfordshire Constabulary,Hertfordshire Constabulary,-0.257452,51.668282,On or near KENT CLOSE,E01023544,Hertsmere 009A,Investigation complete; no suspect identified
6237e0d6519d3b3c3860e7b6fe6c27f02ef1c76a3196d665691bd7be6fe76b1c,2021-07,Hertfordshire Constabulary,Hertfordshire Constabulary,-0.387511,51.682188,On or near CEZANNE ROAD,E01023875,Watford 003C,Suspect charged
3a4fa1ad70e5ef9326a089765579760def300e1fc18a4fe77479ce98e4299866,2021-07,Hertfordshire Constabulary,Hertfordshire Constabulary,-0.234631,51.989745,On or near SWIFT CLOSE,E01023638,North Hertfordshire 003D,Unable to prosecute suspect
64d391f3b4085fb795fe41792d9aa47709b1c0cb90424e4cb4dcb47c81a7f19e,2021-07,Hertfordshire Constabulary,Hertfordshire Constabulary,-0.190102,51.915435,On or near Pedestrian Subway,E01023782,Stevenage 006E,Suspect charged
68665a446bfce16198d894730f0a60d0a1865af74beec36cf4d7ddd6c5c1b99d,2021-07,Hertfordshire Constabulary,Hertfordshire Constabulary,-0.397318,51.655158,On or near Nightclub,E01023862,Watford 009D,Unable to prosecute suspect
b214f46eca8cb0db58a3c2304e0ec9d03c194160aeab6f8a80d2a1b1b4d1633e,2021-07,Hertfordshire Constabulary,Hertfordshire Constabulary,0.161263,51.867916,On or near STATION ROAD,E01023450,East Hertfordshire 004B,Suspect charged
dc27cf8ed9811b12d10738c91cbb71757022fb282d6f2c9d292ab89c886af90b,2021-07,Hertfordshire Constabulary,Hertfordshire Constabulary,-0.581128,51.764461,On or near DOUGLAS GARDENS,E01023369,Dacorum 012A,Investigation complete; no suspect identified
157a0e37d636e56570fcc7523bfa6ef933e8a66ea7b15ae3f046c2d95c392543,2021-07,Hertfordshire Constabulary,Hertfordshire Constabulary,-0.290011,51.806212,On or near WRIGHT CLOSE,E01023746,St Albans 004A,Investigation complete; no suspect identified
192093f8c1b8f824fa4cb37e65406ce816381d50c5d62c1fbb1d95b7f8f4a225,2021-07,Hertfordshire Constabulary,Hertfordshire Constabulary,-0.380774,51.696294,On or near BRIDGER CLOSE,E01023834,Three Rivers 002E,Suspect charged
b96de1c5089088e61c3324c3b19f37d0b8704559391c6c0d9e944ae2df5d05b1,2021-07,Hertfordshire Constabulary,Hertfordshire Constabulary,-0.237817,51.765040,On or near GOLDSMITH WAY,E01033308,Welwyn Hatfield 010E,Suspect charged
dea90718818abd8928d1d3a40d6d97c88d2c98b2f7852e9c77f64455e899b8c5,2021-07,Hertfordshire Constabulary,Hertfordshire Constabulary,0.041042,51.948575,On or near WILLOW CLOSE,E01023462,East Hertfordshire 001A,Unable to prosecute suspect
b5c8fb86d6ca8cac8781b66befec7b970542f84640f0ecd329cb57bb7c49df69,2021-07,Hertfordshire Constabulary,Hertfordshire Constabulary,-0.093492,51.708906,On or near PEMBROKE DRIVE,E01023313,Broxbourne 007C,Investigation complete; no suspect identified
adf6b48140712ea42445a51ca51931f7ffef35d71f5c5606269278c46d1f2893,2021-07,Hertfordshire Constabulary,Hertfordshire Constabulary,0.176786,51.876515,On or near MANSTON DRIVE,E01023440,East Hertfordshire 005C,Unable to prosecute suspect
da94777b631b9747171fa73ca7ea0fe5d71ce0183ee89c40e4e84d8b9ad401fb,2021-07,Hertfordshire Constabulary,Hertfordshire Constabulary,-0.029105,51.810527,On or near Parking Area,E01023514,East Hertfordshire 012C,Suspect charged
c5a5f39ca3fcd545a10ef06405cae3129da9985fbb25727a55fffeda93e4b724,2021-07,Hertfordshire Constabulary,Hertfordshire Constabulary,-0.348897,51.829363,On or near BEECHING CLOSE,E01023693,St Albans 001D,Investigation complete; no suspect identified
7a7242a48b44f99d3d6b7b623f3183a3a7743534ab5b8a8860c53f9f1bd44277,2021-07,Hertfordshire Constabulary,Hertfordshire Constabulary,-0.291935,51.763375,On or near NEWGATE CLOSE,E01023712,St Albans 008D,Investigation complete; no suspect identified
4c0e68925042acaf089482b15d43438e53ed1aa3696a771549e364d4a49e8734,2021-07,Hertfordshire Constabulary,Hertfordshire Constabulary,-0.211912,51.924230,On or near Hospital,E01023800,Stevenage 002E,Unable to prosecute suspect
c19e7eaf9271219325234ed81a8699cbe3660ad40f188a24f6f91065f5d5ace2,2021-07,Hertfordshire Constabulary,Hertfordshire Constabulary,-0.343664,51.805452,On or near DICKINSONS FIELD,E01023697,St Albans 005C,Unable to prosecute suspect
98940517490884401b24b1653961bf83885b0ba42b99f43d1cf629ca756e5808,2021-07,Hertfordshire Constabulary,Hertfordshire Constabulary,-0.186063,51.984943,On or near Supermarket,E01023592,North Hertfordshire 004F,Investigation complete; no suspect identified
ce5bb7eb25ad667cc8c2706431e69637860de0f3c7586e44b8edff18cd185416,2021-07,Hertfordshire Constabulary,Hertfordshire Constabulary,-0.159165,51.918867,On or near GRESLEY WAY,E01023508,East Hertfordshire 002D,Investigation complete; no suspect identified
46ea59eceaceda364b5862a607b6fcce52671d801c3fc970c7694f59edd25378,2021-07,Hertfordshire Constabulary,Hertfordshire Constabulary,-0.451459,51.774226,On or near WAVENEY,E01023393,Dacorum 007A,Unable to prosecute suspect
3108f8f3e8f88809f6e22ee22c41708037fc74560048d685cb5135f60668b98f,2021-07,Hertfordshire Constabulary,Hertfordshire Constabulary,-0.469129,51.761761,On or near TEMPLE MEAD,E01023399,Dacorum 010C,Investigation complete; no suspect identified
77034dd9a9ee12954da89424ae4fa91dc72bcbfc6c85835f57c2afbbc11ec599,2021-07,Hertfordshire Constabulary,Hertfordshire Constabulary,-0.204587,51.801198,On or near Shopping Area,E01023918,Welwyn Hatfield 006C,Investigation complete; no suspect identified
0bf23ffc67b308a7239dca53ac58e92056e337d601cd5e438b3464591bbfa944,2021-07,Hertfordshire Constabulary,Hertfordshire Constabulary,-0.448348,51.771542,On or near ST AGNELLS COURT,E01023395,Dacorum 007C,Investigation complete; no suspect identified
d80bf0ccbb9717f8415c03c5dc56aaf3b6e12a8c924988746a4be963a95e6010,2021-07,Hertfordshire Constabulary,Hertfordshire Constabulary,-0.658316,51.795463,On or near Petrol Station,E01023421,Dacorum 004B,Investigation complete; no suspect identified
ef6d63bd1046d75c750131e7bf38ee90ff85ddd878e8a83cfa802875cf62cc27,2021-07,Hertfordshire Constabulary,Hertfordshire Constabulary,0.162078,51.868549,On or near Parking Area,E01023450,East Hertfordshire 004B,Unable to prosecute suspect
df031ed49daa110f3e48c90fdfe464bbae5a85095f1ec8407389b9580a11a22e,2021-07,Hertfordshire Constabulary,Hertfordshire Constabulary,-0.168108,51.895276,On or near HAYLEY COMMON,E01023754,Stevenage 009E,Unable to prosecute suspect
4ca4b13b1c8ac87a2f904e399810386803e0fb2f8a38227eec49fc28e917bd79,2021-07,Hertfordshire Constabulary,Hertfordshire Constabulary,-0.190956,51.922417,On or near CANTERBURY WAY,E01023799,Stevenage 002D,Unable to prosecute suspect
894010dda8e723f32b5694d66ae83c1944c1f2339bff6b97af393713d41a9281,2021-07,Hertfordshire Constabulary,Hertfordshire Constabulary,-0.393603,51.661689,On or near ORPHANAGE ROAD,E01023861,Watford 009C,Unable to prosecute suspect
6a0343aad2e63d12dee308ad378cf2caf7b3b15ea385626951c883c5730531be,2021-07,Hertfordshire Constabulary,Hertfordshire Constabulary,-0.414294,51.647179,On or near EXPLORER DRIVE,E01023864,Watford 011B,Investigation complete; no suspect identified
cab2e7e79e66fd543e9e66194784f0f2105ed8d2f164a579cf732c87dedd41bf,2021-07,Hertfordshire Constabulary,Hertfordshire Constabulary,-0.011827,51.937646,On or near Parking Area,E01023464,East Hertfordshire 001B,Investigation complete; no suspect identified
f49c280e4e124bcda0491e59c29d74bd869be9a4ca30e1e09490d41383f61dc2,2021-07,Hertfordshire Constabulary,Hertfordshire Constabulary,-0.270656,51.947209,On or near WINDMILL HILL,E01023609,North Hertfordshire 013D,Unable to prosecute suspect
eaf13e4acc68773e4d97717730ef234de21025bb8e5207b96affab0b5b7d1b1d,2021-07,Hertfordshire Constabulary,Hertfordshire Constabulary,-0.471724,51.750133,On or near KING HARRY STREET,E01023398,Dacorum 015D,Suspect charged
0e53621b5f5922be321150dba8f5f5d786238250aadce1b430ae584db8d0b405,2021-07,Hertfordshire Constabulary,Hertfordshire Constabulary,-0.338241,51.754103,On or near DROVERS WAY,E01023727,St Albans 012B,Investigation complete; no suspect identified
893aa236435a0791cf6b81d25d4996b01b2dd40f2306ee1586e5600948061262,2021-07,Hertfordshire Constabulary,Hertfordshire Constabulary,-0.414252,51.691859,On or near CURTISS DRIVE,E01023833,Three Rivers 002D,Unable to prosecute suspect
1c4526f02b780d19f03ec0d1cf02ae350af2646b8664b9b0f5b303c7d5655abb,2021-07,Hertfordshire Constabulary,Hertfordshire Constabulary,-0.234546,51.773471,On or near BROAD ACRES,E01033310,Welwyn Hatfield 002E,Investigation complete; no suspect identified
5631acad09c0a134ea98baf74037b3502f3f2d41112a2af330eecd479a706f89,2021-07,Hertfordshire Constabulary,Hertfordshire Constabulary,-0.339165,51.753028,On or near WADDINGTON ROAD,E01023727,St Albans 012B,Investigation complete; no suspect identified
d1d696afaf1f602ade9179070b72003827099b9ab74bad21e7eec7a368c36009,2021-07,Hertfordshire Constabulary,Hertfordshire Constabulary,-0.481272,51.756596,On or near MELSTED ROAD,E01023398,Dacorum 015D,Unable to prosecute suspect
1472715baeb959bf6e33aacf9f1ba16bc0aedcbd76e60d5c349b244db5d57b2b,2021-07,Hertfordshire Constabulary,Hertfordshire Constabulary,-0.056062,51.717330,On or near BLACKDALE,E01023309,Broxbourne 006C,Investigation complete; no suspect identified
d982d5b4b4f7d8748a529c92b7a51dd6b3028f28f05366070b008df973757222,2021-07,Hertfordshire Constabulary,Hertfordshire Constabulary,-0.006711,51.764046,On or near LINTONS CLOSE,E01023323,Broxbourne 003D,Investigation complete; no suspect identified
1a75436bd6e095f143e2a1e8310fe1a1420d5907c4613a6ac4a14b056b20ca45,2021-07,Hertfordshire Constabulary,Hertfordshire Constabulary,-0.081048,51.992459,On or near DARK LANE,E01023663,North Hertfordshire 005G,Unable to prosecute suspect
abeae7d8bde54b1d6f5d18e8e7d12d17234c68fd1e0981a9ac0b0a2be8b72d57,2021-07,Hertfordshire Constabulary,Hertfordshire Constabulary,-0.026287,51.718902,On or near B176,E01023306,Broxbourne 008E,Investigation complete; no suspect identified
da9820eb87f5c98972fe1e6c67b23bccf130d3fd10f708958c1e75e051d1382d,2021-07,Hertfordshire Constabulary,Hertfordshire Constabulary,-0.390695,51.653988,On or near LOWER DERBY ROAD,E01023860,Watford 009B,Investigation complete; no suspect identified
7fbb51eab6154056f4cc321e8682b2d2e518ecdd2e98c99c60101474971c4b95,2021-07,Hertfordshire Constabulary,Hertfordshire Constabulary,-0.469602,51.640979,On or near Supermarket,E01023851,Three Rivers 004D,Investigation complete; no suspect identified
f0d9f625d8fe77ccdd863d0306aafa85ca09025ae37229450e84fa2d76275e89,2021-07,Hertfordshire Constabulary,Hertfordshire Constabulary,-0.237330,51.934729,On or near GRIMSTONE ROAD,E01023600,North Hertfordshire 005F,Action to be taken by another organisation
b5d313c8e284cfc63ce0df1dd427bfc283f1d8d33dddeccd52a57fa2c9662140,2021-07,Hertfordshire Constabulary,Hertfordshire Constabulary,-0.348263,51.756205,On or near Petrol Station,E01023728,St Albans 012C,Unable to prosecute suspect
9ba983620e62af08c8f5fe9139bbef49d3e48dc8fed82dc98bed969fdc3abafe,2021-07,Hertfordshire Constabulary,Hertfordshire Constabulary,-0.097717,51.799626,On or near SADLERS WAY,E01023489,East Hertfordshire 015C,Investigation complete; no suspect identified
c685bdc2cb8f2d6ebf988e6de313ea0581fa1e48b92b943406434b37275b97b0,2021-07,Hertfordshire Constabulary,Hertfordshire Constabulary,-0.360029,51.746568,On or near Supermarket,E01023742,St Albans 014A,Investigation complete; no suspect identified
59e6d9867630b68153bd9682e6316b3eb0830c82a536146cde181e25010a3c9a,2021-07,Hertfordshire Constabulary,Hertfordshire Constabulary,-0.182785,51.903624,On or near Sports/Recreation Area,E01023756,Stevenage 008B,Unable to prosecute suspect
0c2439a28275533058bfc8da8dbefd26e10a4123d0698c6101f4eb5fb27c42ee,2021-07,Hertfordshire Constabulary,Hertfordshire Constabulary,-0.099768,51.799470,On or near HUTTON CLOSE,E01023487,East Hertfordshire 015A,Unable to prosecute suspect
2e5531df3bc08432246701d5823b43920e2b840c626a1926d2cde533fdab4ce0,2021-07,Hertfordshire Constabulary,Hertfordshire Constabulary,0.002308,51.800491,On or near Sports/Recreation Area,E01023504,East Hertfordshire 018E,Unable to prosecute suspect
f9b08da36a3d7760f4c8fad6420e47dae74e2c573241d9d8cf567e9b567c9039,2021-07,Hertfordshire Constabulary,Hertfordshire Constabulary,-0.223070,51.772633,On or near WARREN CLOSE,E01023929,Welwyn Hatfield 010A,Investigation complete; no suspect identified
3dbf8d6012d56446ed24276a4e1334249bdead4ac11f0d728ed75cbafdde5270,2021-07,Hertfordshire Constabulary,Hertfordshire Constabulary,-0.031745,51.811515,On or near Supermarket,E01023514,East Hertfordshire 012C,Suspect charged
7e0c202b1ed1bbddf44d5760621e15a2073b4914c97455f91605552a7a9a1aa6,2021-07,Hertfordshire Constabulary,Hertfordshire Constabulary,-0.292594,51.806573,On or near ALLEN CLOSE,E01023746,St Albans 004A,Unable to prosecute suspect
7b84d5ac8a702a2c76be47585db4cbab2928de2d174fe5077b2ee8f363b76507,2021-07,Hertfordshire Constabulary,Hertfordshire Constabulary,-0.025353,51.702457,On or near SHALCROSS DRIVE,E01023299,Broxbourne 010C,Local resolution
fb25c86725aaccd53306516978304bc9796bde2e7205ea5a63f0a547b7818ee4,2021-07,Hertfordshire Constabulary,Hertfordshire Constabulary,-0.374318,51.646254,On or near LONDON ROAD,E01023559,Hertsmere 012B,Investigation complete; no suspect identified
479cdabee5b994dada6bb663851d40647008d1c3eecaf4f1a50e836c8d095ca8,2021-07,Hertfordshire Constabulary,Hertfordshire Constabulary,-0.228835,51.763107,On or near Supermarket,E01023920,Welwyn Hatfield 012A,Investigation complete; no suspect identified
91b723b749fed0482d62be779909429e76756c224b3295c27afc8ad648e92a48,2021-07,Hertfordshire Constabulary,Hertfordshire Constabulary,-0.181601,51.693991,On or near Supermarket,E01023580,Hertsmere 001E,Investigation complete; no suspect identified
2c70c9f5c61266f9a53abbec0d3c02a41d505b5df63125d3111832bcc1092fa2,2021-07,Hertfordshire Constabulary,Hertfordshire Constabulary,-0.488685,51.761952,On or near MARNHAM RISE,E01023390,Dacorum 010A,Suspect charged
afec86d81504c6bf275770db67a5b5c5cdfc51e4a26d45beda37cb6f5f0625b2,2021-07,Hertfordshire Constabulary,Hertfordshire Constabulary,-0.206798,51.918999,On or near BURYMEAD,E01023800,Stevenage 002E,Investigation complete; no suspect identified
337872ddd219a616cee433a4d8af566eb24d7ffac10fb7208db469c8b7e9eff4,2021-07,Hertfordshire Constabulary,Hertfordshire Constabulary,-0.470188,51.633865,On or near Supermarket,E01023849,Three Rivers 011D,Investigation complete; no suspect identified
b648ccffb4187a26a49105851c8a3562706d3d57a82b21d91a17df7a1d838d53,2021-07,Hertfordshire Constabulary,Hertfordshire Constabulary,-0.208121,51.979247,On or near SIXTH AVENUE,E01023630,North Hertfordshire 006A,Investigation complete; no suspect identified
c3ade257d5ace22e90f26b81350664b69031e8eb69b41171b73ed4398a1604c1,2021-07,Hertfordshire Constabulary,Hertfordshire Constabulary,-0.467076,51.759073,On or near GARLAND CLOSE,E01023399,Dacorum 010C,Unable to prosecute suspect
ae425ade9291c157bf1d0485350b642486127ccd25f371547f8b4b211178aa69,2021-07,Hertfordshire Constabulary,Hertfordshire Constabulary,-0.173063,51.804246,On or near NEW WOOD,E01023913,Welwyn Hatfield 004B,Suspect charged
d3ec60adfe59ffcee8e26de65044d6044ce0017df3ad967293e596eaf61c21a3,2021-07,Hertfordshire Constabulary,Hertfordshire Constabulary,-0.072935,51.798835,On or near RAILWAY STREET,E01023478,East Hertfordshire 017D,Investigation complete; no suspect identified
72ed70b4ed05007c1797097b92d21241ef900750d433d325e54a787e42546b1e,2021-07,Hertfordshire Constabulary,Hertfordshire Constabulary,-0.182469,51.863182,On or near HAYGARTH,E01023628,North Hertfordshire 015E,Unable to prosecute suspect
e211b8c3258d571a5a40458d4c20763bb5056513cb78afe0d2bc42d62d0cedcf,2021-07,Hertfordshire Constabulary,Hertfordshire Constabulary,-0.341349,51.740057,On or near CYRILS WAY,E01023737,St Albans 017A,Investigation complete; no suspect identified
4c3b41869554a42b17413ee636c891f441af512fc9bf7664b3593eddf21b7d42,2021-07,Hertfordshire Constabulary,Hertfordshire Constabulary,-0.301318,51.643773,On or near SCHUBERT ROAD,E01023564,Hertsmere 010B,Unable to prosecute suspect
38e4ba0d44e4b490b1c3d47eff24700a987b060a36d64e90a2207892779171e5,2021-07,Hertfordshire Constabulary,Hertfordshire Constabulary,-0.239829,51.976407,On or near BURNELL RISE,E01023646,North Hertfordshire 008C,Unable to prosecute suspect
b54a084d17297b8bbcb5de484bcbad6e1a6710ebc3937544bf928bba8630992e,2021-07,Hertfordshire Constabulary,Hertfordshire Constabulary,-0.451221,51.763406,On or near LARCHWOOD ROAD,E01023346,Dacorum 013B,Local resolution
84887f8bae551dc74a443452db05dbe7a29da3a65fe1c4ba017c6b383f697178,2021-07,Hertfordshire Constabulary,Hertfordshire Constabulary,-0.034245,51.700970,On or near LYNTON PARADE,E01023300,Broxbourne 010D,Unable to prosecute suspect
5ac6b7fb4b6b3eccdd5c2cb61b298d3640e055044a6914fd231a8cca10e1d5cd,2021-07,Hertfordshire Constabulary,Hertfordshire Constabulary,-0.181851,51.695344,On or near THE BRIERS,E01023577,Hertsmere 001B,Investigation complete; no suspect identified
0f1a20e4984732dc4bec55b7a6c2c95ddd620cecd3d3adf826a96c9bd5f1cf72,2021-07,Hertfordshire Constabulary,Hertfordshire Constabulary,-0.183112,51.909923,On or near Pedestrian Subway,E01023780,Stevenage 006C,Investigation complete; no suspect identified
91fa41c8d8f2ca58476df8ff48171957199d5b837ec0f420942a78587fcaf92e,2021-07,Hertfordshire Constabulary,Hertfordshire Constabulary,-0.294251,51.958110,On or near BINGEN ROAD,E01023613,North Hertfordshire 012C,Unable to prosecute suspect
448b9720c61a6734ece4699ef8759aad9766a6162d0e499ecca6650b77f8675a,2021-07,Hertfordshire Constabulary,Hertfordshire Constabulary,-0.170960,51.796723,On or near POPPYFIELDS,E01023953,Welwyn Hatfield 005D,Local resolution
d7f490cb250a84642ecf47791ba82c814b2ce5d30618c74e436af4060b38e893,2021-07,Hertfordshire Constabulary,Hertfordshire Constabulary,-0.256941,51.957177,On or near Parking Area,E01023618,North Hertfordshire 011B,Suspect charged
b880828d17f037eb9bb1ea2307e165e57e92369564d414009ad880d6e70a8482,2021-07,Hertfordshire Constabulary,Hertfordshire Constabulary,-0.171483,51.875529,On or near CAERNARVON CLOSE,E01023764,Stevenage 012B,Unable to prosecute suspect
b56c4f61726826437c6a8e5ee165d2dbfeaa4a6201a986eb3be422bd3464e336,2021-07,Hertfordshire Constabulary,Hertfordshire Constabulary,-0.014917,51.686293,On or near STATION ROAD,E01023338,Broxbourne 013C,Investigation complete; no suspect identified
f6910dfb41d1e6f2307fd190416770bc7618c70384cc27daeab0c3cbee9c833d,2021-07,Hertfordshire Constabulary,Hertfordshire Constabulary,-0.298688,51.742171,On or near TILLAGE CLOSE,E01023678,St Albans 015B,Formal action is not in the public interest
7625b9cd8464d44221042d875f81a73f028fae8f6717afff7e25bcd9968ecdac,2021-07,Hertfordshire Constabulary,Hertfordshire Constabulary,-0.087737,51.942788,On or near B1037,E01023494,East Hertfordshire 002B,Investigation complete; no suspect identified
4dddacd33d14182890d8e81f7fbc3d2ee8297441449f9915f9b46701f7c15c06,2021-07,Hertfordshire Constabulary,Hertfordshire Constabulary,-0.386796,51.692960,On or near NEWLANDS WALK,E01023905,Watford 001B,Suspect charged
51ce0f156dbe7b55015fe3920e85850f5790b523d679aef5a19dfd6b7c34ee45,2021-07,Hertfordshire Constabulary,Hertfordshire Constabulary,-0.029253,51.724266,On or near YUKON ROAD,E01023342,Broxbourne 005C,Unable to prosecute suspect
92c094702706d45e2c28b6f9a9990f838d08215f84d2f7f3deef4829625e11bd,2021-07,Hertfordshire Constabulary,Hertfordshire Constabulary,-0.446578,51.758067,On or near SARACENS HEAD,E01023347,Dacorum 013C,Investigation complete; no suspect identified
e2125e9856bc81f4c1a7857a6dc1536cf861e1522a9f39a1b98818bfbda511da,2021-07,Hertfordshire Constabulary,Hertfordshire Constabulary,-0.454035,51.774332,On or near AVON SQUARE,E01023394,Dacorum 007B,Unable to prosecute suspect
72c7b1598edefa5bf6402d0da5d160f6fbc84137be6f95aae573020e52039f8a,2021-07,Hertfordshire Constabulary,Hertfordshire Constabulary,-0.440712,51.707095,On or near HOME PARK MILL LINK ROAD,E01023808,Three Rivers 001E,Local resolution
fa09793b8c813b8bd2814a6711b444ce38c3d42856d83ca3e340cbdea92c68be,2021-07,Hertfordshire Constabulary,Hertfordshire Constabulary,-0.429859,51.640958,On or near DWIGHT ROAD,E01023841,Three Rivers 011C,Investigation complete; no suspect identified
d4452deb6215bc47e052d74f6e420e6c8aa7d4b0b2f3e29b125ef0f88ec5dfde,2021-07,Hertfordshire Constabulary,Hertfordshire Constabulary,-0.374525,51.649377,On or near GRANGE ROAD,E01023559,Hertsmere 012B,Suspect charged
cb8817145ae2983030484846a2d549e5d31e4a39c68daf7ff290e21e22f4e22d,2021-07,Hertfordshire Constabulary,Hertfordshire Constabulary,0.032328,51.740734,On or near HOE LANE,E01021794,Epping Forest 002D,Suspect charged
9590964ce30af98082dedaa6acab7de668b8a9a97b36d80449923b77d744b997,2021-07,Hertfordshire Constabulary,Hertfordshire Constabulary,-0.298947,51.728309,On or near ALEXANDER ROAD,E01023705,St Albans 018B,Unable to prosecute suspect
0f58b573f12a8165255224cf9aaa6806a6ba70c5a9693a732a150e9ba937d117,2021-07,Hertfordshire Constabulary,Hertfordshire Constabulary,-0.270241,51.659038,On or near SHENLEY ROAD,E01023538,Hertsmere 006E,Suspect charged
e12774d2ab70dbd4407690369cfb2564f22c99fc76173bb35d320a0c7052763d,2021-07,Hertfordshire Constabulary,Hertfordshire Constabulary,-0.317007,51.748487,On or near DEXTER CLOSE,E01023666,St Albans 011A,Investigation complete; no suspect identified
525f22290a0d1322b34491a234a54b3819b1fdf5244bd1b70a14bea8915b1577,2021-07,Hertfordshire Constabulary,Hertfordshire Constabulary,-0.341163,51.761356,On or near ALBAN AVENUE,E01023670,St Albans 009B,Unable to prosecute suspect
dbb23fdafc587d385f2e0631e83efa8707c6ecb58b1080b23e46267a6749b197,2021-07,Hertfordshire Constabulary,Hertfordshire Constabulary,-0.055521,51.714093,On or near BETJEMAN CLOSE,E01023326,Broxbourne 009D,Offender given a caution
6e92756115ab270ea4cfbeb449eb09f4f77d4309b12b6454aaa5003dd72ce76b,2021-07,Hertfordshire Constabulary,Hertfordshire Constabulary,-0.334300,51.753328,On or near Parking Area,E01023727,St Albans 012B,Suspect charged
5c6dff64e986fb231cfef50f39045fc4a708d99f42542bdfbe15b8d105974cd1,2021-07,Hertfordshire Constabulary,Hertfordshire Constabulary,0.143513,51.874950,On or near DANE ACRES,E01023453,East Hertfordshire 003B,Unable to prosecute suspect
c0fd47eb91fdd041cb22f6b3d72c78e1033e9fd81eabff7afe8f51be13a0972d,2021-07,Hertfordshire Constabulary,Hertfordshire Constabulary,-0.326695,51.748193,On or near CHARRINGTON PLACE,E01023729,St Albans 012D,Investigation complete; no suspect identified
635128fb85aa34a87b12b6a9d80b82ff3d46601b5eb7929a8b4d12f7af8d60ce,2021-07,Hertfordshire Constabulary,Hertfordshire Constabulary,-0.399926,51.657468,On or near Nightclub,E01023861,Watford 009C,Investigation complete; no suspect identified
db8745ef7bc66d062bc8446c6d77164062f806bc4a6d3ded5e8b90ea752943f1,2021-07,Hertfordshire Constabulary,Hertfordshire Constabulary,-0.430208,51.758416,On or near Sports/Recreation Area,E01023345,Dacorum 013A,Investigation complete; no suspect identified
0dffdf51bb295edba41e3bfe2637b474008bb5f819fd6a10aa3644f6dc75913f,2021-07,Hertfordshire Constabulary,Hertfordshire Constabulary,-0.350999,51.716894,On or near WITHY PLACE,E01023719,St Albans 019B,Unable to prosecute suspect
d5d221e735217321e242df9d7bc72c3b5abec9642936e1b1848725cf37484f1d,2021-07,Hertfordshire Constabulary,Hertfordshire Constabulary,-0.286850,51.662563,On or near MAYDWELL LODGE,E01023531,Hertsmere 007C,Unable to prosecute suspect
1f2e9ca8001b92a22fb8b08c87635c43f68e698d075d01912930b0e89ee9a72b,2021-07,Hertfordshire Constabulary,Hertfordshire Constabulary,-0.305755,51.670922,On or near Park/Open Space,E01023524,Hertsmere 005B,Suspect charged
00eae590fe844dd39723d51a38dd36b2d433a0d14d03de5205fdf53dacc49cbe,2021-07,Hertfordshire Constabulary,Hertfordshire Constabulary,-0.473073,51.755240,On or near Parking Area,E01023400,Dacorum 015E,Investigation complete; no suspect identified
40aa4eb3f14c40e9cacd5a79cc36564942892a946d2329ae1c6b9982d9598a71,2021-07,Hertfordshire Constabulary,Hertfordshire Constabulary,-0.057496,51.801387,On or near CROMWELL ROAD,E01023483,East Hertfordshire 016B,Investigation complete; no suspect identified
0c21f6da1d9b804beea1025bb73281e4a2ca62d68a7dfe57ff202390ea78ead8,2021-07,Hertfordshire Constabulary,Hertfordshire Constabulary,-0.016075,51.746130,On or near STATION ROAD,E01023291,Broxbourne 004C,Local resolution
c9291ee9cc8c9bbf3de0df91a0308b012a8306c8a0aea7f5b81a7df361cedd43,2021-07,Hertfordshire Constabulary,Hertfordshire Constabulary,-0.276743,51.655716,On or near Shopping Area,E01023530,Hertsmere 007B,Unable to prosecute suspect
6b00012bbc127872e95af1aa15e0a81ab70397831fa3944028d529c89a93fa00,2021-07,Hertfordshire Constabulary,Hertfordshire Constabulary,-0.237817,51.765040,On or near GOLDSMITH WAY,E01033308,Welwyn Hatfield 010E,Unable to prosecute suspect
1fcd5250fca0e98aaef16fbe111e21eebef636300c66df79c5bd34c448d732a5,2021-07,Hertfordshire Constabulary,Hertfordshire Constabulary,-0.276829,51.953198,On or near Bus/Coach Station,E01023616,North Hertfordshire 012F,Unable to prosecute suspect
ede447019ea86f5fc99080a79231c56084cf8c3660b349ce5da1b92e354a083a,2021-07,Hertfordshire Constabulary,Hertfordshire Constabulary,-0.182719,51.908874,On or near Pedestrian Subway,E01023781,Stevenage 006D,Investigation complete; no suspect identified
f080880e7f97e52d3e72a191d63ed2b7ca0851e7c21f26bfabf7308260ae57a7,2021-07,Hertfordshire Constabulary,Hertfordshire Constabulary,0.162078,51.868549,On or near Parking Area,E01023450,East Hertfordshire 004B,Investigation complete; no suspect identified
9c7fe28ccf0d329923f76202eeaf5a06e6a9542ed8995440c64e0bd663fe1040,2021-07,Hertfordshire Constabulary,Hertfordshire Constabulary,-0.361316,51.644086,On or near CHURCH WALK,E01023561,Hertsmere 012D,Investigation complete; no suspect identified
7d215c41d8c9b758d6437d81555f340a12a911e0b53d2c09577588c38a8c6910,2021-07,Hertfordshire Constabulary,Hertfordshire Constabulary,-0.457768,51.767736,On or near WENSLEYDALE,E01023402,Dacorum 008B,Unable to prosecute suspect
fab1d7a095080a492229b2c77782fa0685dbfd1b51d557555a053d5619825f2d,2021-07,Hertfordshire Constabulary,Hertfordshire Constabulary,0.176608,51.867732,On or near NIGHTINGLES,E01023442,East Hertfordshire 005E,Unable to prosecute suspect
13b2926e08826e439f0a60ddf7c0f7643b4e8169c2437832ad59fd004740be9a,2021-07,Hertfordshire Constabulary,Hertfordshire Constabulary,-0.239351,51.971517,On or near Sports/Recreation Area,E01023645,North Hertfordshire 008B,Unable to prosecute suspect
5ba024a7f707df0398c58ffe20f61a454b7a6fb045edc029d31d11bc6db47572,2021-07,Hertfordshire Constabulary,Hertfordshire Constabulary,-0.439997,51.778769,On or near BURNS DRIVE,E01023435,Dacorum 005B,Local resolution
d4423ff53a70a40693d2146bc563df19e0e3b5fe6a6e8deaedc2efb545749e79,2021-07,Hertfordshire Constabulary,Hertfordshire Constabulary,-0.267551,51.658306,On or near MAXWELL ROAD,E01023541,Hertsmere 011C,Unable to prosecute suspect
118f8871c8000d29985c615eb740a8b87d7097f584dad3bb59eb8e5d7ef6952d,2021-07,Hertfordshire Constabulary,Hertfordshire Constabulary,-0.224975,51.762887,On or near KENNELWOOD LANE,E01023920,Welwyn Hatfield 012A,Investigation complete; no suspect identified
8f7fb0ca2269f00c26311bf94af48fd9dfe2c3340e20a1e170a31ee5d943ead7,2021-07,Hertfordshire Constabulary,Hertfordshire Constabulary,-0.394464,51.697480,On or near NEWHOUSE CRESCENT,E01023904,Watford 001A,Investigation complete; no suspect identified
49e2a485b106026a2b71f53d75395e036ae1e5dacda71b1b80c3851f9871fd9e,2021-07,Hertfordshire Constabulary,Hertfordshire Constabulary,-0.442052,51.712337,On or near GRAND UNION WAY,E01023808,Three Rivers 001E,Unable to prosecute suspect
7fb450011186c9f69bbc39906d74379fb65ab5a37bc8e94b690e456614c806dd,2021-07,Hertfordshire Constabulary,Hertfordshire Constabulary,-0.210981,51.897896,On or near Pedestrian Subway,E01023798,Stevenage 005D,Investigation complete; no suspect identified
451155d7076983d3f5806c9810500af82c15decea6c6081bb73cbeb05ab26098,2021-07,Hertfordshire Constabulary,Hertfordshire Constabulary,-0.169607,51.909192,On or near Parking Area,E01023759,Stevenage 007A,Unable to prosecute suspect
fa9243d47a9adbe0c2683e0df72f8a9e612247b74ed8ad134583d7ec657d2e01,2021-07,Hertfordshire Constabulary,Hertfordshire Constabulary,-0.339291,51.751564,On or near CHEQUER STREET,E01023727,St Albans 012B,Unable to prosecute suspect
24f3c5f79338e3838573e17209d4019cc83c96487c17c697ed9b9f7687b91d64,2021-07,Hertfordshire Constabulary,Hertfordshire Constabulary,-0.253023,51.658612,On or near Petrol Station,E01023546,Hertsmere 009C,Investigation complete; no suspect identified
dd42b73429f4daaff8ec89a68c96891fecb559af4d956070833b66bcb6b48e8f,2021-07,Hertfordshire Constabulary,Hertfordshire Constabulary,-0.231738,51.981105,On or near BRIDGE ROAD,E01023649,North Hertfordshire 007A,Unable to prosecute suspect
cd019901dd78f29e23f1a7ee24f2557a1d85b8d90d3366b1355eb248b1686786,2021-07,Hertfordshire Constabulary,Hertfordshire Constabulary,-0.291699,51.807604,On or near SAXON ROAD,E01023747,St Albans 004B,Unable to prosecute suspect
32abdc80a405dc2194c9aef4bccc92665e1158a08c26c6164629fb72c8e7c402,2021-07,Hertfordshire Constabulary,Hertfordshire Constabulary,-0.277322,51.949060,On or near Shopping Area,E01023616,North Hertfordshire 012F,Investigation complete; no suspect identified
ee31cf272684b248a4f7d218c3d1a6b9e210f9001d4b00996d1724edde0abb1f,2021-07,Hertfordshire Constabulary,Hertfordshire Constabulary,-0.459109,51.740275,On or near BELMONT ROAD,E01023389,Dacorum 019D,Investigation complete; no suspect identified
3536e74951da94575dc2d1f4c2c1f09a9927e4dfaeefdd6f6b6c4daae71f7d13,2021-07,Hertfordshire Constabulary,Hertfordshire Constabulary,-0.182853,51.865913,On or near Supermarket,E01023628,North Hertfordshire 015E,Investigation complete; no suspect identified
d5b55479abe878c9b6aaa6c353d3e5200804bf0d374087e4e48b9d633fe8d771,2021-07,Hertfordshire Constabulary,Hertfordshire Constabulary,-0.037445,51.718001,On or near Supermarket,E01023305,Broxbourne 008D,Suspect charged
f42de408ef7f7e75d13f561c90da380005f035001d96e803a88b1b2d8f8c52ad,2021-07,Hertfordshire Constabulary,Hertfordshire Constabulary,-0.336975,51.751505,On or near Shopping Area,E01023727,St Albans 012B,Investigation complete; no suspect identified
3c84ebdfb0e9c8ab2b32ef8c735ef712a80a277c5114dc11b2ebde2d366e0fb0,2021-07,Hertfordshire Constabulary,Hertfordshire Constabulary,-0.348211,51.647544,On or near THE BIRCHES,E01023556,Hertsmere 013E,Suspect charged
3cef9a813c78ca13256f1bdeb33191b81435a38176fb2742f832886323ae4c6c,2021-07,Hertfordshire Constabulary,Hertfordshire Constabulary,-0.385024,51.620766,On or near LUNDIN WALK,E01023805,Three Rivers 010A,Investigation complete; no suspect identified
9cd5c00ba11d2e78a733211103bead8746e05cfee1095157f28531c4883d0e0b,2021-07,Hertfordshire Constabulary,Hertfordshire Constabulary,-0.490607,51.640784,On or near BERRY LANE,E01023848,Three Rivers 007B,Unable to prosecute suspect
875ef447485da48687fb5b4aec605cf7188911320c3d9ec87af91732d828805d,2021-07,Hertfordshire Constabulary,Hertfordshire Constabulary,-0.020514,51.848321,On or near NORTH DRIVE,E01023506,East Hertfordshire 006B,Investigation complete; no suspect identified
c34e4463eff84973ae2d1d98782ada7bffae77c285b29faf33300383fd537b63,2021-07,Hertfordshire Constabulary,Hertfordshire Constabulary,-0.396503,51.669246,On or near HATFIELD ROAD,E01023855,Watford 006A,Unable to prosecute suspect
daebebf93a2101c57b75f1542881f386cf05e88649f6758e9c8fd55c45b24b50,2021-07,Hertfordshire Constabulary,Hertfordshire Constabulary,-0.274374,51.656815,On or near Supermarket,E01023530,Hertsmere 007B,Suspect charged
5898185656839b361d038ecce72b7bd55a67f3b2a4cd647f66f865c167625110,2021-07,Hertfordshire Constabulary,Hertfordshire Constabulary,-0.566049,51.765187,On or near CASTLE HILL CLOSE,E01023362,Dacorum 009B,Investigation complete; no suspect identified
843ffa1ab87ccb23773e53451823273daa0bddfd28f7a9705228c52fdc3a5349,2021-07,Hertfordshire Constabulary,Hertfordshire Constabulary,-0.192691,51.895854,On or near ABINGER CLOSE,E01023755,Stevenage 008A,Unable to prosecute suspect
cb1e78bd624cfa0f84bac55930f874cc051c3f1ac11ad912a9094af02de93337,2021-07,Hertfordshire Constabulary,Hertfordshire Constabulary,-0.236781,51.757400,On or near Parking Area,E01023923,Welwyn Hatfield 012D,Suspect charged
02835c12250cfef1489fd5487d03e575a66d99003ce5020b9ce0bd287fa852ab,2021-07,Hertfordshire Constabulary,Hertfordshire Constabulary,,,No location,,,Unable to prosecute suspect
c10105864e505826ffcb609de6cf9d909c53c5df5293422b5fe9b544bbe818ab,2021-07,Hertfordshire Constabulary,Hertfordshire Constabulary,-0.290279,51.694382,On or near GREENWOOD GARDENS,E01023581,Hertsmere 004A,Investigation complete; no suspect identified
61207520cea40057a31dd1bb13361f96119a8ca4b45d5ecf2fbf2bc40eada58d,2021-07,Hertfordshire Constabulary,Hertfordshire Constabulary,-0.050614,51.802217,On or near COCKBUSH AVENUE,E01023484,East Hertfordshire 016C,Unable to prosecute suspect
4e2122a048bba3e00c9cad5b836be907b327fbcf2a4f390fe5566ba4fe0322df,2021-07,Hertfordshire Constabulary,Hertfordshire Constabulary,-0.288534,51.811118,On or near NECTON ROAD,E01023747,St Albans 004B,Offender given a caution
b0a7a74ae86804f8e30993222e91e9d7396ab26d85e9f3559db875f98b7ac7bc,2021-07,Hertfordshire Constabulary,Hertfordshire Constabulary,-0.238014,51.773748,On or near THISTLE DRIVE,E01033310,Welwyn Hatfield 002E,Unable to prosecute suspect
57b03813b88ab4fedf9129f02f5043176c558c5f443f691570792f69f24884dd,2021-07,Hertfordshire Constabulary,Hertfordshire Constabulary,-0.178082,51.931830,On or near CHEVIOT WAY,E01033027,North Hertfordshire 005K,Unable to prosecute suspect
e18710da06e7e598bcc490502a4fce63847ef3cc286da16d874c3870f90048e0,2021-07,Hertfordshire Constabulary,Hertfordshire Constabulary,-0.038711,51.815148,On or near WATTON ROAD,E01023517,East Hertfordshire 013E,Investigation complete; no suspect identified
ce77117dc3a9cd3dc7761ab35b83ecea2547e2c828e8a167a0f61501fbfa649a,2021-07,Hertfordshire Constabulary,Hertfordshire Constabulary,-0.034575,51.692370,On or near THEOBALD'S GROVE,E01023332,Broxbourne 012A,Unable to prosecute suspect
0b21e7043cc437ccf2338367f2aae53728521e1a13905015e584ff1ac46bb27d,2021-07,Hertfordshire Constabulary,Hertfordshire Constabulary,-0.028796,51.952445,On or near Sports/Recreation Area,E01023465,East Hertfordshire 001C,Offender given a caution
3b1aa7e86faf37167c16d80965f7daea51c447f3628e0856aeebd332cada8da6,2021-07,Hertfordshire Constabulary,Hertfordshire Constabulary,-0.433269,51.693796,On or near Pedestrian Subway,E01023831,Three Rivers 003C,Local resolution
b07a9fc360482ef70bec68bb27952cc1d2f51f2101a24afd0ef671345915c607,2021-07,Hertfordshire Constabulary,Hertfordshire Constabulary,-0.671993,51.807217,On or near LITTLE TRING ROAD,E01023424,Dacorum 002B,Investigation complete; no suspect identified
b2126d4fd7a6b6109aab9049b26dcbcee65a09f2e33846fefefbb51ded71415a,2021-07,Hertfordshire Constabulary,Hertfordshire Constabulary,-0.499454,51.634567,On or near FOTHERLEY ROAD,E01023835,Three Rivers 009A,Unable to prosecute suspect
3137c0e63ce550d756f6b54c7ad84c595ebf0d519f56a53753b93ff3c9433001,2021-07,Hertfordshire Constabulary,Hertfordshire Constabulary,0.166122,51.867153,On or near LONDON ROAD,E01023441,East Hertfordshire 005D,Investigation complete; no suspect identified
f0a093ed7fd7e10a3fe04fc439914575cf8872e90e10465da20f479966fcd3ef,2021-07,Hertfordshire Constabulary,Hertfordshire Constabulary,-0.404338,51.796813,On or near REDFIELD CLOSE,E01023722,St Albans 006A,Unable to prosecute suspect
46f583f448c5029f9b3a23de2df25a59488043950c9bd6dab7a7d513ec47918b,2021-07,Hertfordshire Constabulary,Hertfordshire Constabulary,-0.467601,51.748254,On or near WOOD LANE,E01023398,Dacorum 015D,Suspect charged
4e8096ef10dc696cd12fad76514c32df9eb0efd54452949be506e554d6a10b38,2021-07,Hertfordshire Constabulary,Hertfordshire Constabulary,-0.581362,51.802310,On or near B4506,E01023352,Dacorum 004A,Unable to prosecute suspect
a5e070c06cc971e9ede3b0c5890f9ffd5633e91ef00a8ece1f6ca2ef596c2c0a,2021-07,Hertfordshire Constabulary,Hertfordshire Constabulary,-0.049057,51.701136,On or near PENGELLY CLOSE,E01023296,Broxbourne 011D,Investigation complete; no suspect identified
54b63bb384ce6f1c6d20a3010e97665efcd4de4eb2d56fe989c74e9b4e3ca1b5,2021-07,Hertfordshire Constabulary,Hertfordshire Constabulary,-0.407129,51.628081,On or near GOSFORTH PATH,E01023827,Three Rivers 008A,Unable to prosecute suspect
1321314aecbd648c4a830979138179b2c07c1f3ba2558bc2c6d3c4ed6d1c13df,2021-07,Hertfordshire Constabulary,Hertfordshire Constabulary,-0.266376,51.651212,On or near NEWTON CRESCENT,E01023540,Hertsmere 011B,Local resolution
7f974664e474dd495f7ef031ebe0c8c0acdb05779e697e138788989c48ee0938,2021-07,Hertfordshire Constabulary,Hertfordshire Constabulary,-0.404010,51.683187,On or near NORTH WESTERN AVENUE,E01023872,Watford 004E,Unable to prosecute suspect
ea4e437dbe6a7c99dcf3a845a77d9f54092011a461093116eadc44a2d0394af3,2021-07,Hertfordshire Constabulary,Hertfordshire Constabulary,-0.407352,51.652255,On or near HARWOODS ROAD,E01023903,Watford 010E,Investigation complete; no suspect identified
96ec584d39c899488247d28c2d289f426df11bc97f8285e9e8d17812bead590d,2021-07,Hertfordshire Constabulary,Hertfordshire Constabulary,-0.182149,51.889506,On or near TILLERS LINK,E01023794,Stevenage 010D,Unable to prosecute suspect
2ac556c0de5f0f24256e791435e8dcd39c9cb941ffd14f0419ad4ca857190378,2021-07,Hertfordshire Constabulary,Hertfordshire Constabulary,,,No location,,,Investigation complete; no suspect identified
ff4886911c8a160c51ab4af839d01039d3a2ca243fa92624b79bf988d4562a20,2021-07,Hertfordshire Constabulary,Hertfordshire Constabulary,-0.069600,51.796461,On or near Shopping Area,E01023477,East Hertfordshire 017C,Investigation complete; no suspect identified
3ae23ced101cdccced6d692161eafc2e0f850e5e072b666c70790f9fa214f66a,2021-07,Hertfordshire Constabulary,Hertfordshire Constabulary,-0.019031,51.731549,On or near WHARF ROAD,E01023341,Broxbourne 005B,Unable to prosecute suspect
085731fef8b837effb28caaa8a9f7a6f1943c095b330d5b0b49ae44e9aaf2a37,2021-07,Hertfordshire Constabulary,Hertfordshire Constabulary,-0.449158,51.742401,On or near KIMPS WAY,E01023358,Dacorum 020B,Unable to prosecute suspect
524e8a6eb5eb1786dd6596922ac3f250ade4e22da8c0be1b37b33353b3b33aca,2021-07,Hertfordshire Constabulary,Hertfordshire Constabulary,-0.450425,51.733741,On or near MEADOW ROAD,E01023414,Dacorum 020E,Unable to prosecute suspect
51b291de8d9ce7b26622f4a8d20f881dcdcf2502b0f66cdd9a4fc84c737746fb,2021-07,Hertfordshire Constabulary,Hertfordshire Constabulary,-0.333009,51.713223,On or near HAMPDEN PLACE,E01023720,St Albans 019C,Investigation complete; no suspect identified
53af138798ae8b92735efe10325d83f9486228159e3d329a5f9058bdf1eb4892,2021-07,Hertfordshire Constabulary,Hertfordshire Constabulary,-0.276557,51.655669,On or near KEYSTONE PASSAGE,E01023530,Hertsmere 007B,Local resolution
c8d14bf9899abe4e93f1016ad7df0ca30ea18b4b6518c14172381c5bd42fbd6c,2021-07,Hertfordshire Constabulary,Hertfordshire Constabulary,-0.178844,51.882099,On or near Supermarket,E01023784,Stevenage 011B,Unable to prosecute suspect
d2e0d1aeb94f34d85fab4fa830311a342a6ebca13c2320163bef4564fcc216bb,2021-07,Hertfordshire Constabulary,Hertfordshire Constabulary,-0.473413,51.733996,On or near ST ANDREW'S ROAD,E01023354,Dacorum 018B,Unable to prosecute suspect
060d5276e9062301f03023d0a63fe48875748784df0cd69dbe0d5274f9520729,2021-07,Hertfordshire Constabulary,Hertfordshire Constabulary,-0.160508,51.924786,On or near WINDERMERE CLOSE,E01033024,North Hertfordshire 005H,Unable to prosecute suspect
188f5d60b5975f7d0fe0fa143d3e97525a7307fae4da841d6da88ad04a9049ce,2021-07,Hertfordshire Constabulary,Hertfordshire Constabulary,-0.400520,51.659491,On or near Nightclub,E01023861,Watford 009C,Suspect charged
0929a4ffde0c029f25e7d076f48ada44595e7d902eb5b35494b33a2f3445c7e3,2021-07,Hertfordshire Constabulary,Hertfordshire Constabulary,-0.176527,51.702509,On or near THE HIGHLANDS,E01023580,Hertsmere 001E,Investigation complete; no suspect identified
a7ae5bc89a6909e8dbde744f1f3b301de6c8c24afb797f15c1b433404dfa99bc,2021-07,Hertfordshire Constabulary,Hertfordshire Constabulary,-0.197256,51.900546,On or near PENN ROAD,E01023758,Stevenage 008D,Suspect charged
6872a16d6e5a228c6f1ba14a743f2a85de66637e3162ae45af66755efb056ad3,2021-07,Hertfordshire Constabulary,Hertfordshire Constabulary,-0.385430,51.693948,On or near ST ALBANS ROAD,E01023905,Watford 001B,Unable to prosecute suspect
cac29117abf12cdb6315bd8c835ccf9fbe32fb49d7299b4e0b4e3c84e3ddceee,2021-07,Hertfordshire Constabulary,Hertfordshire Constabulary,-0.343420,51.772142,On or near FLINT WAY,E01023671,St Albans 009C,Unable to prosecute suspect
d63573624d945cb63a3f5838877466fbb1930ae08dad3d0eee2266aaa0a31b03,2021-07,Hertfordshire Constabulary,Hertfordshire Constabulary,-0.467624,51.738597,On or near FROGMORE ROAD,E01033023,Dacorum 018H,Unable to prosecute suspect
2ef578f00aad391e00ea1dc6318b7dd953794caf48a4666be446e21166bf8908,2021-07,Hertfordshire Constabulary,Hertfordshire Constabulary,-0.234157,51.745194,On or near SHALLCROSS CRESCENT,E01023932,Welwyn Hatfield 013A,Investigation complete; no suspect identified
1f7aaf5a674a5752c1616f4e68dc7a98f6ab974eeb0d54ec9b561af739159109,2021-07,Hertfordshire Constabulary,Hertfordshire Constabulary,-0.168580,51.904411,On or near PANKHURST CRESCENT,E01023761,Stevenage 007C,Investigation complete; no suspect identified
6162d891731aa058abfd91cf97ba3cb8d675d6277b6bb945f8b1518e43f13e9d,2021-07,Hertfordshire Constabulary,Hertfordshire Constabulary,-0.426685,51.647894,On or near HATTERS LANE,E01023866,Watford 011D,Unable to prosecute suspect
012f8dda6ddd52ab173038e6552e710db80cab53efabd65e5bf1162266de6a5f,2021-07,Hertfordshire Constabulary,Hertfordshire Constabulary,-0.191650,52.024844,On or near CALDECOTE ROAD,E01023585,North Hertfordshire 005A,Suspect charged
4508de8cff977e7f41661158550bd70f5a5649dbbcadf3be05b5791e8c35acb8,2021-07,Hertfordshire Constabulary,Hertfordshire Constabulary,-0.161870,51.926336,On or near SERPENTINE CLOSE,E01033024,North Hertfordshire 005H,Further investigation is not in the public interest
9799003ff549018ed43e370e20e1be7d31685616b5eb5eb772d901025f47e1b7,2021-07,Hertfordshire Constabulary,Hertfordshire Constabulary,-0.245536,51.980530,On or near MONKLANDS,E01023650,North Hertfordshire 007B,Action to be taken by another organisation
04f2c265d2074acefe53ea01759803900ed3432b2c7dc44c0d7889b2815f918d,2021-07,Hertfordshire Constabulary,Hertfordshire Constabulary,-0.560359,51.760909,On or near CASTLE STREET,E01023361,Dacorum 009A,Investigation complete; no suspect identified
6d3b40128d58c67fa1d479e9c2a2f9dc53e7eb7a923fdd0193fb3c74e638e2f8,2021-07,Hertfordshire Constabulary,Hertfordshire Constabulary,-0.389646,51.626899,On or near HENBURY WAY,E01023844,Three Rivers 012D,Investigation complete; no suspect identified
e735810c40b56fd5fffbf0519f10621b2137e92668cc40e639e636a7718281af,2021-07,Hertfordshire Constabulary,Hertfordshire Constabulary,-0.190714,51.890078,On or near Pedestrian Subway,E01023794,Stevenage 010D,Investigation complete; no suspect identified
673c3c5e02d19dcefd7c131414d077ea7e23952d5730c82cfbe9c267e9215824,2021-07,Hertfordshire Constabulary,Hertfordshire Constabulary,-0.201562,51.900459,On or near THE QUADRANT,E01023758,Stevenage 008D,Unable to prosecute suspect
05ce10ba6e8b09bb49bad5a8e30cd58bb23855137c3ab3816b5187fd41a4f441,2021-07,Hertfordshire Constabulary,Hertfordshire Constabulary,-0.473723,51.752721,On or near Bus/Coach Station,E01023398,Dacorum 015D,Suspect charged
d96d361e85e8f29bf31ee18a015f9b8ba3f0bc4f58e50dfc9e146ea58c944cc8,2021-07,Hertfordshire Constabulary,Hertfordshire Constabulary,-0.432515,51.656991,On or near LODGE END,E01023824,Three Rivers 003B,Investigation complete; no suspect identified
695b39052e28e6fc3a37fb16bf098211921f2094a1d82285b2730fe93edd55be,2021-07,Hertfordshire Constabulary,Hertfordshire Constabulary,-0.402216,51.658525,On or near HALSEY ROAD,E01023861,Watford 009C,Unable to prosecute suspect
db0cebde68214d3cc114865f5b319b214c6fafca9903ffedbf01f66c9a187fda,2021-07,Hertfordshire Constabulary,Hertfordshire Constabulary,-0.417774,51.682987,On or near COURTLANDS DRIVE,E01023868,Watford 004A,Investigation complete; no suspect identified
be762f19640a82213eea14554318f9005a9a9e0322fc86d7024015d64de8d6de,2021-07,Hertfordshire Constabulary,Hertfordshire Constabulary,-0.394598,51.671990,On or near BALMORAL ROAD,E01023858,Watford 006D,Unable to prosecute suspect
2eab81736b254df04a996eb8387efafb98bc6fd305dbfa8516e2dca2cfd1cc3d,2021-07,Hertfordshire Constabulary,Hertfordshire Constabulary,-0.263051,51.647808,On or near ST PAUL'S CLOSE,E01023542,Hertsmere 011D,Investigation complete; no suspect identified
36d91bbea9c33f472482c2fb6079d5856bd63eb1307fb4a8f9e94178fbcf4da5,2021-07,Hertfordshire Constabulary,Hertfordshire Constabulary,-0.184271,51.892380,On or near Parking Area,E01023794,Stevenage 010D,Investigation complete; no suspect identified
3cc9811f5fa8431e9a11925bcca696b007799d740fb35825e330b78812bb8896,2021-07,Hertfordshire Constabulary,Hertfordshire Constabulary,-0.199558,51.896778,On or near Further/Higher Educational Building,E01023786,Stevenage 011D,Unable to prosecute suspect
b55355c2b25ba9ea7fdb9a9af036e425bb7157937abd895720894463919d5640,2021-07,Hertfordshire Constabulary,Hertfordshire Constabulary,-0.405187,51.658331,On or near PEACE DRIVE,E01023888,Watford 008C,Investigation complete; no suspect identified
43af54a0d0ef06e5053452b5aa1d128e561a62fb03cb23ce73f4ba4dd6010844,2021-07,Hertfordshire Constabulary,Hertfordshire Constabulary,-0.006830,51.761000,On or near Pedestrian Subway,E01023320,Broxbourne 003A,Unable to prosecute suspect
b5a22244c3b6fbbffa496ce10769af6d7f8e9bf092746785c0b8538023ee8038,2021-07,Hertfordshire Constabulary,Hertfordshire Constabulary,-0.254712,51.949357,On or near HARDY CLOSE,E01023621,North Hertfordshire 011E,Unable to prosecute suspect
8c52e89db94f1ce618afaa9caacd7937674234e901c23d045b594c6f3aed3da1,2021-07,Hertfordshire Constabulary,Hertfordshire Constabulary,-0.167718,51.890594,On or near RIDLINS END,E01023751,Stevenage 009B,Unable to prosecute suspect
eb2fb1de934571717bea5eeb6a3c7e087111ea33d2768f2a96f5a084f412fbfb,2021-07,Hertfordshire Constabulary,Hertfordshire Constabulary,-0.467076,51.759073,On or near GARLAND CLOSE,E01023399,Dacorum 010C,Suspect charged
bbd85c42e55f70569772d6a2debdc2fd228ef2987a632ffc177f6ac1e2f7a3a4,2021-07,Hertfordshire Constabulary,Hertfordshire Constabulary,-0.412565,51.654897,On or near RICKMANSWORTH ROAD,E01023888,Watford 008C,Investigation complete; no suspect identified
3d81154355394e8bb4a4582360c968bdedb559ef79ecd11b011059da09cdc4e0,2021-07,Hertfordshire Constabulary,Hertfordshire Constabulary,-0.452673,51.717081,On or near WHITLARS DRIVE,E01023407,Dacorum 022B,Suspect charged
614102f9c0c3efba54c43d32dfe9ba7a2435ff5fa5395545c23258033b8ed09d,2021-07,Hertfordshire Constabulary,Hertfordshire Constabulary,0.142918,51.859377,On or near LARCHWOOD,E01023448,East Hertfordshire 007F,Unable to prosecute suspect
1a26c3f7c6dfcac0d940cfdd5998e7607c16db956db3c972f5025bf0d1972be9,2021-07,Hertfordshire Constabulary,Hertfordshire Constabulary,-0.383077,51.688503,On or near KIMPTON PLACE,E01023877,Watford 003E,Unable to prosecute suspect
7b259a8ee3ee8d5bea62f988e32e1bb3e1e3b226aa230103987a104ab3f98904,2021-07,Hertfordshire Constabulary,Hertfordshire Constabulary,-0.226733,51.985059,On or near Park/Open Space,E01023634,North Hertfordshire 006E,Investigation complete; no suspect identified
80d81f08292fd0c9a44e815b2987f44f8bfe63edb4ddbe90bbde26a43ead25a8,2021-07,Hertfordshire Constabulary,Hertfordshire Constabulary,0.140602,51.876657,On or near Sports/Recreation Area,E01023453,East Hertfordshire 003B,Unable to prosecute suspect
2e042d237eb9dadfb75519933be33ad4c2e543064411474b11a23779509fa1d4,2021-07,Hertfordshire Constabulary,Hertfordshire Constabulary,-0.223972,51.761478,On or near LINK DRIVE,E01023924,Welwyn Hatfield 011A,Unable to prosecute suspect
d275bb83aa9ae39625859ed25aad24727b54d2d6b768f481d06861eab72fc757,2021-07,Hertfordshire Constabulary,Hertfordshire Constabulary,-0.473578,51.751029,On or near BRIDGE STREET,E01023398,Dacorum 015D,Investigation complete; no suspect identified
68b3ece5ed7bfc80144fc51f100de5ece4c91e2228505c98d4ec38fb2733c02c,2021-07,Hertfordshire Constabulary,Hertfordshire Constabulary,-0.214864,51.823745,On or near Petrol Station,E01023970,Welwyn Hatfield 002D,Investigation complete; no suspect identified
79b217192c6dee92fb554655d6d23d124c3fcbb86d3e4da232597b54c6be1c87,2021-07,Hertfordshire Constabulary,Hertfordshire Constabulary,-0.027267,52.045225,On or near CORONATION AVENUE,E01023655,North Hertfordshire 002B,Unable to prosecute suspect
1b88548a21704f0d86099a8f470c253bdda476e90ad64cb91049c94791cabbce,2021-07,Hertfordshire Constabulary,Hertfordshire Constabulary,-0.182785,51.903624,On or near Sports/Recreation Area,E01023756,Stevenage 008B,Unable to prosecute suspect
be5386a1649b92e856f14da43fd9a603a055e9c1e0ffacd1fdb7ecfb392245b8,2021-07,Hertfordshire Constabulary,Hertfordshire Constabulary,-0.208479,51.697803,On or near MIMMS HALL ROAD,E01023567,Hertsmere 002A,Suspect charged
c97bccd1cbd67fe11b02c32ade8e6aa83f38310bf6b2629057daf1db9a895c4a,2021-07,Hertfordshire Constabulary,Hertfordshire Constabulary,-0.200289,51.789281,On or near RAYMONDS CLOSE,E01023940,Welwyn Hatfield 009B,Unable to prosecute suspect
d5da9540337cdfdd7fbac61c873746807c4d8175a8cbebe491230be7f76f3c3c,2021-07,Hertfordshire Constabulary,Hertfordshire Constabulary,-0.287350,51.957011,On or near NUTLEIGH GROVE,E01023612,North Hertfordshire 012B,Unable to prosecute suspect
bb50bbbdf596af518702d3ec84ba30851c93f4409cc4f44d38a4073a88cba992,2021-07,Hertfordshire Constabulary,Hertfordshire Constabulary,-0.210614,51.976228,On or near Petrol Station,E01023643,North Hertfordshire 009E,Investigation complete; no suspect identified
7cb7b7a8244b5396b01a702342fe56aef13714b369215bd13adb3fc852e277df,2021-07,Hertfordshire Constabulary,Hertfordshire Constabulary,-0.405429,51.647742,On or near WILLOW LANE,E01023901,Watford 010C,Unable to prosecute suspect
fd16d90232d7551854336ea06885442d61a6ef6cf3abc89ba7f9a1eb5e0eceb5,2021-07,Hertfordshire Constabulary,Hertfordshire Constabulary,-0.280034,51.948147,On or near WEST ALLEY,E01023616,North Hertfordshire 012F,Investigation complete; no suspect identified
cd50f1983a8fec6d67eb7789a4691e9c3fea84d20d71967522ab445de8d4505c,2021-07,Hertfordshire Constabulary,Hertfordshire Constabulary,-0.021600,51.726772,On or near JUNIPER CLOSE,E01023343,Broxbourne 005D,Investigation complete; no suspect identified
50af55760f110cc872e298c89e1522b4cc9b5388c738980be74bf19326951990,2021-07,Hertfordshire Constabulary,Hertfordshire Constabulary,-0.237817,51.765040,On or near GOLDSMITH WAY,E01033308,Welwyn Hatfield 010E,Local resolution
80be8a2c1b771baa8e98a21d260a96717bd88fe329b0c670aedc37846f64917f,2021-07,Hertfordshire Constabulary,Hertfordshire Constabulary,-0.532828,51.701888,On or near HOGPITS BOTTOM,E01023377,Dacorum 021E,Investigation complete; no suspect identified
dd484bbba512213e805f2911d5796d8890c887031e3d2c05a2369a833ff0f1f8,2021-07,Hertfordshire Constabulary,Hertfordshire Constabulary,-0.089365,51.803006,On or near MOLEWOOD ROAD,E01023473,East Hertfordshire 014D,Investigation complete; no suspect identified
ca567ae61099841f79111709649b8a78294d2a402c85184a124d18740b2952ec,2021-07,Hertfordshire Constabulary,Hertfordshire Constabulary,-0.396386,51.672167,On or near ST ALBANS ROAD,E01023858,Watford 006D,Unable to prosecute suspect
ca4a31be97bd91c2d6ac43e9f7019f02f93aefbb555867abfffa40972ef5fcf3,2021-07,Hertfordshire Constabulary,Hertfordshire Constabulary,-0.402386,51.669740,On or near MILTON STREET,E01023856,Watford 006B,Suspect charged
90fdc6456c5c97d094bedfebf9f132660fc6e53cadb4d3b2acae3c11025c575b,2021-07,Hertfordshire Constabulary,Hertfordshire Constabulary,-0.334119,51.771633,On or near PETERSFIELD,E01023713,St Albans 007A,Investigation complete; no suspect identified
82386675589d80a9abc1ee8a0d54af88f5b2285f464dd89d27827f40d6efc49f,2021-07,Hertfordshire Constabulary,Hertfordshire Constabulary,-0.465842,51.760433,On or near CLARENDON CLOSE,E01023401,Dacorum 008A,Unable to prosecute suspect
7a96a1a00a4c242ce3dc5cab92bd73ebd91064064274a4b43c5debfa64b5a168,2021-07,Hertfordshire Constabulary,Hertfordshire Constabulary,-0.464584,51.764193,On or near PASTON ROAD,E01023405,Dacorum 008E,Suspect charged
1524c0006a22427f03ac40a589a13f43b678a82deac0455b91903fc335b71933,2021-07,Hertfordshire Constabulary,Hertfordshire Constabulary,-0.390966,51.685527,On or near MELIA CLOSE,E01023875,Watford 003C,Investigation complete; no suspect identified
ef6e1f340d87c845359755c4e0ef115a77c9144012e116bef479c6489b2efb64,2021-07,Hertfordshire Constabulary,Hertfordshire Constabulary,-0.381451,51.623738,On or near ST GEORGE'S DRIVE,E01023809,Three Rivers 010B,Investigation complete; no suspect identified
2170888cd6a162fa7a58e5cce879c32e112d5ba9b1e1d15570b38575f067de7b,2021-07,Hertfordshire Constabulary,Hertfordshire Constabulary,-0.190611,51.860439,On or near WADNALL WAY,E01023629,North Hertfordshire 015F,Unable to prosecute suspect
650b78d4dd191f640d06cc396447de0b85dc886eeef289f68221c97192463ea3,2021-07,Hertfordshire Constabulary,Hertfordshire Constabulary,-0.200675,51.901929,On or near MARKET SQUARE,E01023758,Stevenage 008D,Suspect charged
8af4c847e46cf69b8bd90904b23c380648be6b3ce20edc036a38eed98318c7b6,2021-07,Hertfordshire Constabulary,Hertfordshire Constabulary,-0.256742,51.645350,On or near SADDLERS CLOSE,E01023543,Hertsmere 011E,Investigation complete; no suspect identified
fcb20b49f700441441cc6282dfe7e6a3aa4ea8dfba5c07ac87658574c00e9ccf,2021-07,Hertfordshire Constabulary,Hertfordshire Constabulary,-0.405429,51.647742,On or near WILLOW LANE,E01023901,Watford 010C,Unable to prosecute suspect
23ed1241d133499f76f69883d8d35e48b891ba977d75ef5b2214f3b2defcdd79,2021-07,Hertfordshire Constabulary,Hertfordshire Constabulary,-0.340262,51.632883,On or near Petrol Station,E01023550,Hertsmere 013C,Investigation complete; no suspect identified
bafdd938ae189630f8b0d71674de6239a7d075a8da7f021bddd4a53d1705af92,2021-07,Hertfordshire Constabulary,Hertfordshire Constabulary,-0.417157,51.655454,On or near METROPOLITAN STATION APPROACH,E01023886,Watford 008A,Unable to prosecute suspect
3ad402420360593576e0d3e12704832ab4f337ed8db54ce7b1868bca5adb68ee,2021-07,Hertfordshire Constabulary,Hertfordshire Constabulary,-0.178039,51.694062,On or near Petrol Station,E01023580,Hertsmere 001E,Investigation complete; no suspect identified
595b0f4de0a7a97afaaafe5c06c77c8c24a172d48bdd99283e57c319abe96993,2021-07,Hertfordshire Constabulary,Hertfordshire Constabulary,-0.456724,51.737582,On or near GUINERY GROVE,E01023360,Dacorum 020D,Investigation complete; no suspect identified
785ee226b983224d27728bc6f7b3d15b60c71148061618f651e7e5c33c8655f9,2021-07,Hertfordshire Constabulary,Hertfordshire Constabulary,-0.471424,51.749149,On or near Shopping Area,E01023398,Dacorum 015D,Investigation complete; no suspect identified
b14c56bf59ec3889df4f0b68ec76252df104c47d191bf6e1e20b257db4a60662,2021-07,Hertfordshire Constabulary,Hertfordshire Constabulary,-0.254712,51.949357,On or near HARDY CLOSE,E01023621,North Hertfordshire 011E,Unable to prosecute suspect
db838d84859ae28fcb66ee60ed242225b667e859142b302b98a66210a9063192,2021-07,Hertfordshire Constabulary,Hertfordshire Constabulary,-0.245536,51.980530,On or near MONKLANDS,E01023650,North Hertfordshire 007B,Investigation complete; no suspect identified
69a1dba870b4bfe9bd9498760e457c6f66ec94f16332fe4ca16d67d6a211dbbf,2021-07,Hertfordshire Constabulary,Hertfordshire Constabulary,-0.185923,51.703158,On or near INGLEFIELD,E01023578,Hertsmere 001C,Unable to prosecute suspect
a4a33f6f9f9c1fb13ec3b9f6b3b64877a709925b0dc9b2149e89d000e34234a7,2021-07,Hertfordshire Constabulary,Hertfordshire Constabulary,-0.271270,51.664682,On or near HARTFORDE ROAD,E01023537,Hertsmere 006D,Unable to prosecute suspect
e5c9c19424e7b75f8b9a6b079e3f95babfb16ead94157423777756a49fb4057d,2021-07,Hertfordshire Constabulary,Hertfordshire Constabulary,-0.259850,51.648345,On or near GRANTHAM GREEN,E01023542,Hertsmere 011D,Unable to prosecute suspect
7c02999463badd7917fc88827c2517acc47e6a6927764be367928b2374922746,2021-07,Hertfordshire Constabulary,Hertfordshire Constabulary,-0.399807,51.664130,On or near LANGLEY ROAD,E01023880,Watford 007C,Investigation complete; no suspect identified
d3d2c72979f654fa1d9b9b6085697a1daf84f0d4588d2912cadf5a5ae2f82e7a,2021-07,Hertfordshire Constabulary,Hertfordshire Constabulary,-0.198505,51.800224,On or near HYDE WAY,E01023954,Welwyn Hatfield 007A,Investigation complete; no suspect identified
e9ba1ce9870128e075f12c5ebe5b55e3dca7211e8dda60b6408e2a23e8551632,2021-07,Hertfordshire Constabulary,Hertfordshire Constabulary,-0.186179,51.929788,On or near TEES CLOSE,E01023801,Stevenage 002F,Unable to prosecute suspect
a41f2f2d40746a76168061f4823f27778c95bca43beced21b61094a380955cfb,2021-07,Hertfordshire Constabulary,Hertfordshire Constabulary,-0.167855,51.693643,On or near LEESIDE,E01023572,Hertsmere 003B,Formal action is not in the public interest
ed3fa0d899b53c7b0bfcbba31fe5286bd4995f860a2c6f5dbabbda6d98334a0e,2021-07,Hertfordshire Constabulary,Hertfordshire Constabulary,-0.089529,51.795006,On or near Petrol Station,E01023479,East Hertfordshire 017E,Unable to prosecute suspect
4ba312686557b7e237377cc1d890d622ea87f890b5757aae4b36ebcb439da4b1,2021-07,Hertfordshire Constabulary,Hertfordshire Constabulary,-0.286847,51.718611,On or near COLNBROOK CLOSE,E01023704,St Albans 018A,Investigation complete; no suspect identified
af061b0f94bdea082a0b0c20d90ce8754191752a6545fba5a920e92866e0a4fa,2021-07,Hertfordshire Constabulary,Hertfordshire Constabulary,-0.388672,51.686179,On or near BIDDENHAM TURN,E01023875,Watford 003C,Investigation complete; no suspect identified
af6140ce88d6223ce75d1dcba19a7eb5cb67c44a9b89373673be768013fa2d2b,2021-07,Hertfordshire Constabulary,Hertfordshire Constabulary,0.121581,51.808678,On or near Sports/Recreation Area,E01023496,East Hertfordshire 009C,Investigation complete; no suspect identified
8b5541709948d592462dd0d493e1463f17654b6109fb7dca9288690eff342126,2021-07,Hertfordshire Constabulary,Hertfordshire Constabulary,-0.045669,51.799851,On or near TEE SIDE,E01023484,East Hertfordshire 016C,Investigation complete; no suspect identified
c8ff0ff5519640cbb5e5495d2cb30c0a5131d5841e579be218f0ac7fec4360b8,2021-07,Hertfordshire Constabulary,Hertfordshire Constabulary,-0.198592,51.892951,On or near Shopping Area,E01023786,Stevenage 011D,Investigation complete; no suspect identified
61d8c45234e303bf82fb1d39e70cf8a7f6b4199168f018ce469bbf61dbe37eaa,2021-07,Hertfordshire Constabulary,Hertfordshire Constabulary,-0.171717,51.757907,On or near WEST END LANE,E01023925,Welwyn Hatfield 011B,Suspect charged
d506a0eb495f4ce44cb5be4c7e8bd26b5f09e8f12a057328ac694e39d3c01fd7,2021-07,Hertfordshire Constabulary,Hertfordshire Constabulary,-0.312418,51.642225,On or near Park/Open Space,E01023564,Hertsmere 010B,Investigation complete; no suspect identified
339984f654f4ecc6fe941f73092424b2b6e85a079399c322f67fea4031a33384,2021-07,Hertfordshire Constabulary,Hertfordshire Constabulary,-0.360029,51.746568,On or near Supermarket,E01023742,St Albans 014A,Investigation complete; no suspect identified
ff4eee795774606c5be2be29a690f3120221ada30e5b58c9ed74e621ba389e86,2021-07,Hertfordshire Constabulary,Hertfordshire Constabulary,-0.202131,51.783797,On or near DRYCROFT,E01023941,Welwyn Hatfield 009C,Suspect charged
1c1a6de0a2fc498de5ba40f6b865f405fa3bf37806d4bd7ce65ea57bcd557298,2021-07,Hertfordshire Constabulary,Hertfordshire Constabulary,-0.398143,51.653092,On or near VICARAGE ROAD,E01023862,Watford 009D,Unable to prosecute suspect
ebfae21eedf24512ef0d3bd6c2f221566414711583ea90d9e428e275c3a6190b,2021-07,Hertfordshire Constabulary,Hertfordshire Constabulary,-0.390395,51.649821,On or near FARTHING CLOSE,E01023862,Watford 009D,Investigation complete; no suspect identified
59f0ce3c824a5d94ec6573a4e40b760573d27a2d1dfc7c00b6ac7dbc7cc30ec4,2021-07,Hertfordshire Constabulary,Hertfordshire Constabulary,-0.118713,51.710842,On or near EAST RIDGEWAY,E01023948,Welwyn Hatfield 016B,Unable to prosecute suspect
f25e1bd712778ba91effbaff322453a0f9e4d36bcfd65a8201ca46f731b44f17,2021-07,Hertfordshire Constabulary,Hertfordshire Constabulary,-0.285222,51.943754,On or near HAWTHORN CLOSE,E01023615,North Hertfordshire 012E,Unable to prosecute suspect
132594726e1553252bc81ae1a45c0665f9d1f3a3938b02d1123b9212255c4bcc,2021-07,Hertfordshire Constabulary,Hertfordshire Constabulary,-0.431597,51.693612,On or near HUNTON CLOSE,E01023831,Three Rivers 003C,Investigation complete; no suspect identified
6829b0c4359083df952ac4f73a42f2e07a07234c83385931cf45838902d91f17,2021-07,Hertfordshire Constabulary,Hertfordshire Constabulary,-0.074034,51.720252,On or near FRIERN CLOSE,E01023315,Broxbourne 007D,Unable to prosecute suspect
54b86af35efd7643bf5f6a7e0a570eb25b224f5736e83e8ed932fdabdeb2c4a3,2021-07,Hertfordshire Constabulary,Hertfordshire Constabulary,-0.372807,51.675556,On or near M1,E01023874,Watford 003B,Suspect charged
922d56a479b6d8285490aa68d384cc1668bc598d6dfcbf54f30c8840aed93523,2021-07,Hertfordshire Constabulary,Hertfordshire Constabulary,-0.418432,51.703119,On or near BREAKSPEARE ROAD,E01023802,Three Rivers 001A,Investigation complete; no suspect identified
1962aa14b7367468f41c2296a0cb9bc1fc74edf2df87f8374b11917c9841baf8,2021-07,Hertfordshire Constabulary,Hertfordshire Constabulary,-0.270241,51.659038,On or near SHENLEY ROAD,E01023538,Hertsmere 006E,Suspect charged
b6c55d3b2c767f6fda1bc1506384961ef3cffc18544ca369796a68078db9cf37,2021-07,Hertfordshire Constabulary,Hertfordshire Constabulary,-0.180521,51.789058,On or near Supermarket,E01023946,Welwyn Hatfield 008D,Unable to prosecute suspect
de93e6b07dac58a1dca418a053b56dae260f9a45ef9aa956d5a9028789b58d49,2021-07,Hertfordshire Constabulary,Hertfordshire Constabulary,-0.392193,51.659053,On or near QUEEN'S ROAD,E01023859,Watford 009A,Unable to prosecute suspect
55107c10d8033bf4f1ed671bcb8a795ef7e2fb0f8916990755175347ee199486,2021-07,Hertfordshire Constabulary,Hertfordshire Constabulary,-0.238400,51.775759,On or near Sports/Recreation Area,E01033310,Welwyn Hatfield 002E,Unable to prosecute suspect
a9e2c433e723a1fc9aa17d9cd01535a9786f7ad6f5c60a337e163af349cc1b76,2021-07,Hertfordshire Constabulary,Hertfordshire Constabulary,-0.176366,51.882645,On or near BURYDALE,E01023784,Stevenage 011B,Unable to prosecute suspect
c046e393e1636d21c81df540a39db1456ce607f459f1f8d9016f669bba560032,2021-07,Hertfordshire Constabulary,Hertfordshire Constabulary,-0.274084,51.670919,On or near THIRSK ROAD,E01023534,Hertsmere 006A,Unable to prosecute suspect
cec713f9948d03d198104d9aeacc030acd056a95ff8f0f3c89f3b53df6257752,2021-07,Hertfordshire Constabulary,Hertfordshire Constabulary,-0.386570,51.627675,On or near Petrol Station,E01023805,Three Rivers 010A,Suspect charged
9ee1983d2b92c2ca77cf91cf8c4404f12d254565fddab64ac796695e811cb740,2021-07,Hertfordshire Constabulary,Hertfordshire Constabulary,-0.241235,51.763599,On or near Supermarket,E01033308,Welwyn Hatfield 010E,Investigation complete; no suspect identified
dea6983c9b4bf4ef16a69a7787c6968073931b290ad74483bfae778191aac23d,2021-07,Hertfordshire Constabulary,Hertfordshire Constabulary,-0.310570,51.751344,On or near SUTTON ROAD,E01023674,St Albans 011B,Investigation complete; no suspect identified
ec5d3ffb5fb46a61135142ecee99e621c2736dd88d9634f89505d74bf2fd1b1b,2021-07,Hertfordshire Constabulary,Hertfordshire Constabulary,-0.278190,51.655675,On or near Supermarket,E01023530,Hertsmere 007B,Investigation complete; no suspect identified
f4935965d7a2bed9af9d7c7549c1c6d29d14a81caf5ed6957212271208c3bb22,2021-07,Hertfordshire Constabulary,Hertfordshire Constabulary,-0.015178,51.764603,On or near NORRIS LANE,E01023322,Broxbourne 003C,Unable to prosecute suspect
acdb34b17567e88ca8eba7dc4ece3b5a98f341e4e228d1c6831c796b0e9fee44,2021-07,Hertfordshire Constabulary,Hertfordshire Constabulary,-0.457668,51.772806,On or near Parking Area,E01023393,Dacorum 007A,Investigation complete; no suspect identified
a70ea6041b04e91562c464c99553de661d0f7ebe2f3b8b90c5c6b4ec620d72c7,2021-07,Hertfordshire Constabulary,Hertfordshire Constabulary,-0.202131,51.783797,On or near DRYCROFT,E01023941,Welwyn Hatfield 009C,Suspect charged
15b8eec56e299aa04e673ab2defe066a88280488bf720c22045e3ebdba0b2a39,2021-07,Hertfordshire Constabulary,Hertfordshire Constabulary,-0.073076,51.706694,On or near GOFF'S LANE,E01023314,Broxbourne 009A,Investigation complete; no suspect identified
073484c27f0c2152eeaff9e33fe2dc3aa613730889a8ab603832c88bf2b65178,2021-07,Hertfordshire Constabulary,Hertfordshire Constabulary,0.156203,51.862650,On or near BEECHLANDS,E01023444,East Hertfordshire 007B,Investigation complete; no suspect identified
325fb4585376bae4e7b531f8e8f1e38eba1e43f787670619ab582b691057f7ed,2021-07,Hertfordshire Constabulary,Hertfordshire Constabulary,-0.363483,51.721151,On or near Petrol Station,E01023731,St Albans 020C,Investigation complete; no suspect identified
82c090aa1a3c171552c8ddd6594031f4801c1ed1af9e4b261d82df216f05f4e2,2021-07,Hertfordshire Constabulary,Hertfordshire Constabulary,-0.166919,51.904142,On or near CAVELL WALK,E01023761,Stevenage 007C,Investigation complete; no suspect identified
4308213b3633c456f4dded326025c18ee99ae3b7a877a4302c0e4cae804fdae7,2021-07,Hertfordshire Constabulary,Hertfordshire Constabulary,-0.397080,51.657007,On or near Theatre/Concert Hall,E01023861,Watford 009C,Investigation complete; no suspect identified
42be8fdf732ec90eed7e09a56868a1b8c099d7706415c897705f16900b208727,2021-07,Hertfordshire Constabulary,Hertfordshire Constabulary,-0.515967,51.650171,On or near TURNEYS ORCHARD,E01023816,Three Rivers 005B,Unable to prosecute suspect
f12d33e2a3f72065dce05809c67036af7b9604aa95b589430de1932bca11f139,2021-07,Hertfordshire Constabulary,Hertfordshire Constabulary,,,No location,,,Suspect charged
7c761115c82c2c14d74a0c4e0f1c8d293213372c00f10f375ca8dfe5c2d3fd28,2021-07,Hertfordshire Constabulary,Hertfordshire Constabulary,-0.457668,51.772806,On or near Parking Area,E01023393,Dacorum 007A,Investigation complete; no suspect identified
0ae7ccb21b16aed54ff43bd062d59b8b795849f91b81d08b1bb6ea2fba7e301d,2021-07,Hertfordshire Constabulary,Hertfordshire Constabulary,-0.335514,51.750666,On or near NEW KENT ROAD,E01023727,St Albans 012B,Unable to prosecute suspect
2ec1a0ad796b8b3c402a654c204ed6e62d5464bbd0cf727eaabad19c024b7309,2021-07,Hertfordshire Constabulary,Hertfordshire Constabulary,-0.158991,51.894676,On or near Petrol Station,E01023750,Stevenage 009A,Investigation complete; no suspect identified
950a7a58567b777391cbaff37f56f7c15cc95f9f99ae623c5e2ccbd0fe73b1e7,2021-07,Hertfordshire Constabulary,Hertfordshire Constabulary,0.157411,51.872106,On or near WILLIAM SEARING CLOSE,E01023449,East Hertfordshire 004A,Suspect charged
84df6a354bb40c12096d32824381f1a128f38c8f3e96a376c8b83a3a3b563926,2021-07,Hertfordshire Constabulary,Hertfordshire Constabulary,-0.500078,51.635789,On or near BERESFORD ROAD,E01023835,Three Rivers 009A,Investigation complete; no suspect identified
574f067c687b48e486a14ed3117e7944b30c8c595e11707bac1cb314cd1bbcf2,2021-07,Hertfordshire Constabulary,Hertfordshire Constabulary,-0.241813,51.973721,On or near CHILTERN VIEW,E01023646,North Hertfordshire 008C,Suspect charged
64b3c4d136f4c54cd37f85ab5e2b21297158a1aa3ed6319d9bf4082a755bc39f,2021-07,Hertfordshire Constabulary,Hertfordshire Constabulary,-0.220558,51.902717,On or near BABBAGE ROAD,E01023798,Stevenage 005D,Suspect charged
0fc4cd142e071c1e91b07e1e1e880aa08e448d2de382e9edbfa70b1fe36fd7e7,2021-07,Hertfordshire Constabulary,Hertfordshire Constabulary,-0.007447,51.761469,On or near Pedestrian Subway,E01023320,Broxbourne 003A,Investigation complete; no suspect identified
afb52fc680afa22d608057af36f7581c5328f1fb1a2ef01809ecd6dd4c070a3c,2021-07,Hertfordshire Constabulary,Hertfordshire Constabulary,-0.175945,51.891981,On or near HYDEAN WAY,E01023791,Stevenage 010A,Unable to prosecute suspect
dff7a8c5240e5e5991a3c79be584694606b8f882677fd3555855048b9f2f5431,2021-07,Hertfordshire Constabulary,Hertfordshire Constabulary,-0.058662,51.799563,On or near MOUNTSORREL,E01023483,East Hertfordshire 016B,Unable to prosecute suspect
c96a3de67e36a687e504617e94d9c7739d696ea5053261b722f4c7589da3be0a,2021-07,Hertfordshire Constabulary,Hertfordshire Constabulary,-0.191554,51.801772,On or near MARTINFIELD,E01023954,Welwyn Hatfield 007A,Action to be taken by another organisation
1854c1d83dfb2e6fca6ee120b6a373ffe50f80be59d711263ffa6feea750ba64,2021-07,Hertfordshire Constabulary,Hertfordshire Constabulary,-0.297369,51.851908,On or near DACRE CRESCENT,E01023626,North Hertfordshire 015C,Unable to prosecute suspect
5a116c31e4d577ccf2d4de070b45c217c08d6e6402f0763ab344fb2bf4b6b4df,2021-07,Hertfordshire Constabulary,Hertfordshire Constabulary,-0.148699,51.833539,On or near QUEEN HOO LANE,E01023485,East Hertfordshire 010A,Investigation complete; no suspect identified
874a6a9c0d9546c0897654b11afe6a907a796db55c4c80ab3eb5732298d40028,2021-07,Hertfordshire Constabulary,Hertfordshire Constabulary,-0.185364,51.903124,On or near BEDWELL CRESCENT,E01023756,Stevenage 008B,Investigation complete; no suspect identified
17e0776e8c2cf37a399586f046cb19435b891c3b92cb459001da9570fe6b00b2,2021-07,Hertfordshire Constabulary,Hertfordshire Constabulary,-0.220995,51.981762,On or near BIRDS HILL,E01023634,North Hertfordshire 006E,Action to be taken by another organisation
75e211fe457e7ea795f49b8db34a00903fe39c4317b7c10d87647a6411ebb237,2021-07,Hertfordshire Constabulary,Hertfordshire Constabulary,-0.105220,51.805385,On or near LONGWOOD ROAD,E01023488,East Hertfordshire 015B,Unable to prosecute suspect
17ab5bee47584fa4c6d8ae956328a26bef7b63c95395a171e74e56d1b5c5e8f6,2021-07,Hertfordshire Constabulary,Hertfordshire Constabulary,-0.234676,51.761594,On or near POND CROFT,E01023921,Welwyn Hatfield 012B,Investigation complete; no suspect identified
7368c31990440b10a2b6641cc6bf9136af605ec20004b7afb69bba507ab530d6,2021-07,Hertfordshire Constabulary,Hertfordshire Constabulary,-0.663759,51.796756,On or near ST PETERS HILL,E01023420,Dacorum 003C,Unable to prosecute suspect
85ab0370cee472afca3720e2c279576fa6dff2245f8408295bf021e0bc10476a,2021-07,Hertfordshire Constabulary,Hertfordshire Constabulary,-0.278190,51.655675,On or near Supermarket,E01023530,Hertsmere 007B,Investigation complete; no suspect identified
7db3c3f37bb55ef0eabdabe6a0188f31c694a46a7299dca09098b98c85e2bb6e,2021-07,Hertfordshire Constabulary,Hertfordshire Constabulary,-0.624709,51.786676,On or near A41,E01023352,Dacorum 004A,Investigation complete; no suspect identified
bdb47188b2785775bb52bf8a5a44718441e40cd60e67674604cccc8b88da7bf0,2021-07,Hertfordshire Constabulary,Hertfordshire Constabulary,-0.291823,51.954208,On or near FRIDAY FURLONG,E01023612,North Hertfordshire 012B,Investigation complete; no suspect identified
3c609f027f3a4447e5712bd1dce8d4ce7419160871eb9061049f8efe93ee0821,2021-07,Hertfordshire Constabulary,Hertfordshire Constabulary,-0.211065,51.935295,On or near PONDSIDE,E01023600,North Hertfordshire 005F,Unable to prosecute suspect
1cb17b18d1db9c6607265e6e81ce567b86cef6be65993fd62a1f1317c3b3daa6,2021-07,Hertfordshire Constabulary,Hertfordshire Constabulary,-0.395567,51.623284,On or near MOORTOWN ROAD,E01023842,Three Rivers 012B,Unable to prosecute suspect
80bded96c528f17019b6110894977f1d896540fa2c8e069ff26358f9b4a8d4eb,2021-07,Hertfordshire Constabulary,Hertfordshire Constabulary,-0.352902,51.829365,On or near MOORLAND ROAD,E01023692,St Albans 001C,Investigation complete; no suspect identified
28d83f36255ee3693f01df38c305429e4e55e550ad36cd843efbe7d7f8671384,2021-07,Hertfordshire Constabulary,Hertfordshire Constabulary,-0.471424,51.749149,On or near Shopping Area,E01023398,Dacorum 015D,Investigation complete; no suspect identified
f489b4113a9fa2d733b2fb1b25a9b3e04c635e9815dbdcb8f3a767dfd0bef55f,2021-07,Hertfordshire Constabulary,Hertfordshire Constabulary,-0.336975,51.751505,On or near Shopping Area,E01023727,St Albans 012B,Investigation complete; no suspect identified
f77eff4d7973b980f40325cf03e02078d0b8e52722441e25f6be596f195f1157,2021-07,Hertfordshire Constabulary,Hertfordshire Constabulary,-0.260625,51.662843,On or near BUCHANAN COURT,E01023545,Hertsmere 009B,Unable to prosecute suspect
712d0cdda165cbff29017c8d1af16765e82b09a46eb42a0f70e4c4f4b01ab387,2021-07,Hertfordshire Constabulary,Hertfordshire Constabulary,-0.471974,51.757770,On or near QUEENSWAY,E01023400,Dacorum 015E,Offender given a caution
597c4a6ad29532b5296e81bd57c764c247d29a9533103c62ebc0b08e3e0e8de3,2021-07,Hertfordshire Constabulary,Hertfordshire Constabulary,-0.274836,51.654537,On or near Parking Area,E01023539,Hertsmere 011A,Investigation complete; no suspect identified
62e514e7eef8040d59ebbe4249a098ab32e3d56aa98f157c6d82fbc2749f4f2c,2021-07,Hertfordshire Constabulary,Hertfordshire Constabulary,-0.380924,51.676280,On or near DOUGLAS AVENUE,E01023897,Watford 005C,Unable to prosecute suspect
2bd091f46251ad13131f4645948b26e200be1508306572daabc4781eee9a3b4d,2021-07,Hertfordshire Constabulary,Hertfordshire Constabulary,-0.007447,51.761469,On or near Pedestrian Subway,E01023320,Broxbourne 003A,Investigation complete; no suspect identified
e8c57d79a9c6aca9b57fb7c7e242010414cf35784050bfbb34120f4eef65ad06,2021-07,Hertfordshire Constabulary,Hertfordshire Constabulary,-0.188917,51.914167,On or near Pedestrian Subway,E01023781,Stevenage 006D,Unable to prosecute suspect
d8d27073ea0126dcb4cfb5fca942e2072a8a901b537da5b924922abe92bfbd21,2021-07,Hertfordshire Constabulary,Hertfordshire Constabulary,-0.355771,51.725414,On or near SUNNYDELL,E01023731,St Albans 020C,Investigation complete; no suspect identified
e1f8d4f78fd2647b0238d41b7eeeb7e333d6320d4e07d57f467b2f9ba872db86,2021-07,Hertfordshire Constabulary,Hertfordshire Constabulary,-0.017442,51.765531,On or near SAFFRON CLOSE,E01023322,Broxbourne 003C,Unable to prosecute suspect
1c4c8e8db333cc8766df2c3ca1ab0c92e31857b137aeaa805951f5c6dff45e03,2021-07,Hertfordshire Constabulary,Hertfordshire Constabulary,-0.197811,51.794710,On or near GAINSWOOD,E01023956,Welwyn Hatfield 007C,Unable to prosecute suspect
ea80c39b970139f73ec721aafa62b87eaf295b9e806ca917af6c0643a5f7b7c2,2021-07,Hertfordshire Constabulary,Hertfordshire Constabulary,-0.399166,51.670820,On or near REGENT STREET,E01023856,Watford 006B,Unable to prosecute suspect
99639e502fe44853403694e86ee6ab3f8adeabf21a969a33037231fa29880ad4,2021-07,Hertfordshire Constabulary,Hertfordshire Constabulary,-0.008800,51.871602,On or near RIGERY LANE,E01023507,East Hertfordshire 006C,Investigation complete; no suspect identified
38aded0a8d964b2c6af7423e93f44533baa367756293d11f2ee76b0f3d5e1706,2021-07,Hertfordshire Constabulary,Hertfordshire Constabulary,-0.214864,51.823745,On or near Petrol Station,E01023970,Welwyn Hatfield 002D,Investigation complete; no suspect identified
58843f3ed33e61c33b4e23062cd504d5ea4e8afa8b10a49183bcafd4c3cbf4ca,2021-07,Hertfordshire Constabulary,Hertfordshire Constabulary,-0.327231,51.765466,On or near MARSHALL AVENUE,E01023715,St Albans 010C,Unable to prosecute suspect
570b9254660324bbae445fe027e280cb2c33f2615b31b68ff9ba73b9558b5b35,2021-07,Hertfordshire Constabulary,Hertfordshire Constabulary,-0.224006,51.981097,On or near NORTON WAY NORTH,E01023644,North Hertfordshire 008A,Unable to prosecute suspect
7e0a3d258bdb52302f327a695ecf5ae069efb0843685dfc846a5a28d49d2a6bf,2021-07,Hertfordshire Constabulary,Hertfordshire Constabulary,-0.228835,51.763107,On or near Supermarket,E01023920,Welwyn Hatfield 012A,Investigation complete; no suspect identified
dd74b0e8e5dbb22d812c7a2ec431810575b99246ebba49a80dc71a0ea649f431,2021-07,Hertfordshire Constabulary,Hertfordshire Constabulary,-0.035960,51.719514,On or near FAIRWAYS,E01023305,Broxbourne 008D,Suspect charged
cb0a7cda6e806ba75b69bb947a89580a18ff109a525f8b46a46973588ddbe0ef,2021-07,Hertfordshire Constabulary,Hertfordshire Constabulary,-0.183486,51.924082,On or near Pedestrian Subway,E01023787,Stevenage 001A,Investigation complete; no suspect identified
fe882bf6cc6fa311c80e95ef392b82466e3c6df6aa446eb60443e9d67a882bb2,2021-07,Hertfordshire Constabulary,Hertfordshire Constabulary,-0.177151,51.692034,On or near ST JOHN'S CLOSE,E01023573,Hertsmere 003C,Investigation complete; no suspect identified
e3464a1304310f8778b09f5847b63597bd8cbb63f673a17220d9d5a0ef8a6c52,2021-07,Hertfordshire Constabulary,Hertfordshire Constabulary,-0.201531,51.915071,On or near BARCLAY GARDENS,E01023777,Stevenage 002B,Unable to prosecute suspect
5414d724d9a330f4790bbafebd8472e8d373963928e573ab46d2c0a5aab67f0f,2021-07,Hertfordshire Constabulary,Hertfordshire Constabulary,-0.403932,51.650446,On or near BANBURY STREET,E01023901,Watford 010C,Suspect charged
862e2612b9c1f46890849915d8aa3fd287285d8523bc208d8465adb063bf1051,2021-07,Hertfordshire Constabulary,Hertfordshire Constabulary,-0.180806,51.692891,On or near Petrol Station,E01023577,Hertsmere 001B,Investigation complete; no suspect identified
6d89eb3f60bc37465e48ccee5fe28dcf493bd17d75953cb1cd765302528da32a,2021-07,Hertfordshire Constabulary,Hertfordshire Constabulary,-0.231952,51.744145,On or near GARDEN AVENUE,E01023932,Welwyn Hatfield 013A,Suspect charged
1b8fd72e04ad52b033d8cf7bee37f94292a913896fbfdb2aa4852c30d1d6e0c4,2021-07,Hertfordshire Constabulary,Hertfordshire Constabulary,-0.435850,51.628962,On or near MAIN AVENUE,E01023841,Three Rivers 011C,Investigation complete; no suspect identified
01c9cc9425157f2c2357b218f4787c481214d6f07bb3c97bfd8bd564df191f6e,2021-07,Hertfordshire Constabulary,Hertfordshire Constabulary,-0.304796,51.726011,On or near AUBREY AVENUE,E01033028,St Albans 018F,Unable to prosecute suspect
fcf60e2778e8ec5592a5e4b7837fb6808cc843c028b063804012f6f2245b534f,2021-07,Hertfordshire Constabulary,Hertfordshire Constabulary,-0.028018,51.810491,On or near Parking Area,E01023514,East Hertfordshire 012C,Unable to prosecute suspect
3da06be1596c287d62de7486ba010e046cecd05f3d0523c88379f7b1313eec73,2021-07,Hertfordshire Constabulary,Hertfordshire Constabulary,-0.339818,51.742724,On or near Supermarket,E01023737,St Albans 017A,Offender given a caution
9223767bef5c31528ddde8fea83539464bd969bad12f5882da36c932ce6dfc27,2021-07,Hertfordshire Constabulary,Hertfordshire Constabulary,-0.401950,51.655401,On or near WHIPPENDELL ROAD,E01023861,Watford 009C,Local resolution
a7b7f59a3b2bcc5130908ee5cdcbe765630d5b3a999b66e9fa04e36a3812bea8,2021-07,Hertfordshire Constabulary,Hertfordshire Constabulary,-0.373427,51.664298,On or near WALNUT GREEN,E01023555,Hertsmere 008D,Unable to prosecute suspect
b046dfb4a507e7e0489d8c0a6288371a3eb404bfd06ddbb61eacc70d33b361b0,2021-07,Hertfordshire Constabulary,Hertfordshire Constabulary,-0.256941,51.957177,On or near Parking Area,E01023618,North Hertfordshire 011B,Unable to prosecute suspect
4cb3e389bb2502d38189f3f9f6a2cb345f86ff461cb0eec4e5a79f16bfc421bd,2021-07,Hertfordshire Constabulary,Hertfordshire Constabulary,-0.104545,51.804538,On or near Pedestrian Subway,E01023488,East Hertfordshire 015B,Unable to prosecute suspect
ce2f8bf4f4c0bd2b4be244eb14cf367dd7402d00f5361a05dedea84a9a5e4516,2021-07,Hertfordshire Constabulary,Hertfordshire Constabulary,-0.232607,51.698034,On or near BROOKSIDE,E01023584,Hertsmere 004D,Unable to prosecute suspect
79d0e1d88089f21e4b9255d81740df71b317686cc7f6bbf3cf6ac4b98a95d31f,2021-07,Hertfordshire Constabulary,Hertfordshire Constabulary,-0.198110,51.916978,On or near WESTON ROAD,E01023777,Stevenage 002B,Offender given a caution
5c8a04515d9fa0524e27fb5ccabb36058e29fa30e692d8e391f1d7981f4d963f,2021-07,Hertfordshire Constabulary,Hertfordshire Constabulary,-0.485236,51.683561,On or near DEADMAN'S ASH LANE,E01023854,Three Rivers 003D,Investigation complete; no suspect identified
1260619c1b3ce4e0f2dcd6c399a0033a02a878c42f53f0a581d52b1a5df3d0f0,2021-07,Hertfordshire Constabulary,Hertfordshire Constabulary,-0.470188,51.633865,On or near Supermarket,E01023849,Three Rivers 011D,Investigation complete; no suspect identified
cf910751863f81c5f8a448b7c4fb2acc64c4601dbcb382159baa606095353c1b,2021-07,Hertfordshire Constabulary,Hertfordshire Constabulary,-0.442209,51.763350,On or near HALL ROAD,E01023346,Dacorum 013B,Investigation complete; no suspect identified
e0e7c2e0686d8fba959d01ad0ec4a6db75762c9e19949db258b5ae9ecb31d9a4,2021-07,Hertfordshire Constabulary,Hertfordshire Constabulary,-0.080996,51.805055,On or near MANSFIELD GARDENS,E01023471,East Hertfordshire 014B,Unable to prosecute suspect
f45296ce1fd297e4aa7b997e134d2bacf3b5cd8add13a737fe8a73a444acccb7,2021-07,Hertfordshire Constabulary,Hertfordshire Constabulary,-0.076345,51.711531,On or near THE GATEWAYS,E01023312,Broxbourne 007B,Unable to prosecute suspect
7e9dcedc6748b8104e01afa3ed5be7f7fb4471eecb844a6b24cc0afdc9087f82,2021-07,Hertfordshire Constabulary,Hertfordshire Constabulary,-0.386524,51.618367,On or near ILKLEY ROAD,E01023805,Three Rivers 010A,Further investigation is not in the public interest
47ad442dd96d695d5310a539f52b17fc348dfa7965444d722bcf83ff63a8f8f3,2021-07,Hertfordshire Constabulary,Hertfordshire Constabulary,-0.375373,51.653543,On or near THE MOORINGS,E01023559,Hertsmere 012B,Unable to prosecute suspect
d255dfa92da36c2e61922d96d317beb05e969d86c65e223f3aa07c2b28ecac82,2021-07,Hertfordshire Constabulary,Hertfordshire Constabulary,-0.517038,51.653655,On or near STATION APPROACH,E01023817,Three Rivers 005C,Investigation complete; no suspect identified
40c5dc655f6f1d270a1f18aa7c0d8b1f2651ac56297ef51b3f4fbec01dc8ad1c,2021-07,Hertfordshire Constabulary,Hertfordshire Constabulary,-0.030124,51.815094,On or near GOLDSTONE CLOSE,E01023519,East Hertfordshire 012E,Investigation complete; no suspect identified
99739e7d4732136bf2a0d24b590af20b72b700aee85066fa01a05b8c4c5f2aab,2021-07,Hertfordshire Constabulary,Hertfordshire Constabulary,-0.039801,51.687601,On or near PARK ROAD,E01023339,Broxbourne 013D,Investigation complete; no suspect identified
2e361a21aa95015903f0a80194f79dcf1bc908301de6fb415a10e7c3d4f282d5,2021-07,Hertfordshire Constabulary,Hertfordshire Constabulary,-0.028633,51.837945,On or near ERMINE STREET,E01023506,East Hertfordshire 006B,Investigation complete; no suspect identified
9f0e14df7a16da1c94ec57d5f1ca17469a5ac51fda95e0c1d273c6138cf82f26,2021-07,Hertfordshire Constabulary,Hertfordshire Constabulary,-0.014027,51.773342,On or near WARE ROAD,E01023317,Broxbourne 001B,Unable to prosecute suspect
59fde753678f8b7e5d6d1daf687a59c638ebd1d30897c6d0650f382fda2309c1,2021-07,Hertfordshire Constabulary,Hertfordshire Constabulary,-0.258086,51.666079,On or near NOVELLO WAY,E01023544,Hertsmere 009A,Unable to prosecute suspect
79a08d7bf647417ee5d5f543655d796bed11e85cdd39b59d1d1759a38b5e4f4d,2021-07,Hertfordshire Constabulary,Hertfordshire Constabulary,0.160339,51.870451,On or near Shopping Area,E01023449,East Hertfordshire 004A,Unable to prosecute suspect
a62971ec732ec75c11f509231b7690b2938f05438bd113f2e1b2cd5c220d17f3,2021-07,Hertfordshire Constabulary,Hertfordshire Constabulary,-0.220995,51.981762,On or near BIRDS HILL,E01023634,North Hertfordshire 006E,Unable to prosecute suspect
9e014845ae9c253dc9448ef449cd346d34e110530163d1ab48497d58937eec7c,2021-07,Hertfordshire Constabulary,Hertfordshire Constabulary,-0.339686,51.739602,On or near PEMBERTON CLOSE,E01023737,St Albans 017A,Unable to prosecute suspect
347f2c217710acf75696375fb40573f5ea257e840e4eeeb3828761041de79f7a,2021-07,Hertfordshire Constabulary,Hertfordshire Constabulary,-0.339836,51.751707,On or near MARKET PLACE,E01023727,St Albans 012B,Investigation complete; no suspect identified
ca591d7ef53afdf30880e1bde07b95ef943da2d0cfcb324c49651e17373ee3a6,2021-07,Hertfordshire Constabulary,Hertfordshire Constabulary,,,No location,,,Investigation complete; no suspect identified
b2e65d4d27d48b54ddbb91c82b31f4d0e5f9b12a753416fed404182dce3e1987,2021-07,Hertfordshire Constabulary,Hertfordshire Constabulary,-0.263207,51.952845,On or near Parking Area,E01023610,North Hertfordshire 013E,Unable to prosecute suspect
e3026b81b6373635e7beb13ce5296253caebd929f0839e11321b141254b3824b,2021-07,Hertfordshire Constabulary,Hertfordshire Constabulary,-0.161941,51.914261,On or near THE HEDGEROWS,E01023770,Stevenage 004D,Offender given a caution
ae56cb2375c2f0311de7f0c134b7159146f149b6663c67f0e56afbc69014c873,2021-07,Hertfordshire Constabulary,Hertfordshire Constabulary,-0.261362,51.647747,On or near BURGHLEY AVENUE,E01023542,Hertsmere 011D,Investigation complete; no suspect identified
0e41f9876949b3243f53d07c20bd7a146841538ae45a07cad3df162f24b46fa8,2021-07,Hertfordshire Constabulary,Hertfordshire Constabulary,-0.406274,51.682570,On or near Sports/Recreation Area,E01023870,Watford 004C,Unable to prosecute suspect
7c8ee86e455d555371fd8ad901c80250f2bc3136690b36c814ec9657d00950d5,2021-07,Hertfordshire Constabulary,Hertfordshire Constabulary,-0.190102,51.915435,On or near Pedestrian Subway,E01023782,Stevenage 006E,Suspect charged
3ba64ce04addc6d2dc8224232c7d0744295968d2bd3baf643cae0ade8f58636f,2021-07,Hertfordshire Constabulary,Hertfordshire Constabulary,-0.030002,51.747677,On or near GOLD CLOSE,E01023289,Broxbourne 004A,Suspect charged
73831bf86eb91345174e1ac2712cd83aed30b54b00541c867f4cfd3a338e2769,2021-07,Hertfordshire Constabulary,Hertfordshire Constabulary,-0.443237,51.757051,On or near HALESWOOD ROAD,E01023345,Dacorum 013A,Investigation complete; no suspect identified
3ef76ff6973c0fbb9b4f3b40c25574fb93fd9d90668df66a194734c1f6540e83,2021-07,Hertfordshire Constabulary,Hertfordshire Constabulary,-0.497959,51.637407,On or near Sports/Recreation Area,E01023835,Three Rivers 009A,Unable to prosecute suspect
441bbe8d9e64414cea9eb1008fc091d60224297c2bc49ac090643700df65dd48,2021-07,Hertfordshire Constabulary,Hertfordshire Constabulary,-0.217254,51.912378,On or near Pedestrian Subway,E01023798,Stevenage 005D,Investigation complete; no suspect identified
b236faae1bc86785f664f47a6dfb12629332f992f5140c3553955d1dc872a106,2021-07,Hertfordshire Constabulary,Hertfordshire Constabulary,-0.379769,51.685939,On or near TIBBLES CLOSE,E01023873,Watford 003A,Unable to prosecute suspect
d7ff9ae5a2fa60accf3bc634c8394572787272bdf180ef8ea887f9badebcd360,2021-07,Hertfordshire Constabulary,Hertfordshire Constabulary,-0.243019,51.754966,On or near COLLEGE LANE,E01023938,Welwyn Hatfield 010D,Investigation complete; no suspect identified
96bdde2a6ee47d8e2d2efc483246a804beed49c4d0b2aec9c9402ddc9eb98ec5,2021-07,Hertfordshire Constabulary,Hertfordshire Constabulary,-0.014027,51.773342,On or near WARE ROAD,E01023317,Broxbourne 001B,Local resolution
285911abedb6196b3a5aff1e6492d43e496212adbafb58a3704450116c912ab6,2021-07,Hertfordshire Constabulary,Hertfordshire Constabulary,-0.438974,51.759665,On or near MAYLANDS AVENUE,E01023345,Dacorum 013A,Investigation complete; no suspect identified
0bc87af692b423a6bb0172f908ab48e0df8456daa4f44b2cfb4e9103dd83f66f,2021-07,Hertfordshire Constabulary,Hertfordshire Constabulary,-0.189380,51.904822,On or near WEST CLOSE,E01023757,Stevenage 008C,Unable to prosecute suspect
889d72dee391131a8b2bb25d85a2f3ce778b773c6c590e93d7007054e5008dd7,2021-07,Hertfordshire Constabulary,Hertfordshire Constabulary,-0.398370,51.642143,On or near LONG CROFT,E01023883,Watford 012B,Unable to prosecute suspect
171293577997505b6f434bdcacb34fba3e58f9aedae61c885779af82a5828eab,2021-07,Hertfordshire Constabulary,Hertfordshire Constabulary,-0.007532,51.776991,On or near Pedestrian Subway,E01023318,Broxbourne 001C,Investigation complete; no suspect identified
5473fd5d0c1f341b509f8a84e0fe9800b31e4efb9cd8f065620ab706b45c5cd3,2021-07,Hertfordshire Constabulary,Hertfordshire Constabulary,-0.208786,51.968764,On or near VINCENT,E01023640,North Hertfordshire 009B,Investigation complete; no suspect identified
62a27cd6659f7eb6c673ba1f9f2c0baa04d8da4dead33cf0e4c5ca90090a4a63,2021-07,Hertfordshire Constabulary,Hertfordshire Constabulary,-0.206624,51.970772,On or near JARDEN,E01023640,North Hertfordshire 009B,Investigation complete; no suspect identified
d7f490cb250a84642ecf47791ba82c814b2ce5d30618c74e436af4060b38e893,2021-07,Hertfordshire Constabulary,Hertfordshire Constabulary,-0.256941,51.957177,On or near Parking Area,E01023618,North Hertfordshire 011B,Suspect charged
0c930e82ec3da3ece879b0735bbcd053794e3290b9373b7ae6b4fedb94daae25,2021-07,Hertfordshire Constabulary,Hertfordshire Constabulary,-0.261189,51.651135,On or near ARUNDEL DRIVE,E01023542,Hertsmere 011D,Investigation complete; no suspect identified
8c88eb89a10c3c253e3f015e9c6e2efea7e6355d3718c3b52152f73458896f42,2021-07,Hertfordshire Constabulary,Hertfordshire Constabulary,0.160260,51.864563,On or near NURSERY ROAD,E01023444,East Hertfordshire 007B,Investigation complete; no suspect identified
21ad51731fd903796b51134dee6822791a51e478f5da42a9db9b1df947107f7e,2021-07,Hertfordshire Constabulary,Hertfordshire Constabulary,-0.513647,51.621655,On or near PINCHFIELD,E01023838,Three Rivers 009D,Investigation complete; no suspect identified
acb5197cc76e63b8776697262d65e71c96ffeec3a6a765f4a8716b80ed29f465,2021-07,Hertfordshire Constabulary,Hertfordshire Constabulary,-0.376365,51.677161,On or near EASTLEA AVENUE,E01023874,Watford 003B,Unable to prosecute suspect
dcd27e016d3ff2c512958fe6985817a67107913826c7d4c289cb585972c15bd0,2021-07,Hertfordshire Constabulary,Hertfordshire Constabulary,-0.208676,51.899579,On or near KINGS WAY,E01023758,Stevenage 008D,Local resolution
9ae03ac95cfd13ca5ca70a41c586b4d16960b9ed736edb363a00de16d077e612,2021-07,Hertfordshire Constabulary,Hertfordshire Constabulary,-0.511521,51.661453,On or near CHENIES ROAD,E01023814,Three Rivers 004C,Investigation complete; no suspect identified
49ee79da46cf48b99c6af90c274dae98d346f86dc5a27f69a219b8d17ff88e0f,2021-07,Hertfordshire Constabulary,Hertfordshire Constabulary,-0.199565,51.791077,On or near SANDPIT ROAD,E01023940,Welwyn Hatfield 009B,Investigation complete; no suspect identified
9120cdd89801cf008ecd0302db031915c088ecf61d7b591ad0380bf3b04879b9,2021-07,Hertfordshire Constabulary,Hertfordshire Constabulary,-0.196920,51.905298,On or near Pedestrian Subway,E01023758,Stevenage 008D,Unable to prosecute suspect
ff25dcd6a753dd8fc9d7f796d4f824d1cfd49ee6149ec0cfb087ad51c0e499f9,2021-07,Hertfordshire Constabulary,Hertfordshire Constabulary,-0.192691,51.895854,On or near ABINGER CLOSE,E01023755,Stevenage 008A,Investigation complete; no suspect identified
5b3c83b166e4683f08b6044164b64d095c6ca3208d84bed4a9826e9f2d6144c7,2021-07,Hertfordshire Constabulary,Hertfordshire Constabulary,-0.202859,51.981550,On or near Shopping Area,E01023633,North Hertfordshire 006D,Investigation complete; no suspect identified
d63cedbbec1f7bba97e0625c63fbd4bfab946bf46da6210941b68b557a0c5623,2021-07,Hertfordshire Constabulary,Hertfordshire Constabulary,-0.186841,51.905781,On or near FAIRLANDS WAY,E01023781,Stevenage 006D,Unable to prosecute suspect
1a0ccf2ae1fea76efc8b8038eb821fcf1f78b5fec1a17f5220a998cba0b75435,2021-07,Hertfordshire Constabulary,Hertfordshire Constabulary,-0.342604,51.761170,On or near WAVERLEY ROAD,E01023670,St Albans 009B,Suspect charged
61c55d3942126a9c69cb8f9ecf96de62ad45ab1a978e6baceaa99ec9b08cb65c,2021-07,Hertfordshire Constabulary,Hertfordshire Constabulary,-0.278190,51.655675,On or near Supermarket,E01023530,Hertsmere 007B,Investigation complete; no suspect identified
b15ac8642181446e06a9a5e830374ee6ae09cb215d4631f270c0db7c9b8083d3,2021-07,Hertfordshire Constabulary,Hertfordshire Constabulary,-0.215323,52.028820,On or near Petrol Station,E01017447,Central Bedfordshire 014B,Suspect charged
13205b2fd9ac2e900cd864c555c7fa6908f6877a13b222f4cce0ef54564ca88b,2021-07,Hertfordshire Constabulary,Hertfordshire Constabulary,-0.241235,51.763599,On or near Supermarket,E01033308,Welwyn Hatfield 010E,Investigation complete; no suspect identified
15e858881eab230a23b5987d0dbb4b9d2693aca71adccbb66a91c368e410882a,2021-07,Hertfordshire Constabulary,Hertfordshire Constabulary,-0.394437,51.656108,On or near Parking Area,E01023860,Watford 009B,Suspect charged
1c91201f77b7f73bdeedfbf0cc77b113c4d4701152877894075128ee0a1d7f33,2021-07,Hertfordshire Constabulary,Hertfordshire Constabulary,-0.224353,51.771348,On or near HOMESTEAD ROAD,E01023929,Welwyn Hatfield 010A,Investigation complete; no suspect identified
f7823b42d7e5cdc3d4d8e8d8cccc14e704b275206e11d859361c36aef31b1b8b,2021-07,Hertfordshire Constabulary,Hertfordshire Constabulary,-0.011977,51.743785,On or near OLD NAZEING ROAD,E01023292,Broxbourne 004D,Unable to prosecute suspect
d36fc4b6e2e7d903701118a5cd272c02e4bcb26642d8e084fc2305d46c21d698,2021-07,Hertfordshire Constabulary,Hertfordshire Constabulary,-0.472742,51.747466,On or near Shopping Area,E01023398,Dacorum 015D,Unable to prosecute suspect
30439d826032ddcdf33aa2493d899816ebac52b578935294f7bf2ee2bc1b98a1,2021-07,Hertfordshire Constabulary,Hertfordshire Constabulary,-0.031745,51.811515,On or near Supermarket,E01023514,East Hertfordshire 012C,Suspect charged
b520ab7104a30e5a3280ef2f40ba4bb4eb35f97e853c0de46af408b7b260ce29,2021-07,Hertfordshire Constabulary,Hertfordshire Constabulary,-0.452656,51.746439,On or near ASHLEY CLOSE,E01023357,Dacorum 020A,Unable to prosecute suspect
cb3dbc2922ff200d88b1da566cb36e9dd36b98025e1894f3fc6d76b22c32c390,2021-07,Hertfordshire Constabulary,Hertfordshire Constabulary,0.161233,51.868484,On or near RIVERSIDE WALK,E01023450,East Hertfordshire 004B,Suspect charged
4b92ad995ae71bb0d1fd9a93322a87b1d26054b1dfc235f5dc96f98d5a55f6fd,2021-07,Hertfordshire Constabulary,Hertfordshire Constabulary,-0.368978,51.664164,On or near HEATHER RISE,E01023555,Hertsmere 008D,Unable to prosecute suspect
c42d0e38879e7b0445e149e5fdbc4289a39477d1d7b593e3532dba2f26dd9063,2021-07,Hertfordshire Constabulary,Hertfordshire Constabulary,-0.184692,51.899607,On or near TWINWOODS,E01023756,Stevenage 008B,Investigation complete; no suspect identified
4986c700325ba8e319b08d5a51a0fffc3d4ec082cb19c0937d97dbd4a69cbf01,2021-07,Hertfordshire Constabulary,Hertfordshire Constabulary,-0.468666,51.764741,On or near THRIFTFIELD,E01023404,Dacorum 008D,Suspect charged
ef449d2963ac9caaffd6eee0ff066867b3d5a0a8f281207383df23de21e5ac83,2021-07,Hertfordshire Constabulary,Hertfordshire Constabulary,-0.297213,51.723204,On or near HASELDINE ROAD,E01023706,St Albans 018C,Investigation complete; no suspect identified
71422e22841d8a3fdc100f45e91715e1de57af0d19d79f272c0782fb16f82bdf,2021-07,Hertfordshire Constabulary,Hertfordshire Constabulary,-0.333506,51.748929,On or near Further/Higher Educational Building,E01023726,St Albans 012A,Unable to prosecute suspect
efbe027a04bd3ca73c6abb9ffd3949abc3c5c5abd11cf036a1dfb39cbfe87696,2021-07,Hertfordshire Constabulary,Hertfordshire Constabulary,-0.169670,51.912637,On or near MOBBSBURY WAY,E01023769,Stevenage 004C,Investigation complete; no suspect identified
3178b99a1e7df3bf55866fed1bc9fa5121b1ffaf8be188f3847d00006472ab8b,2021-07,Hertfordshire Constabulary,Hertfordshire Constabulary,-0.441455,51.714128,On or near Petrol Station,E01023808,Three Rivers 001E,Unable to prosecute suspect
77ab3f9bddfa9eabcd369c2d7cb6cb3a65240e6a5dca56ce6ed77e45630056fc,2021-07,Hertfordshire Constabulary,Hertfordshire Constabulary,-0.185081,51.693092,On or near MUTTON LANE,E01023577,Hertsmere 001B,Investigation complete; no suspect identified
33f039198c9577b237e821c4915e1049b062809285c486fd2822e93377e068db,2021-07,Hertfordshire Constabulary,Hertfordshire Constabulary,-0.222268,51.984551,On or near NORTON WAY NORTH,E01023633,North Hertfordshire 006D,Investigation complete; no suspect identified
dd6774be7fb264e37b487e0dda3878cc4f14dea596ffa1a3b7885deaa7569be0,2021-07,Hertfordshire Constabulary,Hertfordshire Constabulary,-0.018794,51.748559,On or near HIGH ROAD,E01023290,Broxbourne 004B,Investigation complete; no suspect identified
baa047f7743586c4bacde91a1b8e0b12effa954d35273163427fdf99116146c8,2021-07,Hertfordshire Constabulary,Hertfordshire Constabulary,-0.443115,51.713826,On or near KINGFISHER LURE,E01023808,Three Rivers 001E,Investigation complete; no suspect identified
26325a416aae8a757a4ebeb5fe41d28dc5da8b982adf4ea43fe6d067ed0cb941,2021-07,Hertfordshire Constabulary,Hertfordshire Constabulary,-0.173549,51.913785,On or near FAWCETT ROAD,E01023769,Stevenage 004C,Unable to prosecute suspect
502977a25a5ab70ec8e931a2da0f7d5ade81509d3f4c891d85d009405c51e2f6,2021-07,Hertfordshire Constabulary,Hertfordshire Constabulary,0.152696,51.862813,On or near BENHOOKS AVENUE,E01023447,East Hertfordshire 007E,Investigation complete; no suspect identified
4197dc403962ddbeae7a9109caa985796dd15672914acca7351b27508ee00410,2021-07,Hertfordshire Constabulary,Hertfordshire Constabulary,-0.225426,51.766904,On or near VIXEN COURT,E01023927,Welwyn Hatfield 011D,Unable to prosecute suspect
6b1772af0fcfb2e919c79cab859ff388757939861368cee05e9c5a7eb1e468c0,2021-07,Hertfordshire Constabulary,Hertfordshire Constabulary,-0.437409,51.777727,On or near NORTHAW CLOSE,E01023437,Dacorum 005D,Unable to prosecute suspect
cb3cc72492b7648ec62446324ec4f51090b949ab43c9c22f6281029991344b68,2021-07,Hertfordshire Constabulary,Hertfordshire Constabulary,-0.032168,51.688148,On or near STANHOPE ROAD,E01023336,Broxbourne 013A,Investigation complete; no suspect identified
308c47968ed6f3e0ff044770e81f09ca2b980b6ff793174a8be876cb41f2e9a2,2021-07,Hertfordshire Constabulary,Hertfordshire Constabulary,-0.279391,51.653354,On or near Parking Area,E01023539,Hertsmere 011A,Suspect charged
6b07df1a8a6eed915023975390a9726e5b3e68a0b37b0b337838c11faa5d7f25,2021-07,Hertfordshire Constabulary,Hertfordshire Constabulary,-0.388622,51.663132,On or near RAPHAEL DRIVE,E01023860,Watford 009B,Unable to prosecute suspect
bd976bb2ba660f419de9cd4b24cf5e66d833f3032e9034624f3951c7d5c2e194,2021-07,Hertfordshire Constabulary,Hertfordshire Constabulary,-0.349176,51.757386,On or near WELLS CLOSE,E01023669,St Albans 009A,Suspect charged
5a3a7124e3900518bf6d6b9d30408c0262ea7e4561964f98ea990d537d442886,2021-07,Hertfordshire Constabulary,Hertfordshire Constabulary,-0.558144,51.756314,On or near HOLLY DRIVE,E01023366,Dacorum 014B,Further investigation is not in the public interest
26c5dfcf7aaf77a848d5273cddb862593dfaab837e67076ce7a220b0d4347ac8,2021-07,Hertfordshire Constabulary,Hertfordshire Constabulary,-0.230723,51.977664,On or near Further/Higher Educational Building,E01023645,North Hertfordshire 008B,Unable to prosecute suspect
f88dbb73563c44e03c298ac6fb5521050a422b1bf538953ef321383adaa6b698,2021-07,Hertfordshire Constabulary,Hertfordshire Constabulary,-0.168705,51.885970,On or near LONGFIELDS,E01023765,Stevenage 012C,Investigation complete; no suspect identified
df4babc5add7ea73036c72fc5ccccd49f4869f5f5a677eecb870932f7b84445c,2021-07,Hertfordshire Constabulary,Hertfordshire Constabulary,-0.473073,51.755240,On or near Parking Area,E01023400,Dacorum 015E,Unable to prosecute suspect
a55a0b11b92002084b6e90d8c2a9957ad7a17ec4b129508d4621080c98ff358f,2021-07,Hertfordshire Constabulary,Hertfordshire Constabulary,-0.300292,51.754622,On or near OAKWOOD DRIVE,E01023668,St Albans 013D,Unable to prosecute suspect
d1b84d4cc9ad59a2241bf4f9aa3c05fc92f755729210f2761549c430c5efefa0,2021-07,Hertfordshire Constabulary,Hertfordshire Constabulary,-0.207897,51.984477,On or near WORKS ROAD,E01023633,North Hertfordshire 006D,Unable to prosecute suspect
a80d877ffb3c04db1cfed84c2a0d78814f619ae0570be4f2761becdace5c1aa9,2021-07,Hertfordshire Constabulary,Hertfordshire Constabulary,-0.378290,51.648782,On or near HILLSIDE ROAD,E01023559,Hertsmere 012B,Unable to prosecute suspect
8914ae4051c5e4237c8dbc0a545008405acc8f4bd8ba15d52a2c885f3eacef9f,2021-07,Hertfordshire Constabulary,Hertfordshire Constabulary,-0.478092,51.648113,On or near WOODBANK,E01023812,Three Rivers 004A,Investigation complete; no suspect identified
ee1400bca3d8df405f2f0e3e2ab14155ff8094209007ac9761664c0f2ae00260,2021-07,Hertfordshire Constabulary,Hertfordshire Constabulary,-0.217349,51.824385,On or near STUART ROAD,E01023970,Welwyn Hatfield 002D,Investigation complete; no suspect identified
75263cd3392d9d5744d0d9bc3523a6cfbb5e2abd6826d68ccb074128e2dad841,2021-07,Hertfordshire Constabulary,Hertfordshire Constabulary,-0.036124,51.719076,On or near Shopping Area,E01023305,Broxbourne 008D,Investigation complete; no suspect identified
511b3650e6d3b11280071bf2120738954e5739a9b75a6924f046d0186b42b501,2021-07,Hertfordshire Constabulary,Hertfordshire Constabulary,-0.225667,51.754831,On or near THE PASTURES,E01023923,Welwyn Hatfield 012D,Unable to prosecute suspect
be777d76aa7c07f4715a5c9e900b1d469f5fce1358e066066c18655d2a855ddd,2021-07,Hertfordshire Constabulary,Hertfordshire Constabulary,-0.280444,51.948090,On or near Parking Area,E01023616,North Hertfordshire 012F,Unable to prosecute suspect
1d55c919361a44b72faada1778c5681f96e8c8a94a2b5f45e93bc8503f2f8284,2021-07,Hertfordshire Constabulary,Hertfordshire Constabulary,-0.067228,51.797321,On or near NEWLAND GARDENS,E01023477,East Hertfordshire 017C,Investigation complete; no suspect identified
359b0e12bbd1ca0a58783f3ad9ae37d5452bd8252693f53194d190d431c4ea7b,2021-07,Hertfordshire Constabulary,Hertfordshire Constabulary,-0.388622,51.663132,On or near RAPHAEL DRIVE,E01023860,Watford 009B,Investigation complete; no suspect identified
794a4fa2af3a9dfb016edb1009bba2f7d924c8eae097d5c6d4a28d24d14dc749,2021-07,Hertfordshire Constabulary,Hertfordshire Constabulary,-0.389577,51.646806,On or near Sports/Recreation Area,E01023862,Watford 009D,Investigation complete; no suspect identified
3c61b07b8f05644a8a252e80302c2cc010f9af5deb5431d0a647aae30ae37a97,2021-07,Hertfordshire Constabulary,Hertfordshire Constabulary,-0.385308,51.694109,On or near Pedestrian Subway,E01023905,Watford 001B,Investigation complete; no suspect identified
2536571c4cc6cf9311a1117b2ec1d953ff478746d529ef671ffec853aab36acf,2021-07,Hertfordshire Constabulary,Hertfordshire Constabulary,0.166122,51.867153,On or near LONDON ROAD,E01023441,East Hertfordshire 005D,Investigation complete; no suspect identified
f21375cf099c282f0dc84923eabb7451ec809ad94d49ae0f0fed02436b8da9c6,2021-07,Hertfordshire Constabulary,Hertfordshire Constabulary,0.137153,51.860920,On or near PLOUGHMANS CLOSE,E01023448,East Hertfordshire 007F,Unable to prosecute suspect
ed507a6d4d4dda32b87c4879d2f67f1ae05c803791b9db9d6a94fe20ba05ab03,2021-07,Hertfordshire Constabulary,Hertfordshire Constabulary,-0.539285,51.722002,On or near BALFOUR MEWS,E01023373,Dacorum 021A,Unable to prosecute suspect
c0e691929484da8543374e7ce3efd493ff56d9f63c10df91844c6b653d8c7689,2021-07,Hertfordshire Constabulary,Hertfordshire Constabulary,-0.478092,51.648113,On or near WOODBANK,E01023812,Three Rivers 004A,Investigation complete; no suspect identified
b5a6ae47ce5a0c611e0215953129131a7a5f9bc33df219d2876eb719898e2cf6,2021-07,Hertfordshire Constabulary,Hertfordshire Constabulary,-0.395724,51.670413,On or near BRUCE GROVE,E01023855,Watford 006A,Unable to prosecute suspect
c802c4cc64502cc29d9e763a6d8c6f1238dfdb773fb21dfecd45b5003c9862f0,2021-07,Hertfordshire Constabulary,Hertfordshire Constabulary,-0.176062,51.876517,On or near BRAEMAR CLOSE,E01023785,Stevenage 011C,Unable to prosecute suspect
7458f342cd01adf676a567dceb36cd29e92da7dd3ff0c0438e774550d1dca6db,2021-07,Hertfordshire Constabulary,Hertfordshire Constabulary,-0.014917,51.686293,On or near STATION ROAD,E01023338,Broxbourne 013C,Offender given a drugs possession warning
42281d3d7d8e410b784bb868687e7c22dfe2e2ea34a1b156dd7199709ac62bb4,2021-07,Hertfordshire Constabulary,Hertfordshire Constabulary,-0.192512,51.697963,On or near Supermarket,E01023579,Hertsmere 001D,Investigation complete; no suspect identified
7b6a8ff91126d6d1da5f42dc16ddf7967eb9a2185228fbc53bf1e7100692e7fc,2021-07,Hertfordshire Constabulary,Hertfordshire Constabulary,-0.185747,51.976926,On or near BEECHWOOD CLOSE,E01023593,North Hertfordshire 004G,Investigation complete; no suspect identified
15293af153df28751cb131426a36d65488d9ecc5f62074d56644d3f84dcbfb3a,2021-07,Hertfordshire Constabulary,Hertfordshire Constabulary,-0.400520,51.659491,On or near Nightclub,E01023861,Watford 009C,Suspect charged
80bb3e33d771c7171bda41e50b0f98d9a1d724005cb238f8f8c5d57e6fec9ae2,2021-07,Hertfordshire Constabulary,Hertfordshire Constabulary,-0.284503,51.658492,On or near RED ROAD,E01023532,Hertsmere 007D,Suspect charged
e705b255c691b835de51c8cefa439a9b875c3be738e8b0fb8d2bbf1ab0d39f89,2021-07,Hertfordshire Constabulary,Hertfordshire Constabulary,-0.414503,51.649079,On or near TOLPITS CLOSE,E01023867,Watford 011E,Unable to prosecute suspect
a3bdeca72d1aace4190aeef3773c4eafc5535bd4e627b916caeb6361a762b558,2021-07,Hertfordshire Constabulary,Hertfordshire Constabulary,-0.177371,51.693045,On or near Parking Area,E01023572,Hertsmere 003B,Investigation complete; no suspect identified
8a1d4a6d8e40543e87f948a605f031c33a831362c77dd415b044fdcd1c6d4a1a,2021-07,Hertfordshire Constabulary,Hertfordshire Constabulary,-0.224288,51.759702,On or near Sports/Recreation Area,E01023924,Welwyn Hatfield 011A,Unable to prosecute suspect
c62e2d50514119c02c5c1c08b7dee5837255afba6c3c56cd32fdc5d3309d739b,2021-07,Hertfordshire Constabulary,Hertfordshire Constabulary,-0.217264,51.787184,On or near Police Station,E01023916,Welwyn Hatfield 006A,Unable to prosecute suspect
8ca322e87484f5e5fb12c693a32e88136de6a1472cc54fe066e8db9cf8e2381a,2021-07,Hertfordshire Constabulary,Hertfordshire Constabulary,-0.186088,51.924104,On or near Pedestrian Subway,E01023788,Stevenage 001B,Suspect charged
eaa582673ea2ca8deade31a7b3bc7c43cbfc2d997347dbd90304a7a2d01a37e4,2021-07,Hertfordshire Constabulary,Hertfordshire Constabulary,-0.326579,51.749783,On or near GRIMSTON ROAD,E01023729,St Albans 012D,Investigation complete; no suspect identified
a56a23f02b3ae234b003cb06f83ba7d50573bb22f5b56c73c72c0ab7a4e38d9f,2021-07,Hertfordshire Constabulary,Hertfordshire Constabulary,-0.183230,51.892966,On or near VALLEY WAY,E01023794,Stevenage 010D,Formal action is not in the public interest
86dc2c545bd1bcbbf118212a7cc67d87c0b5bac9cf036ad2e790b319d4d33bb4,2021-07,Hertfordshire Constabulary,Hertfordshire Constabulary,-0.451221,51.763406,On or near LARCHWOOD ROAD,E01023346,Dacorum 013B,Unable to prosecute suspect
b590000c3cb95b0d079ad31640261cf631f1cbbe0353070d50fcf989a0bc9a88,2021-07,Hertfordshire Constabulary,Hertfordshire Constabulary,-0.469545,51.756336,On or near BROAD STREET,E01023400,Dacorum 015E,Unable to prosecute suspect
ab5b7021cd27d385979e38cea28df4104260e129f82fffef68a29c8fa6806165,2021-07,Hertfordshire Constabulary,Hertfordshire Constabulary,-0.022382,52.050503,On or near KING JAMES WAY,E01023660,North Hertfordshire 001A,Unable to prosecute suspect
26d9c29c7f10cd58c69c124ed571e249ff8ed2ae295ae295bdf09f1909385879,2021-07,Hertfordshire Constabulary,Hertfordshire Constabulary,-0.195291,51.797162,On or near ESSENDON GARDENS,E01023954,Welwyn Hatfield 007A,Unable to prosecute suspect
52878be94debc046c57c267a76ba6e11624a60392fe464ff0929afff2a3a3f35,2021-07,Hertfordshire Constabulary,Hertfordshire Constabulary,-0.542152,51.807918,On or near HUDNALL LANE,E01023356,Dacorum 006B,Offender given a caution
e9a4c9e088b8688fc65824162fb82effb2249e86ff9c0ae790bd023532e7da07,2021-07,Hertfordshire Constabulary,Hertfordshire Constabulary,-0.241235,51.763599,On or near Supermarket,E01033308,Welwyn Hatfield 010E,Investigation complete; no suspect identified
32965188a91a02926543eab1e2e4852ecd12687a393854d930829df1358a08b3,2021-07,Hertfordshire Constabulary,Hertfordshire Constabulary,-0.023265,51.813028,On or near POPIS GARDENS,E01023518,East Hertfordshire 012D,Unable to prosecute suspect
d9e426404a0eca4d1896531ad852e7b2a73bf9619cf0a9d21e02b6a1a200f142,2021-07,Hertfordshire Constabulary,Hertfordshire Constabulary,-0.493288,51.741222,On or near ROUGHDOWN VILLAS ROAD,E01023378,Dacorum 021F,Investigation complete; no suspect identified
1b4b516aed3b72f7f51d6b3de572dc8dbf05c57db9a0386e45ac15f9e5c59cc0,2021-07,Hertfordshire Constabulary,Hertfordshire Constabulary,-0.032168,51.688148,On or near STANHOPE ROAD,E01023336,Broxbourne 013A,Suspect charged
1f00c6a0e5d5ed95e1fd6daa478fd67211f065da9bd05675405d9fa2286c4210,2021-07,Hertfordshire Constabulary,Hertfordshire Constabulary,-0.016823,51.762140,On or near LANGTON ROAD,E01023323,Broxbourne 003D,Suspect charged
0b9630729b66d664a4b8896b3117ca24269ec55252b5e8ea869d2b774e11f39e,2021-07,Hertfordshire Constabulary,Hertfordshire Constabulary,-0.100273,51.795737,On or near HALLEYS RIDGE,E01023489,East Hertfordshire 015C,Investigation complete; no suspect identified
a12951ece87b71e3f25aba221702cf1bef64c1d724cada0c7716f7f06c3875e6,2021-07,Hertfordshire Constabulary,Hertfordshire Constabulary,-0.442094,51.776387,On or near SHENLEY ROAD,E01023436,Dacorum 005C,Unable to prosecute suspect
d8376f96b5f04cc89c66a46836ce7797eef35a1b62baeb1a39bb92b04e39e58b,2021-07,Hertfordshire Constabulary,Hertfordshire Constabulary,-0.554937,51.759656,On or near NEW STREET,E01023361,Dacorum 009A,Unable to prosecute suspect
a3fdfbc112fd7f31b21989b6deed1297a033b39467446b286e9bb1b608459da3,2021-07,Hertfordshire Constabulary,Hertfordshire Constabulary,-0.358512,51.743274,On or near Sports/Recreation Area,E01023742,St Albans 014A,Investigation complete; no suspect identified
1732497fc14baf4b8d8f526f3c286bca4886e213b338ea074c59d5c3341547cf,2021-07,Hertfordshire Constabulary,Hertfordshire Constabulary,-0.183486,51.924082,On or near Pedestrian Subway,E01023787,Stevenage 001A,Investigation complete; no suspect identified
b7d55d87a705f5c578aae99257bb35e22ee38182cecc819663ad4f7c9059ef89,2021-07,Hertfordshire Constabulary,Hertfordshire Constabulary,-0.161711,51.903890,On or near MAGELLAN CLOSE,E01023760,Stevenage 007B,Investigation complete; no suspect identified
57e5e4969f7f30c7a055d61cb9ddea0341e1c6a67bb50b5955a854bf82e8eabe,2021-07,Hertfordshire Constabulary,Hertfordshire Constabulary,0.162280,51.869723,On or near ADDERLEY ROAD,E01023450,East Hertfordshire 004B,Unable to prosecute suspect
b001f59942f3f11ac07ca73d041d1770f8bf00b6d4afb1c300b7582418b93cc5,2021-07,Hertfordshire Constabulary,Hertfordshire Constabulary,-0.471974,51.757770,On or near QUEENSWAY,E01023400,Dacorum 015E,Investigation complete; no suspect identified
7aa8ccf64e2848b6d78e2d68dcc901055aa9d4e08dd7dd8acbcbdfba8ee84f55,2021-07,Hertfordshire Constabulary,Hertfordshire Constabulary,-0.180639,51.784312,On or near WEST MEAD,E01023946,Welwyn Hatfield 008D,Investigation complete; no suspect identified
815abf19cdaf616357822581638741d26c15a6692a47520dce200f2bc2729413,2021-07,Hertfordshire Constabulary,Hertfordshire Constabulary,-0.396785,51.668639,On or near BRIXTON ROAD,E01023855,Watford 006A,Investigation complete; no suspect identified
259994a7a1a4126e21ea8b1278af5c6d0a6c9103c33b0a018820eef51614bcb7,2021-07,Hertfordshire Constabulary,Hertfordshire Constabulary,-0.333006,51.745586,On or near RIVERSIDE ROAD,E01023740,St Albans 017D,Investigation complete; no suspect identified
24652dbc376b58a6f3258c2c0749364414ae25e65426a143b209cfd34a746280,2021-07,Hertfordshire Constabulary,Hertfordshire Constabulary,-0.434735,51.778753,On or near BERKELEY SQUARE,E01023437,Dacorum 005D,Unable to prosecute suspect
56c4c5f522d48c274320dba5258a7da969733cd5cc2efcdb7832cec682bfe05b,2021-07,Hertfordshire Constabulary,Hertfordshire Constabulary,-0.563100,51.763118,On or near GREENES COURT,E01023361,Dacorum 009A,Investigation complete; no suspect identified
58aaba0980f6b8254b75313ac70422c6cd230094e5181441898b352eead4d0a6,2021-07,Hertfordshire Constabulary,Hertfordshire Constabulary,0.178835,51.866909,On or near HAYMEADS LANE,E01023442,East Hertfordshire 005E,Unable to prosecute suspect
4eb9f1382783c41b0756fd09ee2d77036210b7015df542aae5165eabdbb474c9,2021-07,Hertfordshire Constabulary,Hertfordshire Constabulary,-0.414376,51.643178,On or near Sports/Recreation Area,E01023864,Watford 011B,Unable to prosecute suspect
053c0b4357fed80a72f6e540ea2f7221a7a72d7dfce59bd518d675ef52d75547,2021-07,Hertfordshire Constabulary,Hertfordshire Constabulary,-0.036124,51.719076,On or near Shopping Area,E01023305,Broxbourne 008D,Investigation complete; no suspect identified
025a20f6bd2da12e95ec83c1e69ead81a2dd7e167d06361e3ba8c2312a49d09c,2021-07,Hertfordshire Constabulary,Hertfordshire Constabulary,-0.484173,51.759511,On or near CATKIN CLOSE,E01023391,Dacorum 010B,Unable to prosecute suspect
b115309e3befdc3fb9ca07f859098ed1f2ddd9a18d09f9ec2323b1c08e7f3a48,2021-07,Hertfordshire Constabulary,Hertfordshire Constabulary,-0.019120,51.735139,On or near CLYFTON CLOSE,E01023340,Broxbourne 005A,Unable to prosecute suspect
b16a9caf2e00d94b3f0999cea1c3755765d9bfa92085071179276056a23f070f,2021-07,Hertfordshire Constabulary,Hertfordshire Constabulary,-0.180722,51.799554,On or near HALL BARNS,E01023944,Welwyn Hatfield 008B,Investigation complete; no suspect identified
bd1e551bfca61b3ff920a26c580594c8e79802af711985f00e2802093e327a0c,2021-07,Hertfordshire Constabulary,Hertfordshire Constabulary,-0.025548,51.729887,On or near OAKLANDS GROVE,E01023342,Broxbourne 005C,Suspect charged
4590528a6207e37314bfd0fe029f2b1a57f53d69356e4e0a457eb959a82ac4ac,2021-07,Hertfordshire Constabulary,Hertfordshire Constabulary,-0.563289,51.760378,On or near Supermarket,E01023361,Dacorum 009A,Investigation complete; no suspect identified
9b457a2012085c2e7e81d388a35ba325fc58ecc16727f93247c148be912b0045,2021-07,Hertfordshire Constabulary,Hertfordshire Constabulary,-0.267140,51.660350,On or near Parking Area,E01023537,Hertsmere 006D,Unable to prosecute suspect
5e41eae2bfff9572f999c6f4b5d97ea97c8ffc5f5e0a356a9b8736361c0cbea4,2021-07,Hertfordshire Constabulary,Hertfordshire Constabulary,-0.182856,51.805639,On or near WINDHILL,E01023912,Welwyn Hatfield 004A,Investigation complete; no suspect identified
b93d0427f64def01fa4ff87397c89c11c3894b664ff2f64c1a695a8a11b8dc85,2021-07,Hertfordshire Constabulary,Hertfordshire Constabulary,-0.342282,51.730017,On or near WATLING STREET,E01023718,St Albans 019A,Investigation complete; no suspect identified
91510945d92a710ae8dc6ddb18f35dbc9f6e46d3ed45ec218f846ba55da94604,2021-07,Hertfordshire Constabulary,Hertfordshire Constabulary,-0.314254,51.746190,On or near WINGATE WAY,E01023681,St Albans 016A,Unable to prosecute suspect
bbc3cfba7f3802217d4c0e1429e5e8242f7e1cbdebbb7bf27866e791220ee6c8,2021-07,Hertfordshire Constabulary,Hertfordshire Constabulary,-0.320971,51.748247,On or near LYCASTE CLOSE,E01023666,St Albans 011A,Unable to prosecute suspect
55ecea453b2c26c16a0755e059bac2d9372fbfb07dd88f9c0c3e177e30cc76fe,2021-07,Hertfordshire Constabulary,Hertfordshire Constabulary,-0.341844,51.825810,On or near Supermarket,E01023687,St Albans 002C,Investigation complete; no suspect identified
56603b81cb744eb775af7368489792a09c51a396033fc967774864f897e3b499,2021-07,Hertfordshire Constabulary,Hertfordshire Constabulary,-0.402521,51.654383,On or near ADDISCOMBE ROAD,E01023899,Watford 010A,Investigation complete; no suspect identified
09646a82131d3a00b4f89c74951b5100298a3b07f92f5be2e4a8741cc5894ecb,2021-07,Hertfordshire Constabulary,Hertfordshire Constabulary,-0.326312,51.747577,On or near Parking Area,E01023729,St Albans 012D,Action to be taken by another organisation
c0f4029f69ca523e898a5a63e869bdb0481296f62015b9adb3a29b8da22c0b5b,2021-07,Hertfordshire Constabulary,Hertfordshire Constabulary,-0.387679,51.651411,On or near Supermarket,E01023860,Watford 009B,Investigation complete; no suspect identified
30f55ea9ae97c0b1dad26a1e1450eb021c66fb065f87d3de50b2a6b763d14ee6,2021-07,Hertfordshire Constabulary,Hertfordshire Constabulary,-0.486800,51.749842,On or near SHERIDAN CLOSE,E01023379,Dacorum 018C,Unable to prosecute suspect
b58f4d7d358a48177cdaab0bd05cdbaec4c9d8a78bcdf6033e599433dd0b9c0c,2021-07,Hertfordshire Constabulary,Hertfordshire Constabulary,-0.024811,51.723203,On or near NUNSBURY DRIVE,E01023342,Broxbourne 005C,Unable to prosecute suspect
28f368fe872a2a849e44e255da4dbe912e684d61448ff385a3a58094ebe78db3,2021-07,Hertfordshire Constabulary,Hertfordshire Constabulary,-0.155816,52.039512,On or near THE RICKYARD,E01023586,North Hertfordshire 005B,Suspect charged
43dc6a7e544023f9dbc20f9f2e960b52b8b94652a32e9ece0b6a79035a4aa087,2021-07,Hertfordshire Constabulary,Hertfordshire Constabulary,-0.269063,51.669460,On or near COWLEY HILL,E01023583,Hertsmere 004C,Unable to prosecute suspect
06b386d9801b4662cb1cca351ff5cdb639b756a6fde19d466121fa8a146176d2,2021-07,Hertfordshire Constabulary,Hertfordshire Constabulary,-0.443237,51.757051,On or near HALESWOOD ROAD,E01023345,Dacorum 013A,Investigation complete; no suspect identified
ae6637eeb0e0ec8ea097aae14d388be829422322c4d729e48dab3ea8fa035680,2021-07,Hertfordshire Constabulary,Hertfordshire Constabulary,0.159521,51.870664,On or near POTTER STREET,E01023446,East Hertfordshire 007D,Suspect charged
bd976bb2ba660f419de9cd4b24cf5e66d833f3032e9034624f3951c7d5c2e194,2021-07,Hertfordshire Constabulary,Hertfordshire Constabulary,-0.349176,51.757386,On or near WELLS CLOSE,E01023669,St Albans 009A,Suspect charged
824287a06ba478f1cf33f49f42cc8d16cc9f3ba2cd233c5db1afea079b3db767,2021-07,Hertfordshire Constabulary,Hertfordshire Constabulary,-0.469545,51.756336,On or near BROAD STREET,E01023400,Dacorum 015E,Unable to prosecute suspect
574f067c687b48e486a14ed3117e7944b30c8c595e11707bac1cb314cd1bbcf2,2021-07,Hertfordshire Constabulary,Hertfordshire Constabulary,-0.241813,51.973721,On or near CHILTERN VIEW,E01023646,North Hertfordshire 008C,Suspect charged
b476022eae3eb8a9d611a82ca1fafc1cf68ce00c6ca87e62ccc8ae87c87d29ba,2021-07,Hertfordshire Constabulary,Hertfordshire Constabulary,0.160145,51.868827,On or near NAILS LANE,E01023446,East Hertfordshire 007D,Suspect charged
6e23928f65a5ee84d456b478a647514a49c63d90b8d49581c5116d292d07de07,2021-07,Hertfordshire Constabulary,Hertfordshire Constabulary,-0.032921,51.684447,On or near HIGH STREET,E01023337,Broxbourne 013B,Investigation complete; no suspect identified
219a9cafd543b32b43da1b3f867602ba136e2872a6404692855ac00bf45bf95b,2021-07,Hertfordshire Constabulary,Hertfordshire Constabulary,-0.552582,51.758512,On or near PAXTON ROAD,E01023362,Dacorum 009B,Unable to prosecute suspect
e2ed0929c926bc7a8592be453a23ac3aa3f668ae32c83541323835cd0aaa2986,2021-07,Hertfordshire Constabulary,Hertfordshire Constabulary,-0.310570,51.751344,On or near SUTTON ROAD,E01023674,St Albans 011B,Investigation complete; no suspect identified
3bbd40ec68b79cfe63a0abbfd50a70d1019eae10b95f1ca7815c7d4d844e4f7e,2021-07,Hertfordshire Constabulary,Hertfordshire Constabulary,0.008052,51.763929,On or near Park/Open Space,E01023330,Broxbourne 002D,Investigation complete; no suspect identified
9283955ada8844f888ed006b541e46d6c24675dfd4aa6b9c2ba34303eefda9d5,2021-07,Hertfordshire Constabulary,Hertfordshire Constabulary,-0.057700,51.699031,On or near WARRENFIELD CLOSE,E01023293,Broxbourne 011A,Suspect charged
c1d9111b8363a10e3afa81c626988cb1f4d32d7c38ddcc74dd5094f89a3570c7,2021-07,Hertfordshire Constabulary,Hertfordshire Constabulary,-0.022849,51.721713,On or near SHIRE CLOSE,E01023342,Broxbourne 005C,Unable to prosecute suspect
a2feb8a695ba0f86d1e39cad8b83ea986a3ba8c7e21b85d0a6b388465cb670a1,2021-07,Hertfordshire Constabulary,Hertfordshire Constabulary,-0.376287,51.663969,On or near SCOTTSWOOD CLOSE,E01023552,Hertsmere 008A,Unable to prosecute suspect
d393b5e87e847d33d126bfe8e8c525b55966756d62706ed8fc45dbac92be0505,2021-07,Hertfordshire Constabulary,Hertfordshire Constabulary,-0.245957,51.759920,On or near ASHBURY CLOSE,E01023938,Welwyn Hatfield 010D,Unable to prosecute suspect
4cd91d81f01c059eb064e6e9c3f6181ae5d6405e4c5b2ebbf9015325525bc7d9,2021-07,Hertfordshire Constabulary,Hertfordshire Constabulary,-0.462120,51.747148,On or near PINEWOOD GARDENS,E01023387,Dacorum 019B,Suspect charged
46d44994b8c91b56e5a6516ad4ac3e90436fa07b100304d4ee22c7ae38546273,2021-07,Hertfordshire Constabulary,Hertfordshire Constabulary,-0.269151,51.954174,On or near Petrol Station,E01023602,North Hertfordshire 010B,Investigation complete; no suspect identified
7e65dc08ad89e464cdb0883a47ecbc82b763b3d2a9c157f561639d25f3df22be,2021-07,Hertfordshire Constabulary,Hertfordshire Constabulary,-0.181452,51.984458,On or near LIMEKILN LANE,E01023591,North Hertfordshire 004E,Investigation complete; no suspect identified
05796058bbf06eedf7dbdb4f3c05c6171c8bf96d58688e51d47f5fd18678f563,2021-07,Hertfordshire Constabulary,Hertfordshire Constabulary,-0.354186,51.815634,On or near VAUGHAN ROAD,E01023701,St Albans 003C,Investigation complete; no suspect identified
ca9e1cb6699ec3b0204ae80bbaacd98dee5d6713a3432e1f3312a288b1f61748,2021-07,Hertfordshire Constabulary,Hertfordshire Constabulary,-0.390789,51.658701,On or near OTTOMAN TERRACE,E01023859,Watford 009A,Unable to prosecute suspect
839df42ef0c67b08dc8d0a45106db2c3ff281696b2cb427ccaeccf5a0ac1a687,2021-07,Hertfordshire Constabulary,Hertfordshire Constabulary,-0.368978,51.664164,On or near HEATHER RISE,E01023555,Hertsmere 008D,Unable to prosecute suspect
8779bc6071c6f01018abcb20ca5c274ea823a011c9e0f948a2375d86989d5ac9,2021-07,Hertfordshire Constabulary,Hertfordshire Constabulary,-0.382035,51.647512,On or near THE LARCHES,E01023884,Watford 012C,Suspect charged
d35075beb69819e0f299cc6338fd8293d575c66924192d70c49c239a166ef396,2021-07,Hertfordshire Constabulary,Hertfordshire Constabulary,-0.196920,51.905298,On or near Pedestrian Subway,E01023758,Stevenage 008D,Unable to prosecute suspect
80551f3dd5e8bc5522f8027f495a0beac537bce5d72b84e8b13e0dd776fc278d,2021-07,Hertfordshire Constabulary,Hertfordshire Constabulary,-0.413916,51.675822,On or near TUNNEL WOOD CLOSE,E01023878,Watford 007A,Investigation complete; no suspect identified
247ca44d2c0f3f98adcdcde383ef643e43e3891af93e50b7cfb388bffecf0a9b,2021-07,Hertfordshire Constabulary,Hertfordshire Constabulary,-0.320617,51.767179,On or near CHALKDELL FIELDS,E01023714,St Albans 010B,Investigation complete; no suspect identified
e11a134855fdc79134cb557301d77b7386dd0f059344a6355e4589062d6973d7,2021-07,Hertfordshire Constabulary,Hertfordshire Constabulary,-0.208263,51.801029,On or near Supermarket,E01023918,Welwyn Hatfield 006C,Investigation complete; no suspect identified
fbe7994df561a9a3146ae36d5146c6f52bf6ffe87474097004b19e4c9ac0fe00,2021-07,Hertfordshire Constabulary,Hertfordshire Constabulary,-0.281730,51.664521,On or near CATTERICK WAY,E01023531,Hertsmere 007C,Unable to prosecute suspect
e45d2d0bb99e9dd69c58c0901b020144a09e8ddeda10112762675b1b982335f2,2021-07,Hertfordshire Constabulary,Hertfordshire Constabulary,-0.025405,51.705579,On or near DELAMARE ROAD,E01023299,Broxbourne 010C,Investigation complete; no suspect identified
d5772bbd1fe1b854c6368b5bd9947f655270114cd840744a9a2e2f476e552382,2021-07,Hertfordshire Constabulary,Hertfordshire Constabulary,-0.332065,51.679076,On or near KENDALS CLOSE,E01023527,Hertsmere 005E,Unable to prosecute suspect
7fe2c9326148995ba864622df66a830a1fac9fcf73a9967d49326cbda5223303,2021-07,Hertfordshire Constabulary,Hertfordshire Constabulary,-0.164497,51.906145,On or near SIDDONS ROAD,E01023760,Stevenage 007B,Unable to prosecute suspect
5f66e4ce4c7f23287e8863cb38e479c80b5dfca4d0cf586c55cd176cce495083,2021-07,Hertfordshire Constabulary,Hertfordshire Constabulary,-0.241763,51.764551,On or near Bus/Coach Station,E01033308,Welwyn Hatfield 010E,Investigation complete; no suspect identified
ffc4e834acb407da7e495a0cb2d4efb4402b52186d8f6bf875660eae46e432c0,2021-07,Hertfordshire Constabulary,Hertfordshire Constabulary,-0.349243,51.722157,On or near GROVEBURY GARDENS,E01023718,St Albans 019A,Investigation complete; no suspect identified
da3b45567c9048c3ccc5f38fc02947e0ce1d2ecc260e9e73ee92580d2dd1c579,2021-07,Hertfordshire Constabulary,Hertfordshire Constabulary,-0.237490,51.988151,On or near KITE WAY,E01023637,North Hertfordshire 003C,Formal action is not in the public interest
8b835842861724bfc72d32b7d7f67caea8e30551208286499f2d86769afb4286,2021-07,Hertfordshire Constabulary,Hertfordshire Constabulary,-0.041100,51.708449,On or near CHURCH LANE,E01023303,Broxbourne 008B,Investigation complete; no suspect identified
14646b171c77e5b3c3af2beb15e89c2fdc23cef0568464c9f62daea9bf1e0a06,2021-07,Hertfordshire Constabulary,Hertfordshire Constabulary,-0.452320,51.731248,On or near NASH GREEN,E01023414,Dacorum 020E,Suspect charged
d418c116ccf5f4b3342d4732cd56ea630a6933effbb6af7012b36e26d92e9209,2021-07,Hertfordshire Constabulary,Hertfordshire Constabulary,-0.186063,51.984943,On or near Supermarket,E01023592,North Hertfordshire 004F,Local resolution
2064dd7461e4952f7e81e7d5b47b14bb64fea1ba7e7dce31fc464f6d8925cb22,2021-07,Hertfordshire Constabulary,Hertfordshire Constabulary,-0.236992,51.978595,On or near CHAGNY CLOSE,E01023649,North Hertfordshire 007A,Unable to prosecute suspect
1805bb9da1774c0aa5b4bc76219cd54264ec6c9584be984c67b0bc9cb77511c4,2021-07,Hertfordshire Constabulary,Hertfordshire Constabulary,-0.341728,51.634298,On or near HIGH ROAD,E01023550,Hertsmere 013C,Unable to prosecute suspect
502489279c5fa9411bf8d47aaced206554512d99e2836b01a7baaec35baa8eaf,2021-07,Hertfordshire Constabulary,Hertfordshire Constabulary,-0.235975,51.773267,On or near HOLME ROAD,E01033310,Welwyn Hatfield 002E,Unable to prosecute suspect
63e718289d74590a911db877885e30d5e14d71377a656e250903bb28af5c8f24,2021-07,Hertfordshire Constabulary,Hertfordshire Constabulary,-0.382697,51.657358,On or near Further/Higher Educational Building,E01023554,Hertsmere 008C,Suspect charged
f2c410cc1b130d88c35f6f91465bc89cf3c8a533498f35896c1731d194fcde27,2021-07,Hertfordshire Constabulary,Hertfordshire Constabulary,-0.471424,51.749149,On or near Shopping Area,E01023398,Dacorum 015D,Investigation complete; no suspect identified
40458ea0ba7b6f0a78fe673516ea40a362599eb5a426be2e8b25be48f350b3c0,2021-07,Hertfordshire Constabulary,Hertfordshire Constabulary,-0.198623,51.701133,On or near OAKFIELD CLOSE,E01023579,Hertsmere 001D,Investigation complete; no suspect identified
2214b55f58e66868ecbfabfdaf17f9932536ab41f264a0b11b274d967d098e97,2021-07,Hertfordshire Constabulary,Hertfordshire Constabulary,-0.167277,51.922482,On or near BIRDWING WALK,E01023789,Stevenage 001C,Investigation complete; no suspect identified
1ae1cd424188d876521af0d872aaf213966854e69f629d8b304b0434f036c646,2021-07,Hertfordshire Constabulary,Hertfordshire Constabulary,-0.279391,51.653354,On or near Parking Area,E01023539,Hertsmere 011A,Investigation complete; no suspect identified
e49df66775e7e573c3fb54bd7f91d299b67dfcb5cf362411bcaab9cddbe2d09c,2021-07,Hertfordshire Constabulary,Hertfordshire Constabulary,-0.366532,51.650157,On or near FINCH LANE,E01023562,Hertsmere 012E,Suspect charged
3d48f6254f0e6768bd72df9460010d05f66fbc55159fd5a8acd138532ffe3768,2021-07,Hertfordshire Constabulary,Hertfordshire Constabulary,-0.405429,51.647742,On or near WILLOW LANE,E01023901,Watford 010C,Suspect charged
b0c7434753329d38db8c1c0bf2871b835203ce8d6a13efb6bfc03e87e1f773bf,2021-07,Hertfordshire Constabulary,Hertfordshire Constabulary,-0.168950,51.892457,On or near Supermarket,E01023793,Stevenage 010C,Unable to prosecute suspect
6a2feb33e15160eb300f554604cff2f9c115c346ba73e9aa8c0cac7ed977b385,2021-07,Hertfordshire Constabulary,Hertfordshire Constabulary,-0.499728,51.756248,On or near VARNEY CLOSE,E01023385,Dacorum 016C,Unable to prosecute suspect
6442387cb5d10c7566cd410b2f980139a95dc803c0b817c237b01dab8889cc8c,2021-07,Hertfordshire Constabulary,Hertfordshire Constabulary,-0.210640,51.971921,On or near GOLDON,E01023643,North Hertfordshire 009E,Unable to prosecute suspect
4a0c8f8aef5fd3cfb4f187cb6947bfaf5977aee7af1ed25bb3bcf9693059e2ab,2021-07,Hertfordshire Constabulary,Hertfordshire Constabulary,-0.168950,51.892457,On or near Supermarket,E01023793,Stevenage 010C,Investigation complete; no suspect identified
bb0e5c0e749c6ac0f84c755eb697e0af17854e6534a8f96962f9896d5e7cd626,2021-07,Hertfordshire Constabulary,Hertfordshire Constabulary,-0.237330,51.934729,On or near GRIMSTONE ROAD,E01023600,North Hertfordshire 005F,Investigation complete; no suspect identified
1dadcb65265a1cafa50db57e9a09c727fd2547cea22eca1ff0ddfa97ff7e759a,2021-07,Hertfordshire Constabulary,Hertfordshire Constabulary,-0.072935,51.798835,On or near RAILWAY STREET,E01023478,East Hertfordshire 017D,Unable to prosecute suspect
40c4dc1f975d40ef9f19f5b3ad88630d7d3d49abdb4b11fd8318801600ffb784,2021-07,Hertfordshire Constabulary,Hertfordshire Constabulary,-0.494891,51.756591,On or near LONG CHAULDEN,E01023429,Dacorum 011D,Local resolution
3c2f4f6e11800ba9d68fc59f5d32e9e522c9b76e57ca088fddec68891ab107cb,2021-07,Hertfordshire Constabulary,Hertfordshire Constabulary,-0.098142,51.926933,On or near SCHOOL LANE,E01023508,East Hertfordshire 002D,Suspect charged
be2b371bfd5c402c90bd1fd66f563f07094d34164d5b71257f97b5df05691000,2021-07,Hertfordshire Constabulary,Hertfordshire Constabulary,-0.525924,51.646214,On or near LAWFORD AVENUE,E01023815,Three Rivers 005A,Unable to prosecute suspect
80479aa78537466e3dc863a224a113592da2bef6c7e642dda4c7906cb1c834dc,2021-07,Hertfordshire Constabulary,Hertfordshire Constabulary,-0.016823,51.762140,On or near LANGTON ROAD,E01023323,Broxbourne 003D,Unable to prosecute suspect
a247d8fad6856d019760961134da56df5bc7c48e0a3e205559242fc7666d325f,2021-07,Hertfordshire Constabulary,Hertfordshire Constabulary,-0.427348,51.755644,On or near Petrol Station,E01023409,Dacorum 017A,Unable to prosecute suspect
17bec2149ab6949abbf839eb05a997f76aaf0b9d42287e1fd7e9cfe263ab123d,2021-07,Hertfordshire Constabulary,Hertfordshire Constabulary,-0.048465,51.801273,On or near HAMELS DRIVE,E01023484,East Hertfordshire 016C,Unable to prosecute suspect
e311bea38872d30a7d5720ea1d88a7c48b99d515c83e6fc72c3db7491d6cb7cb,2021-07,Hertfordshire Constabulary,Hertfordshire Constabulary,-0.008800,51.871602,On or near RIGERY LANE,E01023507,East Hertfordshire 006C,Suspect charged
a56ee9320912f5477041fe9dd1cf2abd1c89585a8b028c4dd61e740d95065d51,2021-07,Hertfordshire Constabulary,Hertfordshire Constabulary,-0.048548,51.708942,On or near Supermarket,E01023295,Broxbourne 011C,Unable to prosecute suspect
a31fe18c5ff1e6187b701c71c2516dcd970a7cc4ef2343248d920b03470f7036,2021-07,Hertfordshire Constabulary,Hertfordshire Constabulary,-0.037445,51.718001,On or near Supermarket,E01023305,Broxbourne 008D,Investigation complete; no suspect identified
692957656d853357623808a55522faf94a287cc39b3edf8f794d1660269b06cc,2021-07,Hertfordshire Constabulary,Hertfordshire Constabulary,-0.349083,51.760343,On or near LADIES GROVE,E01023669,St Albans 009A,Suspect charged
c8505e16f06ee8c9d5d4f09d34403e4da3296caa770069759f0e4333174abe29,2021-07,Hertfordshire Constabulary,Hertfordshire Constabulary,-0.471139,52.139720,On or near ADELAIDE SQUARE,E01017502,Bedford 010F,Unable to prosecute suspect
aa017538880b7d9a2bd9e052305fb2df4183bf6a3ac4f6e072534c372d92b01b,2021-07,Hertfordshire Constabulary,Hertfordshire Constabulary,-0.241168,51.770162,On or near GYPSY MOTH AVENUE,E01033314,Welwyn Hatfield 010G,Investigation complete; no suspect identified
b93a43720e1afd9ce764d3be1539707b4ed0fefe2b0c3b71447b27bd3b9cf9f1,2021-07,Hertfordshire Constabulary,Hertfordshire Constabulary,-0.077292,51.798016,On or near BIRCHERLEY STREET,E01023478,East Hertfordshire 017D,Unable to prosecute suspect
795a732e280b9d245bf30be250b9d306a2cb589dab56a076964926fe2087d0c1,2021-07,Hertfordshire Constabulary,Hertfordshire Constabulary,-0.169992,51.690160,On or near PARK AVENUE,E01023574,Hertsmere 003D,Unable to prosecute suspect
54c63a49ba66716144b4286f5c023b86801ca331f4c63cfbbb17a9044d36a7cb,2021-07,Hertfordshire Constabulary,Hertfordshire Constabulary,-0.237248,51.749134,On or near HERNESHAW,E01023937,Welwyn Hatfield 013E,Offender given a caution
13023bccb0130bbe05f23caea954305ee504b6fc3a46cdeb06e9eb00837781fa,2021-07,Hertfordshire Constabulary,Hertfordshire Constabulary,-0.460593,51.759681,On or near BOHEMIA,E01023403,Dacorum 008C,Investigation complete; no suspect identified
33a8980e64a47d4aaaa34170f503b349c3f6d78c2d6ad82e95b428c28a672a06,2021-07,Hertfordshire Constabulary,Hertfordshire Constabulary,-0.451221,51.763406,On or near LARCHWOOD ROAD,E01023346,Dacorum 013B,Suspect charged
1d0215cbea00f12dbab47910fd13980cf24ce0262a7a6cd7ec7aee1424f170a3,2021-07,Hertfordshire Constabulary,Hertfordshire Constabulary,-0.591965,51.770598,On or near HIGH STREET,E01023417,Dacorum 006D,Suspect charged
f0a16b9f081bb2a8cb3aaf9a77a2135874f4de2788fa9f59d7eebc7d36f0c656,2021-07,Hertfordshire Constabulary,Hertfordshire Constabulary,-0.402976,51.691607,On or near Pedestrian Subway,E01023906,Watford 001C,Investigation complete; no suspect identified
cfa975e9ae64ed9f380d18a6fdd8710c232121db5525914a639c164de255152d,2021-07,Hertfordshire Constabulary,Hertfordshire Constabulary,-0.202295,51.914498,On or near WALKERN ROAD,E01023777,Stevenage 002B,Investigation complete; no suspect identified
b96d851bfd12498fa228037cd80f062d432b4d50588662beb4132c2b320dcc2c,2021-07,Hertfordshire Constabulary,Hertfordshire Constabulary,-0.354720,51.743590,On or near CARDINAL GROVE,E01023743,St Albans 014B,Unable to prosecute suspect
5c4d601f8409eb3ab95246608f5cbcabbcb5bdd3769e7943beb6be82aca266b7,2021-07,Hertfordshire Constabulary,Hertfordshire Constabulary,-0.582377,51.765762,On or near COOMBE GARDENS,E01023369,Dacorum 012A,Action to be taken by another organisation
5da5aefeb885cf983ec07a12ba33a116e81eb8a63194d2d54447f72026ed1883,2021-07,Hertfordshire Constabulary,Hertfordshire Constabulary,-0.650967,51.801673,On or near BEACON WAY,E01023421,Dacorum 004B,Action to be taken by another organisation
c09f23aaad772128e243deab07942b0f75ef7b9f3f78592df0a24229a4d570e0,2021-07,Hertfordshire Constabulary,Hertfordshire Constabulary,-0.177843,51.892127,On or near LOWER SEAN,E01023791,Stevenage 010A,Unable to prosecute suspect
893e025657cbea629107fb977090d73b176365b249a428c12a0e583c78fc0c1b,2021-07,Hertfordshire Constabulary,Hertfordshire Constabulary,-0.130203,51.754413,On or near ORCHARD CLOSE,E01023486,East Hertfordshire 010B,Unable to prosecute suspect
94678d0d12fbd8f13e678368d300f45046d74cdf66ef0d905a9806250545567d,2021-07,Hertfordshire Constabulary,Hertfordshire Constabulary,-0.340262,51.632883,On or near Petrol Station,E01023550,Hertsmere 013C,Investigation complete; no suspect identified
4e7400606969f142a01157b8604ad99ad7175520f5767b0f7d453965e44c7c5d,2021-07,Hertfordshire Constabulary,Hertfordshire Constabulary,-0.387369,51.625096,On or near CLITHEROE GARDENS,E01023843,Three Rivers 012C,Unable to prosecute suspect
bb5c51023c2baba0ae507d381c3d4f214e9fc2db6c7e5175631afe24ee6dc711,2021-07,Hertfordshire Constabulary,Hertfordshire Constabulary,-0.412796,51.706200,On or near TIBBS HILL ROAD,E01023804,Three Rivers 001C,Unable to prosecute suspect
df63d037563fecc53cb0ed90c7eaf2d4941f016fea4674d1fb1d42465c1f8c49,2021-07,Hertfordshire Constabulary,Hertfordshire Constabulary,-0.336601,51.641311,On or near TATE GARDENS,E01023551,Hertsmere 013D,Suspect charged
2f701a4862043711f080226aeef81938bb556be92905482f3e1bfac14404bd9d,2021-07,Hertfordshire Constabulary,Hertfordshire Constabulary,-0.180722,51.799554,On or near HALL BARNS,E01023944,Welwyn Hatfield 008B,Investigation complete; no suspect identified
46369e84f1131658099b54de353d0a6833e51e9ca2c21407a547a85656fb13bf,2021-07,Hertfordshire Constabulary,Hertfordshire Constabulary,-0.033231,51.699343,On or near Parking Area,E01023300,Broxbourne 010D,Unable to prosecute suspect
d28668ee17e0dadce7d42af3fd240d68a1a4cf1220c7e107b782185c926a4406,2021-07,Hertfordshire Constabulary,Hertfordshire Constabulary,-0.194408,51.799316,On or near RAVENFIELD ROAD,E01023954,Welwyn Hatfield 007A,Local resolution
3d2b874d635828c0371eaea16959b3070e41c981de6f72a1caa5c69df6a378bc,2021-07,Hertfordshire Constabulary,Hertfordshire Constabulary,-0.364564,51.664669,On or near HARTSWOOD CLOSE,E01023555,Hertsmere 008D,Investigation complete; no suspect identified
f0f8d0b1577c229bf9c7f2f5b9a22022bde684dbdd5576cc38139c1a2b882bd8,2021-07,Hertfordshire Constabulary,Hertfordshire Constabulary,-0.407352,51.680283,On or near Sports/Recreation Area,E01023870,Watford 004C,Investigation complete; no suspect identified
9a8efb4887c14910bb9bdf25b4db85555b24248d7f4bed379d234740c63d2751,2021-07,Hertfordshire Constabulary,Hertfordshire Constabulary,-0.220417,51.776333,On or near Supermarket,E01033311,Welwyn Hatfield 010F,Investigation complete; no suspect identified
08338853d2f642add9024728b9df3ef31e66f5d5dbcf736ac0b8397e8b35505e,2021-07,Hertfordshire Constabulary,Hertfordshire Constabulary,-0.460219,51.774063,On or near CLAYMORE,E01023396,Dacorum 007D,Investigation complete; no suspect identified
1ea86de04c095c781df81bcd60e56523d4752205cc47d40823bd0db8e6cc7707,2021-07,Hertfordshire Constabulary,Hertfordshire Constabulary,-0.349323,51.741832,On or near ST STEPHEN'S HILL,E01023743,St Albans 014B,Suspect charged
a1325b63ec72b8c9ac31025574f8df7f02af446d0a250cb1c6ef00b7e13a07ee,2021-07,Hertfordshire Constabulary,Hertfordshire Constabulary,-0.197102,51.914571,On or near ELLIS AVENUE,E01023778,Stevenage 002C,Unable to prosecute suspect
4198a86c596f7623a0315bc76d6ef09554b1161005332c6efcef1ab8acc7db1e,2021-07,Hertfordshire Constabulary,Hertfordshire Constabulary,-0.191161,51.696270,On or near Parking Area,E01023577,Hertsmere 001B,Investigation complete; no suspect identified
7e5c32c7e40a872e40889e6f4b63e0af83212515b9cb7143bebac0e2d2c4b86c,2021-07,Hertfordshire Constabulary,Hertfordshire Constabulary,-0.348415,51.757996,On or near TANNERS CLOSE,E01023669,St Albans 009A,Unable to prosecute suspect
a291e740b91fe4cfee4755f277ce637e5210044940c3eea93987f107228679fa,2021-07,Hertfordshire Constabulary,Hertfordshire Constabulary,-0.460973,51.747628,On or near YORK WAY,E01023387,Dacorum 019B,Unable to prosecute suspect
e42848c18e187339f70ed4767cf2f12d454e1d7ce4dc6406462076c393f47040,2021-07,Hertfordshire Constabulary,Hertfordshire Constabulary,-0.246361,51.981414,On or near HALL MEAD,E01023650,North Hertfordshire 007B,Unable to prosecute suspect
0e72b6d8a4247564e2d8fea267c80b20e5fc04f539510dc92a7df379aead01eb,2021-07,Hertfordshire Constabulary,Hertfordshire Constabulary,-0.432313,51.724410,On or near HYDE LANE,E01023807,Three Rivers 001D,Investigation complete; no suspect identified
641c938e4a3edce4beb925d28bb411c30e345dc4da48c81cce23c599eaf7dd85,2021-07,Hertfordshire Constabulary,Hertfordshire Constabulary,-0.033120,51.704890,On or near HANBURY CLOSE,E01023298,Broxbourne 010B,Investigation complete; no suspect identified
fe38d5693858702e6895e769f3161a9719691f4e370da1a558d4245f33fb210b,2021-07,Hertfordshire Constabulary,Hertfordshire Constabulary,-0.340262,51.632883,On or near Petrol Station,E01023550,Hertsmere 013C,Investigation complete; no suspect identified
9facf33ee8fbbe6911f2a4d3e0eb85056485bc705aa490f1d7a26d33f945dbb8,2021-07,Hertfordshire Constabulary,Hertfordshire Constabulary,-0.241235,51.763599,On or near Supermarket,E01033308,Welwyn Hatfield 010E,Investigation complete; no suspect identified
a578e8b673251e39615da754c841baa5f98edf70f9c5d2ec8cb1135fc26a8a63,2021-07,Hertfordshire Constabulary,Hertfordshire Constabulary,-0.211912,51.924230,On or near Hospital,E01023800,Stevenage 002E,Unable to prosecute suspect
06804d41eb696106d4f1e72a7d42e92ffddd139b13d1c2c4021c7a552cb1f5de,2021-07,Hertfordshire Constabulary,Hertfordshire Constabulary,-0.317659,51.763693,On or near CHARMOUTH COURT,E01023714,St Albans 010B,Investigation complete; no suspect identified
503b4043f8cb5fd24a53f607f557ef532569c390c2f091238e0e5c37d80b447b,2021-07,Hertfordshire Constabulary,Hertfordshire Constabulary,-0.342282,51.730017,On or near WATLING STREET,E01023718,St Albans 019A,Investigation complete; no suspect identified
9dea66fed0a175859fd8157fd0056031a5974ad47b8677758d35f03470becf24,2021-07,Hertfordshire Constabulary,Hertfordshire Constabulary,-0.459877,51.734719,On or near EVANS WHARF,E01033022,Dacorum 018G,Unable to prosecute suspect
bba8234eae395ab5df670441771650027cdea9be3b31dcdcc7897061e9d3749b,2021-07,Hertfordshire Constabulary,Hertfordshire Constabulary,-0.104545,51.804538,On or near Pedestrian Subway,E01023488,East Hertfordshire 015B,Unable to prosecute suspect
b861b490ba0fceefff5243044b4a38618ca5ce29a049a84387e20a39fd97e1be,2021-07,Hertfordshire Constabulary,Hertfordshire Constabulary,0.001181,51.688160,On or near CROOKED MILE,E01021812,Epping Forest 009B,Suspect charged
3b3800eba3add93ddb1474e69b5c84ed8538dfe285e72d827ee4793665c7326c,2021-07,Hertfordshire Constabulary,Hertfordshire Constabulary,-0.275182,51.661403,On or near CANTERBURY ROAD,E01023530,Hertsmere 007B,Suspect charged
ae5638ab1095f41a1898eaa0e278867b0801862a28fe34b2ced07820c943622e,2021-07,Hertfordshire Constabulary,Hertfordshire Constabulary,-0.464573,51.738449,On or near EBBERNS ROAD,E01033023,Dacorum 018H,Suspect charged
bef753d7c60005d9f4efebab4123746d295d490eb6d13906f7df77b173b873bd,2021-07,Hertfordshire Constabulary,Hertfordshire Constabulary,-0.394437,51.656108,On or near Parking Area,E01023860,Watford 009B,Investigation complete; no suspect identified
1844c4f65e857a43fd54c4c0a38d5bfd5582fc67a11228e7553b03bf9cdaf669,2021-07,Hertfordshire Constabulary,Hertfordshire Constabulary,0.068772,51.847521,On or near WALNUT CLOSE,E01023497,East Hertfordshire 009D,Local resolution
fe5a9900566371fa65d8eb4786bccaa77b7181b9a8bfea89e797e4421be66cca,2021-07,Hertfordshire Constabulary,Hertfordshire Constabulary,-0.302503,51.769436,On or near TEWIN CLOSE,E01023711,St Albans 008C,Investigation complete; no suspect identified
856bf19663b04a4aa1abbe29ba9718793a339d1a4a4dfd6cd862862deae6c794,2021-07,Hertfordshire Constabulary,Hertfordshire Constabulary,-0.247430,51.764905,On or near ERRINGTON CLOSE,E01033308,Welwyn Hatfield 010E,Suspect charged
05c641f7ab1a660d9630c5c74b1100b7793299b2a11463541f3b407877974a28,2021-07,Hertfordshire Constabulary,Hertfordshire Constabulary,-0.013689,51.814692,On or near COZENS ROAD,E01023513,East Hertfordshire 012B,Unable to prosecute suspect
524e8a6eb5eb1786dd6596922ac3f250ade4e22da8c0be1b37b33353b3b33aca,2021-07,Hertfordshire Constabulary,Hertfordshire Constabulary,-0.450425,51.733741,On or near MEADOW ROAD,E01023414,Dacorum 020E,Unable to prosecute suspect
b8045b0da8dc95f8af63df9028abd270d45b72dbd52a8b24b9ff7f7550fb2414,2021-07,Hertfordshire Constabulary,Hertfordshire Constabulary,-0.200649,51.900023,On or near SOUTHGATE,E01023758,Stevenage 008D,Unable to prosecute suspect
cad37d1f15252f115ad50883211f5b7578dc831a0eb17ba6bf3ed01227f4114d,2021-07,Hertfordshire Constabulary,Hertfordshire Constabulary,-0.269599,51.940648,On or near Petrol Station,E01023606,North Hertfordshire 013A,Unable to prosecute suspect
45c064a2463cede0d7a34ae0c508907f2e80be66b5ffd95ce5b3faffc5282187,2021-07,Hertfordshire Constabulary,Hertfordshire Constabulary,-0.578275,51.770865,On or near SAYERS GARDENS,E01023363,Dacorum 009C,Investigation complete; no suspect identified
02aa90fa933955ec1386ea692e1f3531addefa2de556f4a3c24577f0d63cf59c,2021-07,Hertfordshire Constabulary,Hertfordshire Constabulary,-0.218783,51.768144,On or near CECIL CRESCENT,E01023930,Welwyn Hatfield 010B,Unable to prosecute suspect
70b273ecc18843d79fc1d53a54c51c1c2b361e2b26b6af59b380334b28ab866b,2021-07,Hertfordshire Constabulary,Hertfordshire Constabulary,-0.305078,51.751759,On or near REDWOOD CLOSE,E01023665,St Albans 013B,Investigation complete; no suspect identified
a46db154cb7eb867b29ecc325fbe11e617083e5ea089ca0911c837df904a1b2d,2021-07,Hertfordshire Constabulary,Hertfordshire Constabulary,-0.292327,51.805185,On or near BEECH CRESCENT,E01023746,St Albans 004A,Investigation complete; no suspect identified
e4d60ebf54f80bbc2bee20a36d774ad9d8ca11ea123424c0662a231041463220,2021-07,Hertfordshire Constabulary,Hertfordshire Constabulary,-0.018609,51.684889,On or near QUEEN'S DRIVE,E01023338,Broxbourne 013C,Suspect charged
4cb53e60702f83d41446862c2a0c9c71c813ba758a0fd27310b7b58899ac7ef4,2021-07,Hertfordshire Constabulary,Hertfordshire Constabulary,-0.202790,51.901746,On or near Bus/Coach Station,E01023758,Stevenage 008D,Unable to prosecute suspect
5b60555b7eda2b16b676f24d71155ff0d9e45bb8dba91c6379b631bca9905d7e,2021-07,Hertfordshire Constabulary,Hertfordshire Constabulary,-0.195934,51.910696,On or near RYECROFT,E01023778,Stevenage 002C,Unable to prosecute suspect
a141d8159ef728bc2fa48b34c5ac671b98fbd7ac574568f6c4d16c0f3f4e69c0,2021-07,Hertfordshire Constabulary,Hertfordshire Constabulary,-0.021478,51.727571,On or near MULBERRY CLOSE,E01023343,Broxbourne 005D,Suspect charged
ebea5ca5f7871ec18354d6b25134cfc8d2a52a305e2594d5bbb698e8f4545261,2021-07,Hertfordshire Constabulary,Hertfordshire Constabulary,-0.374593,51.651914,On or near HEATHFIELD ROAD,E01023559,Hertsmere 012B,Suspect charged
d0c274949c72b6d9d0ebf4076db50d5e9f83dbea00eb40dad7c2dcf136da3afb,2021-07,Hertfordshire Constabulary,Hertfordshire Constabulary,-0.398009,51.656903,On or near Shopping Area,E01023861,Watford 009C,Investigation complete; no suspect identified
5a417e04055801deb30f625aeb87cf8bdf62739ac1c0e74a43e852d910c8b3a6,2021-07,Hertfordshire Constabulary,Hertfordshire Constabulary,-0.202790,51.901746,On or near Bus/Coach Station,E01023758,Stevenage 008D,Unable to prosecute suspect
e2532b20d4ca63d3bea24f544cfa3fb7bfc8e5a98c78d7a0d991044d6945c55c,2021-07,Hertfordshire Constabulary,Hertfordshire Constabulary,-0.470828,51.753952,On or near Supermarket,E01023398,Dacorum 015D,Suspect charged
a5a02ada0450e14f58c85ccc777792883d435d711a08abc099d58353c9cf1f4d,2021-07,Hertfordshire Constabulary,Hertfordshire Constabulary,-0.335666,51.749679,On or near KEYFIELD TERRACE,E01023726,St Albans 012A,Local resolution
ec4d5eb525c597c571378cb1373bfab6df71c3adcb7111e31411a4c4b79c254e,2021-07,Hertfordshire Constabulary,Hertfordshire Constabulary,-0.032921,51.684447,On or near HIGH STREET,E01023337,Broxbourne 013B,Investigation complete; no suspect identified
67bfdd6a3ce0a4270ed610aa5ce19276f721d9192b4d3692c8975f76abdfacb6,2021-07,Hertfordshire Constabulary,Hertfordshire Constabulary,-0.404276,51.657923,On or near CASSIO ROAD,E01023888,Watford 008C,Unable to prosecute suspect
56b6b8f21fa79cd123acea170b000b46c4c96a1426aeea6316878e6e760045a8,2021-07,Hertfordshire Constabulary,Hertfordshire Constabulary,-0.236992,51.978595,On or near CHAGNY CLOSE,E01023649,North Hertfordshire 007A,Unable to prosecute suspect
637f8f0eeddab56e9137674f321a44990ec507b90b91567cb894ca7f7e9c8430,2021-07,Hertfordshire Constabulary,Hertfordshire Constabulary,-0.469906,51.758921,On or near HEATHER WAY,E01023399,Dacorum 010C,Suspect charged
91febb04f77c12b81d6ea13716112c7ba4e8b3028fc25e2d203085cc087af79a,2021-07,Hertfordshire Constabulary,Hertfordshire Constabulary,-0.459320,51.834934,On or near WILLIAM STREET,E01023433,Dacorum 001D,Unable to prosecute suspect
90121855ad2a03e92880f1d742c46d61aacb07a829650c9194c0fc2afb310951,2021-07,Hertfordshire Constabulary,Hertfordshire Constabulary,-0.069600,51.796461,On or near Shopping Area,E01023477,East Hertfordshire 017C,Investigation complete; no suspect identified
ad17f3da20f47cc5f9b320feeb5e67b0b28babd5da13d751d3991eb009423e35,2021-07,Hertfordshire Constabulary,Hertfordshire Constabulary,-0.216201,51.913262,On or near MORECAMBE CLOSE,E01023798,Stevenage 005D,Unable to prosecute suspect
92cab9a22eb29a1b795dcc863d5b1e7f646ed988fa0df156052676d37704f277,2021-07,Hertfordshire Constabulary,Hertfordshire Constabulary,-0.203373,51.789031,On or near HITHERBAULK,E01023940,Welwyn Hatfield 009B,Investigation complete; no suspect identified
65fe69507cf97f86ffcf40fe72cba85d1a28f1ff5a7db2d7022140c137536d8f,2021-07,Hertfordshire Constabulary,Hertfordshire Constabulary,-0.058626,51.712571,On or near LEAFORIS ROAD,E01023325,Broxbourne 009C,Unable to prosecute suspect
24dc10e0be12ab9a98ffe44e9aa21de8b146fc3384fd24ea4295635e04dba507,2021-07,Hertfordshire Constabulary,Hertfordshire Constabulary,-0.291704,51.956958,On or near MATTOCKE ROAD,E01023613,North Hertfordshire 012C,Unable to prosecute suspect
cf944c6da93d8e6e4a324c8f2083b0208495daeace334e27e182b64cd26a72af,2021-07,Hertfordshire Constabulary,Hertfordshire Constabulary,-0.152442,51.753029,On or near THE COURTYARD,E01023925,Welwyn Hatfield 011B,Investigation complete; no suspect identified
1ca205a3f3b74d11fb09c2a6d72fa5fc735fca36f87205635321257dc80475e1,2021-07,Hertfordshire Constabulary,Hertfordshire Constabulary,-0.269328,51.655688,On or near Supermarket,E01023541,Hertsmere 011C,Further action is not in the public interest
3327d818d2e9b881ba54b3ac9672d723fc8ee27fe58da8457ec5622ec922fa3c,2021-07,Hertfordshire Constabulary,Hertfordshire Constabulary,-0.225421,51.993941,On or near NORTHFIELDS,E01023635,North Hertfordshire 003A,Suspect charged
37c11354c39eef818f069e209e834793c78166b0979b7a27daa5169621f5ef18,2021-07,Hertfordshire Constabulary,Hertfordshire Constabulary,-0.183486,51.924082,On or near Pedestrian Subway,E01023787,Stevenage 001A,Investigation complete; no suspect identified
89387bb00a4d9752fc5194f40a67293c6cb26fd0bfacc70bc65e10d53ff83635,2021-07,Hertfordshire Constabulary,Hertfordshire Constabulary,-0.215995,51.987018,On or near GLEBE ROAD,E01023632,North Hertfordshire 006C,Investigation complete; no suspect identified
23ccbb9787dc7f06726c21aca23dd556925d38bdc1877bc3c3d00f823e82b877,2021-07,Hertfordshire Constabulary,Hertfordshire Constabulary,-0.272329,51.662683,On or near BROUGHINGE ROAD,E01023538,Hertsmere 006E,Unable to prosecute suspect
ef9f80672e5bace1d971423f452038319d54fdf81c915e310cfebf423099dd84,2021-07,Hertfordshire Constabulary,Hertfordshire Constabulary,,,No location,,,Investigation complete; no suspect identified
47b574f215e3abe3cd2297cd202fd84b4971f1ff7bb9195bff4f514426010ca1,2021-07,Hertfordshire Constabulary,Hertfordshire Constabulary,-0.404472,51.649051,On or near Hospital,E01023902,Watford 010D,Unable to prosecute suspect
fdb929f445e826239120d31f3c8bb00c07ccf0df1389abe6401db18e80561821,2021-07,Hertfordshire Constabulary,Hertfordshire Constabulary,-0.290695,51.958229,On or near FREEMANS CLOSE,E01023611,North Hertfordshire 012A,Unable to prosecute suspect
e9def4f619eff6c6840fdca878d60f310656aebfc97cb083820366eb9e190f3d,2021-07,Hertfordshire Constabulary,Hertfordshire Constabulary,-0.250702,51.953694,On or near MAYLIN CLOSE,E01023620,North Hertfordshire 011D,Unable to prosecute suspect
454417ad3a2e87b2250906bee487735f0da180c73a9c41a895102b607e94f87b,2021-07,Hertfordshire Constabulary,Hertfordshire Constabulary,-0.340262,51.632883,On or near Petrol Station,E01023550,Hertsmere 013C,Investigation complete; no suspect identified
b861b490ba0fceefff5243044b4a38618ca5ce29a049a84387e20a39fd97e1be,2021-07,Hertfordshire Constabulary,Hertfordshire Constabulary,0.001181,51.688160,On or near CROOKED MILE,E01021812,Epping Forest 009B,Suspect charged
eab81ccbb817b9cac8ba74bbf7a179ae6f145cc86b15edb705292a5bde96cb66,2021-07,Hertfordshire Constabulary,Hertfordshire Constabulary,-0.381633,51.703841,On or near Park/Open Space,E01023834,Three Rivers 002E,Investigation complete; no suspect identified
f5b6ba4860ed0125e2166902b94e3f4ea0cbbf2289b43d4d849f8cb40552290e,2021-07,Hertfordshire Constabulary,Hertfordshire Constabulary,-0.201562,51.900459,On or near THE QUADRANT,E01023758,Stevenage 008D,Suspect charged
3bfbeacdc855b49825c113dcb5265c21e4ddb6ed7ca9dcc1815b310efdeca225,2021-07,Hertfordshire Constabulary,Hertfordshire Constabulary,0.006360,51.768589,On or near FISHERMANS WAY,E01023330,Broxbourne 002D,Suspect charged
4d5ea860b07a92b882126b5234c871918243d098f08ffe7071675f453db8318e,2021-07,Hertfordshire Constabulary,Hertfordshire Constabulary,-0.037445,51.718001,On or near Supermarket,E01023305,Broxbourne 008D,Suspect charged
6e736e01fdbb1d824c937f13fe0a8721b9db00f0132bf6af0f25a9da12edb5eb,2021-07,Hertfordshire Constabulary,Hertfordshire Constabulary,-0.521372,51.772726,On or near BROWNS SPRING,E01023355,Dacorum 006A,Unable to prosecute suspect
77cbf9a0bd8c0dbbb95909ddca170cdaf3c5efe7f913c07f1788393857e0c8ee,2021-07,Hertfordshire Constabulary,Hertfordshire Constabulary,-0.226933,51.749878,On or near TRAVELLERS LANE,E01023936,Welwyn Hatfield 013D,Unable to prosecute suspect
b7c9b157b6223861dacf1a18eec8280865f05ba8736ecb4b652d7d6645d749f0,2021-07,Hertfordshire Constabulary,Hertfordshire Constabulary,-0.018609,51.684889,On or near QUEEN'S DRIVE,E01023338,Broxbourne 013C,Suspect charged
2981fcc9a1e9b59927badf784c4d1e429a082780ca322f1592707cf3f37a690f,2021-07,Hertfordshire Constabulary,Hertfordshire Constabulary,-0.030669,51.698671,On or near HOLME CLOSE,E01023300,Broxbourne 010D,Unable to prosecute suspect
992bcb4e7ccdcd057ff2e09c82214628f3dc0d9afd8f483bbbb93c117bac81de,2021-07,Hertfordshire Constabulary,Hertfordshire Constabulary,-0.189747,51.791115,On or near COLE GREEN LANE,E01023939,Welwyn Hatfield 009A,Investigation complete; no suspect identified
4019e6f7fdaeb0fa7a2c74c456be1fd508e0ea286bc7fddda5241533efb27666,2021-07,Hertfordshire Constabulary,Hertfordshire Constabulary,-0.189301,51.902456,On or near BEDWELL PARK,E01023757,Stevenage 008C,Unable to prosecute suspect
f7c00fcd88a65beb11b483effcf761603203a776e99f9988823dce9095c3b967,2021-07,Hertfordshire Constabulary,Hertfordshire Constabulary,-0.241235,51.763599,On or near Supermarket,E01033308,Welwyn Hatfield 010E,Unable to prosecute suspect
e478ca56b822deb49581ca98a5cc9ec292dad1b2c3919adcc7dbce2b8dbb4ee3,2021-07,Hertfordshire Constabulary,Hertfordshire Constabulary,-0.030254,51.721882,On or near MICHIGAN CLOSE,E01023342,Broxbourne 005C,Investigation complete; no suspect identified
751041bc93e14fb1de0c30a8c2b71f617b20472fc0c05c283908aa04080ed820,2021-07,Hertfordshire Constabulary,Hertfordshire Constabulary,-0.392417,51.642088,On or near SEYMOUR GROVE,E01023885,Watford 012D,Unable to prosecute suspect
a83e2a1dee8fca073f9fa4df8871690d77c00b0df76d157b3969a23735159647,2021-07,Hertfordshire Constabulary,Hertfordshire Constabulary,-0.015657,51.947107,On or near RIVERSIDE,E01023466,East Hertfordshire 001D,Unable to prosecute suspect
58b863455b11e22877ebca4e8c24751416f129e2333eda9ab65208c109813f17,2021-07,Hertfordshire Constabulary,Hertfordshire Constabulary,-0.291450,51.665211,On or near BOYCE CLOSE,E01023529,Hertsmere 007A,Unable to prosecute suspect
38c726edfbaee93d11f509ac2906f97b6f902c689aca0233b1af633305fe3d43,2021-07,Hertfordshire Constabulary,Hertfordshire Constabulary,-0.048371,51.820911,On or near GENTLEMENS FIELD,E01023506,East Hertfordshire 006B,Investigation complete; no suspect identified
7b0ca4a35a16f15f75bd45b4528c24d4991e9c95130b874ae8b08bfbf5fb7335,2021-07,Hertfordshire Constabulary,Hertfordshire Constabulary,-0.456228,51.713037,On or near FIVE ACRES,E01023408,Dacorum 022C,Investigation complete; no suspect identified
e311bea38872d30a7d5720ea1d88a7c48b99d515c83e6fc72c3db7491d6cb7cb,2021-07,Hertfordshire Constabulary,Hertfordshire Constabulary,-0.008800,51.871602,On or near RIGERY LANE,E01023507,East Hertfordshire 006C,Suspect charged
fa4cf9ac63d491ba8191d2785be22069fbea49ba1e73f197cf515f0ab2fef2a9,2021-07,Hertfordshire Constabulary,Hertfordshire Constabulary,-0.317068,51.747651,On or near PARK VIEW CLOSE,E01023666,St Albans 011A,Investigation complete; no suspect identified
cc95423952e94b169f312c9894051cdb33a8c9dcea38433a4bfa116b639288f9,2021-07,Hertfordshire Constabulary,Hertfordshire Constabulary,-0.461907,51.835256,On or near SEBRIGHT ROAD,E01023433,Dacorum 001D,Investigation complete; no suspect identified
8a695d26a40444a4f0eea6c6524ab15d008d4f37511113a7ce6faf95dd419150,2021-07,Hertfordshire Constabulary,Hertfordshire Constabulary,-0.056451,51.710970,On or near BRAMPTON CLOSE,E01023325,Broxbourne 009C,Unable to prosecute suspect
118dee31edbcebe8513ce595db9e44eff5867cc0aa67b01aae384f1c7f40fe7e,2021-07,Hertfordshire Constabulary,Hertfordshire Constabulary,-0.193550,51.897279,On or near DENTON ROAD,E01023755,Stevenage 008A,Unable to prosecute suspect
9cbd7a462d9b3a6f4ad3273c9eefc268938e9acb153605921031059b6b271d74,2021-07,Hertfordshire Constabulary,Hertfordshire Constabulary,-0.260504,51.958371,On or near WOOLGROVE ROAD,E01023619,North Hertfordshire 011C,Unable to prosecute suspect
b3409c1d332a5036e5413a7e8636df7a3eda2da6031ec7f4ebf1f3313f4cae91,2021-07,Hertfordshire Constabulary,Hertfordshire Constabulary,-0.235244,51.754841,On or near NINE ACRE LANE,E01023935,Welwyn Hatfield 013C,Unable to prosecute suspect
11445804fc6973e2d58bcf305c169981ca6ec60a8c10a99706128a67196b945b,2021-07,Hertfordshire Constabulary,Hertfordshire Constabulary,-0.022039,51.733956,On or near BURY HOLME,E01023340,Broxbourne 005A,Unable to prosecute suspect
e68f989334bcff081df7b9e3e75904040ab57bb44da854de703db33f0badec40,2021-07,Hertfordshire Constabulary,Hertfordshire Constabulary,-0.387380,51.674489,On or near BUSHEY MILL LANE,E01023896,Watford 005B,Investigation complete; no suspect identified
e9bca4dc067893dae0a9d4c28bc6da550573743d8e149e6a040a16d2f3a0f719,2021-07,Hertfordshire Constabulary,Hertfordshire Constabulary,-0.400129,51.668540,On or near NEVILL GROVE,E01023855,Watford 006A,Unable to prosecute suspect
14b9279ab16a9e3d805c3ce3a4fc944178b41a9eaf25f8f67b8a365aace208f5,2021-07,Hertfordshire Constabulary,Hertfordshire Constabulary,-0.478092,51.648113,On or near WOODBANK,E01023812,Three Rivers 004A,Investigation complete; no suspect identified
b22b4f9250b673a22f7340b52eb5c5418260febbf0ee7aa3f138ef43860eb3a5,2021-07,Hertfordshire Constabulary,Hertfordshire Constabulary,0.160145,51.868827,On or near NAILS LANE,E01023446,East Hertfordshire 007D,Investigation complete; no suspect identified
293eae6734f543e14a5e501ea85fa5245166d97aa9a7501461922801f6bd61b0,2021-07,Hertfordshire Constabulary,Hertfordshire Constabulary,-0.225427,51.687369,On or near BIGNELLS CORNER,E01023584,Hertsmere 004D,Investigation complete; no suspect identified
a234c9e61d7d54fda35a518d742ca010901f8c5cb38185424cb726fb84213dd2,2021-07,Hertfordshire Constabulary,Hertfordshire Constabulary,-0.252428,51.948244,On or near KEATS WAY,E01023621,North Hertfordshire 011E,Investigation complete; no suspect identified
c820486c078fd36e3fb1f74eaf13e455ecbfe797b9a18cb5573657b3d0bc310d,2021-07,Hertfordshire Constabulary,Hertfordshire Constabulary,-0.275182,51.661403,On or near CANTERBURY ROAD,E01023530,Hertsmere 007B,Unable to prosecute suspect
4e37083e5b20deeca3b8a9ab5201a315bc4f267b6a04f498a1c6ed4950505d49,2021-07,Hertfordshire Constabulary,Hertfordshire Constabulary,-0.395602,51.674692,On or near SANDRINGHAM ROAD,E01023857,Watford 006C,Investigation complete; no suspect identified
efb6dd1041a644b0f6ed4532d9a7eef6be4a5a853071e150db90e6e8cc473a98,2021-07,Hertfordshire Constabulary,Hertfordshire Constabulary,-0.398009,51.656903,On or near Shopping Area,E01023861,Watford 009C,Suspect charged
2dbfd197bb25fb5d5c8f1a14c30cfdec54541c2688f829ad749cddb83a84e877,2021-07,Hertfordshire Constabulary,Hertfordshire Constabulary,-0.181048,51.690476,On or near ASHWOOD ROAD,E01023573,Hertsmere 003C,Investigation complete; no suspect identified
81f0aee9bd3fdb403d4c7dbd2bb29716345da64a97f24ee943e2979b219c58a9,2021-07,Hertfordshire Constabulary,Hertfordshire Constabulary,-0.222164,51.762494,On or near GOLDINGS CRESCENT,E01023924,Welwyn Hatfield 011A,Unable to prosecute suspect
7fdad6b83dbd746c23e84b694983aafd9a18c3ef0a8e5fbf5497e6ce034bb411,2021-07,Hertfordshire Constabulary,Hertfordshire Constabulary,-0.259850,51.648345,On or near GRANTHAM GREEN,E01023542,Hertsmere 011D,Action to be taken by another organisation
8f1ca70c4db265690783297838d522d14896939104cda3de234aa8ca825a611a,2021-07,Hertfordshire Constabulary,Hertfordshire Constabulary,-0.452632,51.759001,On or near HOBLETTS ROAD,E01023347,Dacorum 013C,Suspect charged
c3bce578a16222c54cbb6473ac58b0200af51556173bc90c47f5f58b5b3e4b27,2021-07,Hertfordshire Constabulary,Hertfordshire Constabulary,-0.337478,51.813925,On or near THE CLEAVE,E01023686,St Albans 002B,Investigation complete; no suspect identified
7a006499809fb22c91947760c5d97c3e8da506a456d0cfa259d553b62acaaa94,2021-07,Hertfordshire Constabulary,Hertfordshire Constabulary,-0.417860,51.667225,On or near LANGLEY WAY,E01023887,Watford 008B,Suspect charged
a29f1829193679be883087cc3300489acc61347291febee836f6628e7d5ed8f2,2021-07,Hertfordshire Constabulary,Hertfordshire Constabulary,-0.170147,51.899471,On or near COLLENSWOOD ROAD,E01023752,Stevenage 009C,Suspect charged
9597f43588b2dcfc89ddbc5baa92c54ba9a4137aebb3ce01bec8c0ddd3a2b7ae,2021-07,Hertfordshire Constabulary,Hertfordshire Constabulary,-0.195411,51.909591,On or near LANGTHORNE AVENUE,E01023775,Stevenage 006A,Unable to prosecute suspect
1357b56659c2ccee38d8ae5ff0b5b13d1a6a531e8cf313a0093bab3c096fcd2b,2021-07,Hertfordshire Constabulary,Hertfordshire Constabulary,-0.457668,51.772806,On or near Parking Area,E01023393,Dacorum 007A,Investigation complete; no suspect identified
0a5fdf48c46aaea0a4d1ee3c988cc7b520e0695d9c7b2f8b85827501bc65a413,2021-07,Hertfordshire Constabulary,Hertfordshire Constabulary,-0.381910,51.679845,On or near GARSMOUTH WAY,E01023876,Watford 003D,Unable to prosecute suspect
c21e0706f0d1ae47e03a8ffdab26845403d0f6d2597e78aa8b96762852ece3be,2021-07,Hertfordshire Constabulary,Hertfordshire Constabulary,-0.463449,51.757911,On or near DOWNSIDE,E01023401,Dacorum 008A,Investigation complete; no suspect identified
8ba30255abc40484cbfce84e083e25e4d07684b6c16f1f226c390b0018d33c11,2021-07,Hertfordshire Constabulary,Hertfordshire Constabulary,-0.220558,51.902717,On or near BABBAGE ROAD,E01023798,Stevenage 005D,Suspect charged
5ee91088bf9673ed177d7d20169e53b807bd41d061760e757d25945ab583fe73,2021-07,Hertfordshire Constabulary,Hertfordshire Constabulary,-0.343886,51.750289,On or near Sports/Recreation Area,E01023743,St Albans 014B,Investigation complete; no suspect identified
a216a620f216390193827cf3a55e16d2b8c28ba53c22ddd744ede81a71d86e4e,2021-07,Hertfordshire Constabulary,Hertfordshire Constabulary,-0.265889,51.961769,On or near GIRDLE ROAD,E01023605,North Hertfordshire 010E,Suspect charged
0424d1745646febc4669611eddc70cf03edb6356d4271c148ce691c1d593ebbc,2021-07,Hertfordshire Constabulary,Hertfordshire Constabulary,-0.184322,51.787552,On or near THUMBSWOOD,E01023946,Welwyn Hatfield 008D,Unable to prosecute suspect
352fa75d934cc6a8ed4db182c537e394741f54828265f0acdc2c336192b45b4a,2021-07,Hertfordshire Constabulary,Hertfordshire Constabulary,-0.668577,51.791227,On or near WESTERN ROAD,E01023426,Dacorum 002D,Suspect charged
5be8703649d260fb99bfaef2c8659d36d78710a3f3874a6eafdfbaa4ca3d2d84,2021-07,Hertfordshire Constabulary,Hertfordshire Constabulary,-0.124212,51.771384,On or near Park/Open Space,E01023486,East Hertfordshire 010B,Suspect charged
1c55a72c7848d615c9778f9986edc6c0b73d4cdcf08de21d9f90d1718dae178f,2021-07,Hertfordshire Constabulary,Hertfordshire Constabulary,-0.345378,51.738018,On or near VESTA AVENUE,E01023739,St Albans 017C,Unable to prosecute suspect
16cb21211f11e9b13a6c1d92b9b72c4fde917e7237863187dd176e4d07efae44,2021-07,Hertfordshire Constabulary,Hertfordshire Constabulary,-0.224659,51.997733,On or near Sports/Recreation Area,E01023635,North Hertfordshire 003A,Unable to prosecute suspect
4a5a7200d9e2aa66f1a8f39713bedfad7035de90f914c6697fbdd62ce55b952d,2021-07,Hertfordshire Constabulary,Hertfordshire Constabulary,-0.404029,51.696235,On or near HOPE GREEN,E01023906,Watford 001C,Unable to prosecute suspect
2eb78edee89673bf27b8f85462cb86dc9847c5564bb34565665b76d68f69b9b0,2021-07,Hertfordshire Constabulary,Hertfordshire Constabulary,-0.288253,51.968084,On or near RYDER AVENUE,E01023594,North Hertfordshire 014A,Investigation complete; no suspect identified
35a91f257585b5af7e78a6ae1c811d5986cfe86b0734e43996e676855ef5e842,2021-07,Hertfordshire Constabulary,Hertfordshire Constabulary,0.174690,51.865610,On or near Hospital,E01023442,East Hertfordshire 005E,Investigation complete; no suspect identified
d0a47ec94d1dc9065c2556b5df9b3ea13c703a60243b95a0a5b15001da7f0918,2021-07,Hertfordshire Constabulary,Hertfordshire Constabulary,-0.340525,51.751078,On or near HIGH STREET,E01023743,St Albans 014B,Offender given a caution
0fd5499908ba5081f4a56742386442607b29e380cffe12073f4b90f5d7ed55c5,2021-07,Hertfordshire Constabulary,Hertfordshire Constabulary,-0.531629,51.809019,On or near HUDNALL LANE,E01017587,Central Bedfordshire 032D,Unable to prosecute suspect
459efeff9899bde5ae87c6f1c764dc2bb1c6ea6a70c6ec60a771549742c6097a,2021-07,Hertfordshire Constabulary,Hertfordshire Constabulary,-0.449657,51.752793,On or near LONGLANDS,E01023349,Dacorum 015A,Investigation complete; no suspect identified
3ac0d99cca351411730088a0fb0de43fbfbc5316998b71b04d8aef57a098aaad,2021-07,Hertfordshire Constabulary,Hertfordshire Constabulary,-0.086000,51.798554,On or near GARRETTS CLOSE,E01023470,East Hertfordshire 014A,Investigation complete; no suspect identified
f6042166469c903c317e42c1c7eb9d369c0a8b484df9d0c9e73ecf7217fd2b0f,2021-07,Hertfordshire Constabulary,Hertfordshire Constabulary,-0.469988,51.755209,On or near ALEXANDRA ROAD,E01023400,Dacorum 015E,Unable to prosecute suspect
78fc102cc7264c0493f950a13fe30ff7a278c9977ed5eaacc569049f61befdad,2021-07,Hertfordshire Constabulary,Hertfordshire Constabulary,-0.026681,51.688901,On or near EASTERN AVENUE,E01023336,Broxbourne 013A,Investigation complete; no suspect identified
f2d3b6e4208957c264843f7f56dc0bd2bec3ee3c5b3d8c236e8e212642a553dc,2021-07,Hertfordshire Constabulary,Hertfordshire Constabulary,-0.288939,51.955434,On or near SOUTH PLACE,E01023613,North Hertfordshire 012C,Unable to prosecute suspect
a16c7095ed730a57dece5b43460da113bcee87caeea1677500436e62c15fa904,2021-07,Hertfordshire Constabulary,Hertfordshire Constabulary,-0.015110,51.762201,On or near BROOKSIDE,E01023323,Broxbourne 003D,Investigation complete; no suspect identified
8aba01e1f60721197fb94b415cb25251095440ba7f48b8edd4c89f11121020ed,2021-07,Hertfordshire Constabulary,Hertfordshire Constabulary,-0.313447,51.743346,On or near ALDWICK,E01023683,St Albans 016C,Investigation complete; no suspect identified
7da7252763a3a74124a63708241f080a7b78df421f94bdbf28753a4d3eeaae77,2021-07,Hertfordshire Constabulary,Hertfordshire Constabulary,-0.027151,51.804442,On or near GILPIN ROAD,E01023511,East Hertfordshire 013B,Unable to prosecute suspect
8bd326cf093870fe2ea53df2c831213c3aab152c8fa5706c63ed46cff3dc48f8,2021-07,Hertfordshire Constabulary,Hertfordshire Constabulary,-0.024931,51.686561,On or near BRYANSTONE ROAD,E01023338,Broxbourne 013C,Investigation complete; no suspect identified
3e9ed8ddea5ae33b1df43c28bea3a7a5fecbf55779ac7ed2bb4b93fe30360d3b,2021-07,Hertfordshire Constabulary,Hertfordshire Constabulary,-0.241235,51.763599,On or near Supermarket,E01033308,Welwyn Hatfield 010E,Investigation complete; no suspect identified
0cb40d3e06ac74195fa0ec1e64f18ff013469ef977910ca9cd4d6de6dd9983e4,2021-07,Hertfordshire Constabulary,Hertfordshire Constabulary,-0.022691,51.729309,On or near MACER'S LANE,E01023343,Broxbourne 005D,Investigation complete; no suspect identified
8f6bbd035a506fee589306b3baf2177914fa9d380d5c12bf362fca583b295698,2021-07,Hertfordshire Constabulary,Hertfordshire Constabulary,-0.166813,51.923536,On or near CARTWRIGHT ROAD,E01023789,Stevenage 001C,Unable to prosecute suspect
f88c83b4869cb16a5e2e0f1e46296078c7f0e371984855b2844c68ef17c2ec3a,2021-07,Hertfordshire Constabulary,Hertfordshire Constabulary,-0.417041,51.681592,On or near CHILCOTT ROAD,E01023868,Watford 004A,Unable to prosecute suspect
c2ddbd5819ad0fa59e2f32289be88cb7a0e465aefe38ce2cd7f663080f1bc1e0,2021-07,Hertfordshire Constabulary,Hertfordshire Constabulary,-0.290315,51.813509,On or near MEADS LANE,E01023747,St Albans 004B,Unable to prosecute suspect
0baee9175bf95ffab4d69188268a43207ff31eca6323d9f517e57ea9925f561f,2021-07,Hertfordshire Constabulary,Hertfordshire Constabulary,-0.025995,51.815618,On or near SANDEMAN GARDENS,E01023519,East Hertfordshire 012E,Investigation complete; no suspect identified
4e5d21f1e37bc3638fb25b40b216f4ea79a09234570aea0bae7162b966db6beb,2021-07,Hertfordshire Constabulary,Hertfordshire Constabulary,-0.015178,51.764603,On or near NORRIS LANE,E01023322,Broxbourne 003C,Unable to prosecute suspect
f1454e699ad385324e41d2586197f764a13bd7af3a66547eb3e13564b73fda4e,2021-07,Hertfordshire Constabulary,Hertfordshire Constabulary,-0.402360,51.659372,On or near RICKMANSWORTH ROAD,E01023861,Watford 009C,Suspect charged
61aa300d541500f5448879f415a911e67e45b76f260374e9c6b305cdf6f0a08d,2021-07,Hertfordshire Constabulary,Hertfordshire Constabulary,-0.170644,51.803085,On or near JORDANS,E01023913,Welwyn Hatfield 004B,Unable to prosecute suspect
2f1057325973b7946e9dbcf6f7dab36de0588385b8f61cfd6d589f0ff57701ce,2021-07,Hertfordshire Constabulary,Hertfordshire Constabulary,-0.162565,51.849448,On or near DATCHWORTH GREEN,E01023467,East Hertfordshire 002A,Unable to prosecute suspect
21f450d93ca81a64315147baedbdeab7ef47431d1f438388b30a3cb961e3a4a9,2021-07,Hertfordshire Constabulary,Hertfordshire Constabulary,-0.041621,51.683657,On or near TERESA GARDENS,E01023339,Broxbourne 013D,Investigation complete; no suspect identified
32bcabb2fcfa5ea9f4f73551ec4620506e3dcc1ffadfc2fea639b6e75330398b,2021-07,Hertfordshire Constabulary,Hertfordshire Constabulary,-0.030669,51.698671,On or near HOLME CLOSE,E01023300,Broxbourne 010D,Investigation complete; no suspect identified
7b0b48dea3287ac180c116e0c2811eef4c806b5471fa8085b23a7159d4499628,2021-07,Hertfordshire Constabulary,Hertfordshire Constabulary,-0.397312,51.625007,On or near OXHEY DRIVE,E01023842,Three Rivers 012B,Investigation complete; no suspect identified
017f79155537d59be79624b1f552ea0a3fd7d536591d1a30d3f19bac908b9673,2021-07,Hertfordshire Constabulary,Hertfordshire Constabulary,-0.031745,51.811515,On or near Supermarket,E01023514,East Hertfordshire 012C,Suspect charged
c204b8b76e8cbb192ef7fb00cebf995c57f538271b2681463d04037dda067296,2021-07,Hertfordshire Constabulary,Hertfordshire Constabulary,-0.458400,51.675524,On or near WHITE SHACK LANE,E01023854,Three Rivers 003D,Investigation complete; no suspect identified
07f1caef9615cf520d5ab6a584d3b5bd71dfc6f6536ef4243a54efa0bc075645,2021-07,Hertfordshire Constabulary,Hertfordshire Constabulary,-0.241235,51.763599,On or near Supermarket,E01033308,Welwyn Hatfield 010E,Unable to prosecute suspect
4ded024ba814c69d6524cc5eb34f8f72569811376f66fe92a74562c73446b181,2021-07,Hertfordshire Constabulary,Hertfordshire Constabulary,-0.352775,51.826890,On or near MASEFIELD ROAD,E01023692,St Albans 001C,Unable to prosecute suspect
6a4f0d39c6bbf89bbdd3063928c89b64ee51b2a78f7dc5d0a071dbfabd060a19,2021-07,Hertfordshire Constabulary,Hertfordshire Constabulary,-0.394437,51.656108,On or near Parking Area,E01023860,Watford 009B,Investigation complete; no suspect identified
3ba26a2eb1de04a0289074d73ed862699f328f273c6cb659ae39343b596238f5,2021-07,Hertfordshire Constabulary,Hertfordshire Constabulary,-0.472544,51.754172,On or near MARLOWES,E01023398,Dacorum 015D,Suspect charged
031e5fc5ec69a37ebab7d3e520556a75675897b11c043bdcaaa5766890e84d46,2021-07,Hertfordshire Constabulary,Hertfordshire Constabulary,-0.492823,51.635840,On or near NORTHCOURT,E01023836,Three Rivers 009B,Investigation complete; no suspect identified
0ba7d89503136b573cb1ba2a4b2f619db0c1d2c7441ee3dbca44ee42bb578098,2021-07,Hertfordshire Constabulary,Hertfordshire Constabulary,-0.188783,51.917851,On or near Pedestrian Subway,E01023772,Stevenage 003B,Unable to prosecute suspect
771b4279a4acf05dc7576e1e0b9fa85a3f28930feea6557e950def4fdcb49d45,2021-07,Hertfordshire Constabulary,Hertfordshire Constabulary,-0.250877,52.096017,On or near WILLIAMS CLOSE,E01017390,Central Bedfordshire 006D,Unable to prosecute suspect
ca0bbc3c3f3a54bf4a45f0ae0a40dd2aa9d0796d25ba30adf2a92b372055100c,2021-07,Hertfordshire Constabulary,Hertfordshire Constabulary,-0.412438,51.643629,On or near CLYSTON ROAD,E01023865,Watford 011C,Suspect charged
d10359d230aefb25b5fb69f5de990e56f6afeba1b8001f306a7e71f899101fd4,2021-07,Hertfordshire Constabulary,Hertfordshire Constabulary,-0.397080,51.657007,On or near Theatre/Concert Hall,E01023861,Watford 009C,Unable to prosecute suspect
29fae6b3311db80f935b0bbda8e3b79ad20101cd3e466016c3e3da1119b8ae9c,2021-07,Hertfordshire Constabulary,Hertfordshire Constabulary,-0.216630,51.911614,On or near TORQUAY CRESCENT,E01023798,Stevenage 005D,Investigation complete; no suspect identified
3cbfa3a2719e277945caad79d80b54cc2b0634425d969fff91b0eb8884e7812a,2021-07,Hertfordshire Constabulary,Hertfordshire Constabulary,-0.401540,51.704446,On or near WOODSIDE ROAD,E01023832,Three Rivers 002C,Unable to prosecute suspect
66bc0c0163eab7879534b94b3668ccf0594706cc33bc465396f8122bf7d32f9f,2021-07,Hertfordshire Constabulary,Hertfordshire Constabulary,-0.043279,51.712307,On or near CHADWELL AVENUE,E01023310,Broxbourne 006D,Action to be taken by another organisation
031f5f21474da379343002bdda33b93579157072d97859ebba62a386f30eca39,2021-07,Hertfordshire Constabulary,Hertfordshire Constabulary,-0.253090,51.653865,On or near TEMPSFORD AVENUE,E01023547,Hertsmere 009D,Unable to prosecute suspect
6abe6235349266448c462a3c3599d04207d1197766d2bf7abec4595a8cddedfd,2021-07,Hertfordshire Constabulary,Hertfordshire Constabulary,0.002566,51.786351,On or near LEE CLOSE,E01023505,East Hertfordshire 018F,Unable to prosecute suspect
3fd63167ed206e4349052a6a332563a08323de6037a13bd13c677ba3ab5feb8c,2021-07,Hertfordshire Constabulary,Hertfordshire Constabulary,-0.399807,51.696546,On or near THE BROW,E01023904,Watford 001A,Unable to prosecute suspect
1d0215cbea00f12dbab47910fd13980cf24ce0262a7a6cd7ec7aee1424f170a3,2021-07,Hertfordshire Constabulary,Hertfordshire Constabulary,-0.591965,51.770598,On or near HIGH STREET,E01023417,Dacorum 006D,Suspect charged
bac2ee5329b7323d44f9ba95cb1354beeddd93b65d83b19cbbfbadd035b07dab,2021-07,Hertfordshire Constabulary,Hertfordshire Constabulary,-0.423657,51.622262,On or near THE FAIRWAY,E01023839,Three Rivers 011A,Investigation complete; no suspect identified
c283d035ef33f3ad82bd4b5e6e3cb1a7ffc580ce74daf36378274dd8ec903603,2021-07,Hertfordshire Constabulary,Hertfordshire Constabulary,-0.237817,51.765040,On or near GOLDSMITH WAY,E01033308,Welwyn Hatfield 010E,Unable to prosecute suspect
c2711b8e82bb471fd31a139645609cdf400917935f3e08445c8cc01e6981b228,2021-07,Hertfordshire Constabulary,Hertfordshire Constabulary,-0.374593,51.651914,On or near HEATHFIELD ROAD,E01023559,Hertsmere 012B,Suspect charged
d31c2e5c3860f4a8eab999410c68feae89b6890bd24ff247c27effb05745f421,2021-07,Hertfordshire Constabulary,Hertfordshire Constabulary,-0.298947,51.728309,On or near ALEXANDER ROAD,E01023705,St Albans 018B,Investigation complete; no suspect identified
80a470cbf67c7bfdaa08240a72d36c7912039f9d1cc73a9c3692e4e7cca4ba49,2021-07,Hertfordshire Constabulary,Hertfordshire Constabulary,-0.443215,51.776662,On or near BOTLEY ROAD,E01023436,Dacorum 005C,Investigation complete; no suspect identified
30913f565e9eec030b2648903f323e1b206c304e2c645fd2cf8eb3e0754a33bc,2021-07,Hertfordshire Constabulary,Hertfordshire Constabulary,0.162078,51.868549,On or near Parking Area,E01023450,East Hertfordshire 004B,Unable to prosecute suspect
603247e2b617712b1a774f31d775ebfb8cf4577548d34e7aff53d98baaae5071,2021-07,Hertfordshire Constabulary,Hertfordshire Constabulary,-0.465873,51.736839,On or near Shopping Area,E01033023,Dacorum 018H,Formal action is not in the public interest
373fff283cc4490c4b0118dfcc1f9bf758067dac3952678f8fa887c933093051,2021-07,Hertfordshire Constabulary,Hertfordshire Constabulary,-0.201526,51.786270,On or near CHAMBERS GROVE,E01023941,Welwyn Hatfield 009C,Investigation complete; no suspect identified
b46b383d0f0a0e7c9e3822e8850b3b8da64fe6c9ad1eeed27c905cdac24a4d7b,2021-07,Hertfordshire Constabulary,Hertfordshire Constabulary,-0.241746,51.897281,On or near Petrol Station,E01023623,North Hertfordshire 014C,Investigation complete; no suspect identified
37c9d9180f3caa536ed32a0c092542dbbb888cad4ebd4367b53d3d5b2d7ed1a5,2021-07,Hertfordshire Constabulary,Hertfordshire Constabulary,-0.231389,51.746690,On or near ACACIA STREET,E01023937,Welwyn Hatfield 013E,Unable to prosecute suspect
54ce8946fb3b4cdafe7bf0a72a9f7ff3067918a1de96c55dcee73fae48544b0b,2021-07,Hertfordshire Constabulary,Hertfordshire Constabulary,-0.204608,51.899535,On or near Police Station,E01023758,Stevenage 008D,Suspect charged
ae13c1c998ea1b956a03ecda77d95a1393a9938307a8516b2a01d108d60098ec,2021-07,Hertfordshire Constabulary,Hertfordshire Constabulary,-0.201760,51.784034,On or near MIDDLEFIELD,E01023941,Welwyn Hatfield 009C,Unable to prosecute suspect
1e8649716ba10994cf3a667150f58699a8afbab9624eb5435b59df4892e9afbc,2021-07,Hertfordshire Constabulary,Hertfordshire Constabulary,-0.207010,51.801901,On or near HOWARDSGATE,E01023918,Welwyn Hatfield 006C,Further action is not in the public interest
3ade652e50c32628238fdaa0dd86b1392abf04f3f2e7050b3a3a2ca9c7231239,2021-07,Hertfordshire Constabulary,Hertfordshire Constabulary,-0.229568,51.765123,On or near TOWN FIELDS,E01023920,Welwyn Hatfield 012A,Investigation complete; no suspect identified
42be8fdf732ec90eed7e09a56868a1b8c099d7706415c897705f16900b208727,2021-07,Hertfordshire Constabulary,Hertfordshire Constabulary,-0.515967,51.650171,On or near TURNEYS ORCHARD,E01023816,Three Rivers 005B,Unable to prosecute suspect
b213433990341bf437d1d0961c0bb32a02749dcac9ca681090fa7856415063b3,2021-07,Hertfordshire Constabulary,Hertfordshire Constabulary,-0.292633,51.750617,On or near COLNEY HEATH LANE,E01023664,St Albans 013A,Investigation complete; no suspect identified
a4fbb8e62d91a02a4ec2ea8592d3567b7fd3f15f7ef13c1cf7df8e10d1c996f5,2021-07,Hertfordshire Constabulary,Hertfordshire Constabulary,-0.170908,51.908655,On or near CHELLS WAY,E01023762,Stevenage 007D,Investigation complete; no suspect identified
d2102e8f878d75bbbe7a4cce616a330767b9883d134e9bdaf5a34bcb2f1949fd,2021-07,Hertfordshire Constabulary,Hertfordshire Constabulary,-0.087737,51.942788,On or near B1037,E01023494,East Hertfordshire 002B,Investigation complete; no suspect identified
1bc52c3196ca2f039feca0339e46e5cb4a29ca513619956127fe1f4bb0a18d3a,2021-07,Hertfordshire Constabulary,Hertfordshire Constabulary,-0.211912,51.924230,On or near Hospital,E01023800,Stevenage 002E,Suspect charged
99fd3b2bae856bfbcb0c91dfbafd263a7dd681f8543fcaf6cc1f2535aedb4562,2021-07,Hertfordshire Constabulary,Hertfordshire Constabulary,-0.174170,51.882000,On or near PEPSAL END,E01023766,Stevenage 012D,Investigation complete; no suspect identified
987db7696824dedf0ed46058326010c4898564ab5859f2abcc387fed7ab46b30,2021-07,Hertfordshire Constabulary,Hertfordshire Constabulary,-0.392859,51.654117,On or near Shopping Area,E01023860,Watford 009B,Investigation complete; no suspect identified
32c45655c4095b9ce525f704e2eb5f263de2aba14ff3b798e8e8b15476677d86,2021-07,Hertfordshire Constabulary,Hertfordshire Constabulary,-0.398009,51.656903,On or near Shopping Area,E01023861,Watford 009C,Suspect charged
038240dbea56a957b920dd33fa19487572ce277e74c5a584dac8989c95a8847c,2021-07,Hertfordshire Constabulary,Hertfordshire Constabulary,-0.203154,51.808046,On or near THE ORCHARD,E01023959,Welwyn Hatfield 003A,Investigation complete; no suspect identified
b5cbbe9baeb60cb8fb3431882dfe45b8c49bfff3f74d1bdb4e0ece3fd3c794db,2021-07,Hertfordshire Constabulary,Hertfordshire Constabulary,-0.164123,51.799018,On or near WYTON,E01023950,Welwyn Hatfield 005A,Local resolution
7d27ba264d83a01ed44ec364db55b0480e0b55118bc7120b3ff0a6cddc753dbf,2021-07,Hertfordshire Constabulary,Hertfordshire Constabulary,-0.434735,51.778753,On or near BERKELEY SQUARE,E01023437,Dacorum 005D,Unable to prosecute suspect
ad1be3a9fc5775fa6b1497de86eade8be84cb8d3757f718a761c58a9fc794f85,2021-07,Hertfordshire Constabulary,Hertfordshire Constabulary,-0.024886,51.807480,On or near CRANE MEAD,E01023511,East Hertfordshire 013B,Unable to prosecute suspect
c031e5addcbebc9d17799619b21948f55a78d2aa4cbc6b3feaa3136692eeedb2,2021-07,Hertfordshire Constabulary,Hertfordshire Constabulary,-0.668468,51.792979,On or near GOLDFIELD ROAD,E01023425,Dacorum 002C,Offender given a caution
169d7c3e701089941a84677f5b68c198a1c069076e54cd91c10ffbee8ed8a76c,2021-07,Hertfordshire Constabulary,Hertfordshire Constabulary,-0.114586,51.716441,On or near HOMEWOOD VENUE,E01023949,Welwyn Hatfield 016C,Offender given a caution
e1f45d03f6cb5e2f398b71f2c0f2b9ef04b3edef4989977a3dca47cee449e066,2021-07,Hertfordshire Constabulary,Hertfordshire Constabulary,0.160876,51.867096,On or near Theatre/Concert Hall,E01023446,East Hertfordshire 007D,Investigation complete; no suspect identified
71bfe1249f3483194ff54da1db488fbfc712b0f6da0b3e1854baabd8dfdb3936,2021-07,Hertfordshire Constabulary,Hertfordshire Constabulary,-0.558424,51.755256,On or near WOODLANDS AVENUE,E01023366,Dacorum 014B,Investigation complete; no suspect identified
48690092e8c1246696373c85cfd3d7cd59b1c53863470c17127071c31442aa73,2021-07,Hertfordshire Constabulary,Hertfordshire Constabulary,-0.343321,51.807308,On or near Supermarket,E01023703,St Albans 003E,Investigation complete; no suspect identified
cdf0c15d017f8e014d77407d26e174e0693784cba052e9c06268c7722f65e643,2021-07,Hertfordshire Constabulary,Hertfordshire Constabulary,-0.343076,51.643695,On or near WAYSIDE AVENUE,E01023551,Hertsmere 013D,Investigation complete; no suspect identified
940673ed8c5df40ebb6d301e18a5863ffc58b4ad477974e5c9aab341c2ff93c0,2021-07,Hertfordshire Constabulary,Hertfordshire Constabulary,-0.292872,51.693917,On or near PIPPIN CLOSE,E01023582,Hertsmere 004B,Unable to prosecute suspect
6592adcd700688ebef4a7732cf7fe020c455d06c2fd4d0e7018ab81ddd52d9d6,2021-07,Hertfordshire Constabulary,Hertfordshire Constabulary,-0.232696,51.814878,On or near AYOT LITTLE GREEN LANE,E01023969,Welwyn Hatfield 002C,Investigation complete; no suspect identified
8f699e142b4fca0ce2103af124f0a968ba28cbe22d7849167ba5239ce5acf4ad,2021-07,Hertfordshire Constabulary,Hertfordshire Constabulary,-0.186592,51.927484,On or near NEWCASTLE CLOSE,E01023799,Stevenage 002D,Unable to prosecute suspect
91686c4822434f727e4563719fd43fb377b224fb9bd99a3a0b2812a85f1052af,2021-07,Hertfordshire Constabulary,Hertfordshire Constabulary,-0.525427,51.655757,On or near BRUSHWOOD DRIVE,E01023818,Three Rivers 005D,Investigation complete; no suspect identified
6ee390ee0d248a8852fba88c753fa0d5e7e7378eb42b590385bda2a6d6d8abbc,2021-07,Hertfordshire Constabulary,Hertfordshire Constabulary,-0.191650,52.024844,On or near CALDECOTE ROAD,E01023585,North Hertfordshire 005A,Suspect charged
3b824f4040ad6b57cdc27242dc7f92ef980f4369ca63b3d5fdd4de2fa7f526a1,2021-07,Hertfordshire Constabulary,Hertfordshire Constabulary,-0.174376,51.875825,On or near CARDIFF CLOSE,E01023764,Stevenage 012B,Unable to prosecute suspect
a33957dbc3c733f1d2abafd45ee70b84b077f709b36c5b5bcc9f8dc27f3b24ff,2021-07,Hertfordshire Constabulary,Hertfordshire Constabulary,-0.399994,51.676056,On or near LONGSPRING,E01023857,Watford 006C,Investigation complete; no suspect identified
e70345cc3b1409ed5a0d1f90092dbce9556949361c01a4b52a980bf80a820619,2021-07,Hertfordshire Constabulary,Hertfordshire Constabulary,-0.190102,51.915435,On or near Pedestrian Subway,E01023782,Stevenage 006E,Investigation complete; no suspect identified
b44c08116a8be4ccf9e5e4a523d4b1e261957ea35e0976b2e1debd6ed38d6deb,2021-07,Hertfordshire Constabulary,Hertfordshire Constabulary,-0.127747,51.717811,On or near HOMEWOOD LANE,E01023949,Welwyn Hatfield 016C,Local resolution
5408ee07b6363aff049113c1a8c647b77ccc8979e5af80e1966d9a5f4f394f77,2021-07,Hertfordshire Constabulary,Hertfordshire Constabulary,-0.454344,51.733459,On or near Supermarket,E01023414,Dacorum 020E,Unable to prosecute suspect
887768c9333b79bcdf58a01e4c135814304231dcdd195b0724e6f778adcbbc63,2021-07,Hertfordshire Constabulary,Hertfordshire Constabulary,-0.276713,51.651553,On or near SHELLEY CLOSE,E01023539,Hertsmere 011A,Investigation complete; no suspect identified
e7f03441c0090dad50f829cc4dd90b2c07c9c8e852c5e5698660969433dcfc06,2021-07,Hertfordshire Constabulary,Hertfordshire Constabulary,-0.179756,51.789316,On or near HALL GROVE,E01023946,Welwyn Hatfield 008D,Unable to prosecute suspect
5ddd367d82ed3db651cd09a006aefe8e81cd47d6f0055ead0cada98c4c5d116c,2021-07,Hertfordshire Constabulary,Hertfordshire Constabulary,-0.003310,51.770166,On or near WHITLEY ROAD,E01023328,Broxbourne 002B,Investigation complete; no suspect identified
22b0bc8e3ba2b988594193753ffde995ba09314cd602ed95609bcfbce9daadd5,2021-07,Hertfordshire Constabulary,Hertfordshire Constabulary,-0.220666,51.712862,On or near WARRENGATE ROAD,E01023567,Hertsmere 002A,Investigation complete; no suspect identified
a5883a5a29c6a0c7f27661ba4d14fc6d7882db2841d1f88e73fb0cfaea1a64ed,2021-07,Hertfordshire Constabulary,Hertfordshire Constabulary,-0.378874,51.695198,On or near Sports/Recreation Area,E01023834,Three Rivers 002E,Investigation complete; no suspect identified
b03f7a6bc14ac61f4b03cb40cfad49e1e78844833eab78b67ab920d6b65db7e5,2021-07,Hertfordshire Constabulary,Hertfordshire Constabulary,-0.002783,52.039337,On or near B1039,E01023654,North Hertfordshire 002A,Investigation complete; no suspect identified
2d4aa6a1792d693454dcd9c1a96110303e99454c91966ebcc7fce01e23c214c0,2021-07,Hertfordshire Constabulary,Hertfordshire Constabulary,-0.397741,51.661206,On or near ST JOHN'S ROAD,E01023861,Watford 009C,Suspect charged
5a8dc4ddbda1184b1207e1ea38546782b273567ef075335fd09b908ada4a4010,2021-07,Hertfordshire Constabulary,Hertfordshire Constabulary,-0.201562,51.900459,On or near THE QUADRANT,E01023758,Stevenage 008D,Investigation complete; no suspect identified
477a97b7a2d382c9039e6f27d4f085eebb8f77781670c342802411baf05835ab,2021-07,Hertfordshire Constabulary,Hertfordshire Constabulary,-0.178859,51.924136,On or near Pedestrian Subway,E01023790,Stevenage 001D,Investigation complete; no suspect identified
0a9969ae39ef75f2fecc66bdbcb2650d1d51495f2abb945432278d046164eb16,2021-07,Hertfordshire Constabulary,Hertfordshire Constabulary,-0.221862,51.760970,On or near OLD RECTORY DRIVE,E01023924,Welwyn Hatfield 011A,Investigation complete; no suspect identified
042c0f55f4b747475b3f240e2135b1f6842950ef20abeca83c3a9c1c2ad9ac57,2021-07,Hertfordshire Constabulary,Hertfordshire Constabulary,-0.022477,51.724926,On or near ROBINIA ROAD,E01023342,Broxbourne 005C,Investigation complete; no suspect identified
e5bd3411f18d25289fc4e0d645bd12a69f1981cb0cf71036f6f78d320dd9f6df,2021-07,Hertfordshire Constabulary,Hertfordshire Constabulary,-0.205147,51.984785,On or near LACRE WAY,E01023633,North Hertfordshire 006D,Unable to prosecute suspect
7b3276ef2bb46a8da636263cb6e01e87ba492fe3f6f9318b1066c46f0315aa1a,2021-07,Hertfordshire Constabulary,Hertfordshire Constabulary,-0.190638,51.884727,On or near THE CHACE,E01023783,Stevenage 011A,Unable to prosecute suspect
1b3e7287cc4a7f71f6c6c01a03dafcd846ea0430f9219ad55cc5972371a15807,2021-07,Hertfordshire Constabulary,Hertfordshire Constabulary,-0.187731,51.860179,On or near CRAB TREE ROAD,E01023629,North Hertfordshire 015F,Investigation complete; no suspect identified
7ee95fb72a392694ef094f048ad5e7632d5d53bbe7bf4636a0a5be57ae8b90f6,2021-07,Hertfordshire Constabulary,Hertfordshire Constabulary,-0.308078,51.639617,On or near CENTENNIAL AVENUE,E01023564,Hertsmere 010B,Investigation complete; no suspect identified
7a6d9f5566110d3496fe818fdd77bbf2653b9efa1235e9409a5556735e3386cc,2021-07,Hertfordshire Constabulary,Hertfordshire Constabulary,-0.007310,52.050644,On or near Sports/Recreation Area,E01023658,North Hertfordshire 002E,Unable to prosecute suspect
518f14f7f848ede948991392cd9a7e4ebc9283eb4e9ba5914f8fc59f535f7642,2021-07,Hertfordshire Constabulary,Hertfordshire Constabulary,-0.191413,51.885350,On or near TURPIN'S RISE,E01023786,Stevenage 011D,Suspect charged
37dd11feae71bd3aa8d6178790fcbdf47ef15a891f209047db5cca16665bfec5,2021-07,Hertfordshire Constabulary,Hertfordshire Constabulary,-0.407163,51.684021,On or near LEGGATTS RISE,E01023891,Watford 002B,Investigation complete; no suspect identified
18244bad67d7e7fcf9163a1e55064168325c9b33d2577ca0940fcd703de025ad,2021-07,Hertfordshire Constabulary,Hertfordshire Constabulary,-0.345451,51.758224,On or near NEWMARKET COURT,E01023669,St Albans 009A,Unable to prosecute suspect
8b05eca0cff00de40e1fe5b23f8140fde8cf0287d7592beb37105cc173953dfe,2021-07,Hertfordshire Constabulary,Hertfordshire Constabulary,-0.239254,51.974753,On or near WESTBURY PLACE,E01023646,North Hertfordshire 008C,Unable to prosecute suspect
fdb451fa2a2260208042eaeb7e01f475528fb54c66cf218e180a9488ada4c713,2021-07,Hertfordshire Constabulary,Hertfordshire Constabulary,-0.110608,51.708032,On or near STATION ROAD,E01023947,Welwyn Hatfield 016A,Unable to prosecute suspect
3b3800eba3add93ddb1474e69b5c84ed8538dfe285e72d827ee4793665c7326c,2021-07,Hertfordshire Constabulary,Hertfordshire Constabulary,-0.275182,51.661403,On or near CANTERBURY ROAD,E01023530,Hertsmere 007B,Suspect charged
744a3782923ac126bc197260a07e6462325e9f6a134cc9627adf810e0b5e94b1,2021-07,Hertfordshire Constabulary,Hertfordshire Constabulary,-0.029143,51.808657,On or near Theatre/Concert Hall,E01023511,East Hertfordshire 013B,Investigation complete; no suspect identified
fd5abfd40b95a75a6d10bcd08cdf403b690d9b425a7f1ce4c9f03678ed8409f5,2021-07,Hertfordshire Constabulary,Hertfordshire Constabulary,-0.464573,51.738449,On or near EBBERNS ROAD,E01033023,Dacorum 018H,Investigation complete; no suspect identified
820c45fbc1200f758c3b4e76cb4eb87242f473b313aa4735f9af46f9791a443b,2021-07,Hertfordshire Constabulary,Hertfordshire Constabulary,-0.331773,51.678739,On or near BATTLERS GREEN DRIVE,E01023527,Hertsmere 005E,Unable to prosecute suspect
f4e7a0d4e62edb33187207c487e7da6102c13032ae721539b097d63b71334491,2021-07,Hertfordshire Constabulary,Hertfordshire Constabulary,-0.354723,51.646143,On or near RYDER CLOSE,E01023561,Hertsmere 012D,Investigation complete; no suspect identified
5d1ee95337732b87cdc1d9adf4ce86f8c1a4793e02f53284cc63cf70ad513879,2021-07,Hertfordshire Constabulary,Hertfordshire Constabulary,-0.375213,51.706513,On or near ASPEN CLOSE,E01023733,St Albans 020E,Investigation complete; no suspect identified
f327257c8e4f7e20a8bf5e141ccbe38df98af87e5bc0fecf5a95b4a931308bbd,2021-07,Hertfordshire Constabulary,Hertfordshire Constabulary,-0.414478,51.707760,On or near BREAKSPEAR COURT,E01023802,Three Rivers 001A,Investigation complete; no suspect identified
0c70c3f359f34077e94357e4cb6b3f46526833a2a9c50f0f576683f8b801ff90,2021-07,Hertfordshire Constabulary,Hertfordshire Constabulary,-0.438974,51.759665,On or near MAYLANDS AVENUE,E01023345,Dacorum 013A,Investigation complete; no suspect identified
9cd591b06c6513ead9446fb0bf51e2f545e1821f83839d08b95a30ff3cd2feb1,2021-07,Hertfordshire Constabulary,Hertfordshire Constabulary,-0.285489,51.954691,On or near Petrol Station,E01023612,North Hertfordshire 012B,Unable to prosecute suspect
eedfb960e7145a1359b33288a066a112f69e97133e324364cafdc8ecb7922ab7,2021-07,Hertfordshire Constabulary,Hertfordshire Constabulary,-0.107976,51.895746,On or near BLACKSMITHS HILL,E01023508,East Hertfordshire 002D,Investigation complete; no suspect identified
07b105ab32faccae2ac1d849ea7a51821bc8a4dee8f0afe28fa730588c4afa9c,2021-07,Hertfordshire Constabulary,Hertfordshire Constabulary,-0.077344,51.794070,On or near HALE ROAD,E01023478,East Hertfordshire 017D,Investigation complete; no suspect identified
41e15a99fd4993b546208c1445b5e8016ff1c880837bac83732c1e191d48ddd0,2021-07,Hertfordshire Constabulary,Hertfordshire Constabulary,0.022430,51.907802,On or near HULL LANE,E01023463,East Hertfordshire 003E,Investigation complete; no suspect identified
8139bd72d6dec00d49a555ee59ee33f0c8af08e042e82e60885f992afb66aaec,2021-07,Hertfordshire Constabulary,Hertfordshire Constabulary,-0.219571,51.924373,On or near Petrol Station,E01023800,Stevenage 002E,Unable to prosecute suspect
aa0d9e15ac4d2a01da3378822acd7e327c16ca706f526ca207882b5c32e8f225,2021-07,Hertfordshire Constabulary,Hertfordshire Constabulary,-0.381910,51.679845,On or near GARSMOUTH WAY,E01023876,Watford 003D,Suspect charged
884d7c37a562215467104c525d6dcf900664a3c3662a2d68e68340408166739a,2021-07,Hertfordshire Constabulary,Hertfordshire Constabulary,-0.336975,51.751505,On or near Shopping Area,E01023727,St Albans 012B,Investigation complete; no suspect identified
506b9e275e0237132bd3e89fc6c5786a992e19eaf0b92dd3792c3afad175d531,2021-07,Hertfordshire Constabulary,Hertfordshire Constabulary,-0.452037,51.745460,On or near ALLDICKS ROAD,E01023357,Dacorum 020A,Offender given a caution
f3fab8725b07d3aaec3f221eade2e886b4c930d9f415261181c81a041ef4091f,2021-07,Hertfordshire Constabulary,Hertfordshire Constabulary,-0.174061,51.687571,On or near HILL CREST,E01023575,Hertsmere 003E,Investigation complete; no suspect identified
e66a0d73028553ee9e68147328afa253647a986fc90170bdcbbcd22291178bfa,2021-07,Hertfordshire Constabulary,Hertfordshire Constabulary,-0.376664,51.663551,On or near SCOTTSWOOD ROAD,E01023552,Hertsmere 008A,Unable to prosecute suspect
1838c5b69bb041d8da85f7128e2a3af878526a334543b20b38e2470821481570,2021-07,Hertfordshire Constabulary,Hertfordshire Constabulary,-0.215972,51.981380,On or near ARDEN PRESS WAY,E01023631,North Hertfordshire 006B,Investigation complete; no suspect identified
0e7ef0719c9c1c1ef94aa0db38b713f098f2c1b23426ddbd0936b16e2e850b7b,2021-07,Hertfordshire Constabulary,Hertfordshire Constabulary,-0.188030,51.884902,On or near Parking Area,E01023783,Stevenage 011A,Unable to prosecute suspect
a34b00edf99ff688c930116145b15c39e5c26f76e6b794705d0780461bd38993,2021-07,Hertfordshire Constabulary,Hertfordshire Constabulary,-0.389852,51.620247,On or near GLENEAGLES CLOSE,E01023843,Three Rivers 012C,Suspect charged
f58652425b7fede1d511c55d09d7dded3febf0ed89a0c073801765afadc1b1ae,2021-07,Hertfordshire Constabulary,Hertfordshire Constabulary,-0.317659,51.763693,On or near CHARMOUTH COURT,E01023714,St Albans 010B,Action to be taken by another organisation
18bcd8a96b4c4186fd9e9b543f8e8852182036b72d92d821739976ab9367c75f,2021-07,Hertfordshire Constabulary,Hertfordshire Constabulary,-0.029105,51.810527,On or near Parking Area,E01023514,East Hertfordshire 012C,Suspect charged
677497adccaf695ad919b7634f8ba9435616e3730250ba4942b0aff97f0ff04e,2021-07,Hertfordshire Constabulary,Hertfordshire Constabulary,-0.191161,51.696270,On or near Parking Area,E01023577,Hertsmere 001B,Unable to prosecute suspect
6cb10a6614b0363305372dfab4607228372f2e30ea0dcc3ec69a39d3b73d05a8,2021-07,Hertfordshire Constabulary,Hertfordshire Constabulary,-0.279391,51.653354,On or near Parking Area,E01023539,Hertsmere 011A,Unable to prosecute suspect
a006b37ba4317a6f6e9b3da57dd129bd43bc9a1c620629f1254466180788a7d7,2021-07,Hertfordshire Constabulary,Hertfordshire Constabulary,-0.353792,51.744017,On or near KINGSGATE,E01023743,St Albans 014B,Local resolution
9353860b7de5e5f4e4b2829a29bb5cd13f5ca6e77a4caebbc698a1181401d32c,2021-07,Hertfordshire Constabulary,Hertfordshire Constabulary,-0.304488,51.637057,On or near A41,E01023564,Hertsmere 010B,Investigation complete; no suspect identified
42cedbf1e997030a2cb3b7e4ab23c3f965a9764dc8368588afd3160d1ab27ddc,2021-07,Hertfordshire Constabulary,Hertfordshire Constabulary,-0.222320,51.771812,On or near LITTLE MEAD,E01023930,Welwyn Hatfield 010B,Unable to prosecute suspect
2911bcea8935b5dc1cf6c636c0716e9fcff75619786d692f7ee8d28b21e8c895,2021-07,Hertfordshire Constabulary,Hertfordshire Constabulary,0.163544,51.860645,On or near MULBERRY COURT,E01023458,East Hertfordshire 008C,Suspect charged
e1538277867dce4fe90264b7e47c3a5d9551603d3fdfb599fcace8f8a7b2b2c9,2021-07,Hertfordshire Constabulary,Hertfordshire Constabulary,-0.345714,51.743886,On or near TREVELYAN PLACE,E01023743,St Albans 014B,Investigation complete; no suspect identified
82f350124df90041a090a5c7190135b51a949e660e7c2bd136d56db4805c6019,2021-07,Hertfordshire Constabulary,Hertfordshire Constabulary,-0.395376,51.645896,On or near WIGGENHALL ROAD,E01023883,Watford 012B,Investigation complete; no suspect identified
03b2b4d10fbddc242aa84094cf0fc33b93c5bb86835f4933e9da1dd6d8738e18,2021-07,Hertfordshire Constabulary,Hertfordshire Constabulary,-0.183809,51.842539,On or near BROOM HILL,E01023965,Welwyn Hatfield 001A,Investigation complete; no suspect identified
999b12a3d8af5d5bb081563b098ee6f9efb46a77a39006ec7f3fd9e5b049ff41,2021-07,Hertfordshire Constabulary,Hertfordshire Constabulary,-0.401915,51.671604,On or near CALLOWLAND PLACE,E01023856,Watford 006B,Unable to prosecute suspect
adc48cc428619642e3787f2f1c09a3d4fdceda0869c64acd3a08f54323cc030e,2021-07,Hertfordshire Constabulary,Hertfordshire Constabulary,-0.386570,51.627675,On or near Petrol Station,E01023805,Three Rivers 010A,Investigation complete; no suspect identified
f4ae5f02f41823c51af8d574e58f505a95d8a47e67bf8cd9cc08e0fbb79d9807,2021-07,Hertfordshire Constabulary,Hertfordshire Constabulary,0.162280,51.869723,On or near ADDERLEY ROAD,E01023450,East Hertfordshire 004B,Investigation complete; no suspect identified
54c938ed9bb8dac020d64ed175abc4bd5400d7541cff31ac4819a0270fa17c02,2021-07,Hertfordshire Constabulary,Hertfordshire Constabulary,-0.335151,51.756182,On or near ST PETER'S STREET,E01023676,St Albans 011D,Investigation complete; no suspect identified
4a89b4c2e4d5e8b15d7634bd72949c4ea83e60fd2dc6fba873baa6c6a1c203e5,2021-07,Hertfordshire Constabulary,Hertfordshire Constabulary,-0.378694,51.680799,On or near THE TURNSTONES,E01023874,Watford 003B,Investigation complete; no suspect identified
9083a93f9d620d3380aa8ef499719e458761178f1c0e04012e4237fd3d023619,2021-07,Hertfordshire Constabulary,Hertfordshire Constabulary,-0.390431,51.652465,On or near NEW ROAD,E01023860,Watford 009B,Investigation complete; no suspect identified
6cde82455f952dd85a2260fd28744133bc5b40f0760613f2ab5c7c4689b20ef7,2021-07,Hertfordshire Constabulary,Hertfordshire Constabulary,-0.358794,51.731085,On or near STANMOUNT ROAD,E01023730,St Albans 020B,Suspect charged
4d60d4fdd3af4f9b76e794be146d180e69f46b96142472ef698903e00739b6e7,2021-07,Hertfordshire Constabulary,Hertfordshire Constabulary,-0.435251,51.776404,On or near ARAGON CLOSE,E01023437,Dacorum 005D,Unable to prosecute suspect
630108f59120fd0622579ee9a6c74060d72458af22129b7b6c63126b3eb23b86,2021-07,Hertfordshire Constabulary,Hertfordshire Constabulary,-0.384079,51.698570,On or near Pedestrian Subway,E01023834,Three Rivers 002E,Unable to prosecute suspect
6fc06a820d1e685784f1f267bdf99da63a25e9d35698a835300a74e671ae4824,2021-07,Hertfordshire Constabulary,Hertfordshire Constabulary,-0.471424,51.749149,On or near Shopping Area,E01023398,Dacorum 015D,Investigation complete; no suspect identified
ef4b3f2f57dfa148bb2e94654702659be3b9509740666ba1e3fd7ccb6bbb59ef,2021-07,Hertfordshire Constabulary,Hertfordshire Constabulary,-0.456151,51.749282,On or near Petrol Station,E01023387,Dacorum 019B,Unable to prosecute suspect
5f224b41a0b5a85136fc57a1e3499d7087558ea21cd6dcf18edcf29f5fbe1904,2021-07,Hertfordshire Constabulary,Hertfordshire Constabulary,-0.668577,51.791227,On or near WESTERN ROAD,E01023426,Dacorum 002D,Unable to prosecute suspect
39c33bf61bd2e87709104de09e3b752151c9b8d540d16e1da3e7ce7c2d96e2d5,2021-07,Hertfordshire Constabulary,Hertfordshire Constabulary,-0.531629,51.809019,On or near HUDNALL LANE,E01017587,Central Bedfordshire 032D,Offender given a caution
4b11084a2b086823eeadff9009a024ff897e3720a0ee922dd8b7a65d053ace70,2021-07,Hertfordshire Constabulary,Hertfordshire Constabulary,-0.326312,51.747577,On or near Parking Area,E01023729,St Albans 012D,Investigation complete; no suspect identified
f7ce45f6cde2010c8b68514644ade2669935a8a7420120a9b32e46ec851f25cf,2021-07,Hertfordshire Constabulary,Hertfordshire Constabulary,-0.301612,51.640927,On or near COATES ROAD,E01023564,Hertsmere 010B,Local resolution
cb4390b6d2d6c09c138aa67a854ba1a8c4936252b0422ae5c4a55525940d09c3,2021-07,Hertfordshire Constabulary,Hertfordshire Constabulary,-0.347572,51.757670,On or near ARTISAN CRESCENT,E01023669,St Albans 009A,Unable to prosecute suspect
56029549fe772ddcb728dc34bfa8692838a225110dff7ee9560fa1b0067f1f18,2021-07,Hertfordshire Constabulary,Hertfordshire Constabulary,0.160145,51.868827,On or near NAILS LANE,E01023446,East Hertfordshire 007D,Unable to prosecute suspect
d1a7f78f0f497789d39b7d0994465dd3814f18e39e620eb28ee2cba0fe2472e6,2021-07,Hertfordshire Constabulary,Hertfordshire Constabulary,-0.470188,51.633865,On or near Supermarket,E01023849,Three Rivers 011D,Unable to prosecute suspect
4bd6e25e99fb687c4e59e7fb272278aee7f104bd979aee474959e1dc20e62f46,2021-07,Hertfordshire Constabulary,Hertfordshire Constabulary,-0.174061,51.687571,On or near HILL CREST,E01023575,Hertsmere 003E,Unable to prosecute suspect
15ecd7399bdc019975e1374f319a6a7c77337f1da13f97961ff0c00191163784,2021-07,Hertfordshire Constabulary,Hertfordshire Constabulary,-0.335514,51.750666,On or near NEW KENT ROAD,E01023727,St Albans 012B,Unable to prosecute suspect
f469e376aeb925d94233c43c797d39b7f9f836b64432dc2281e1f305f6aaae04,2021-07,Hertfordshire Constabulary,Hertfordshire Constabulary,-0.024886,51.807480,On or near CRANE MEAD,E01023511,East Hertfordshire 013B,Local resolution
428b05fcdf54b0d554677d9d479cad8aa966c0e509c21e21a6742d980d80eeef,2021-07,Hertfordshire Constabulary,Hertfordshire Constabulary,-0.222268,51.984551,On or near NORTON WAY NORTH,E01023633,North Hertfordshire 006D,Unable to prosecute suspect
244768b9083d19691333814ac9687ec3f2f9e7b73a78d843393facfcdc0e8c1a,2021-07,Hertfordshire Constabulary,Hertfordshire Constabulary,-0.304488,51.637057,On or near A41,E01023564,Hertsmere 010B,Unable to prosecute suspect
a8f6a41cec3abc6090c227d9baa31bc1787263c8d7767a9afc8c180dcfdde038,2021-07,Hertfordshire Constabulary,Hertfordshire Constabulary,-0.469545,51.756336,On or near BROAD STREET,E01023400,Dacorum 015E,Unable to prosecute suspect
6b61210da1686ce4752d05fdf3c1cd2fe6a0aad021a77ba59f123beaa2c60158,2021-07,Hertfordshire Constabulary,Hertfordshire Constabulary,-0.194407,51.782645,On or near CAMFIELD,E01023942,Welwyn Hatfield 009D,Unable to prosecute suspect
69a89c8e51fcbb1c1e65f5af580b71cbf19055fed2cfad03655e403bc896adb1,2021-07,Hertfordshire Constabulary,Hertfordshire Constabulary,-0.278190,51.655675,On or near Supermarket,E01023530,Hertsmere 007B,Investigation complete; no suspect identified
4ac8e73aba006185969777eb381600992638f5121747eb89980b148eeb6d7c5d,2021-07,Hertfordshire Constabulary,Hertfordshire Constabulary,-0.235450,51.763305,On or near DE HAVILLAND CLOSE,E01023921,Welwyn Hatfield 012B,Unable to prosecute suspect
3b02ca118788b91f4d2cc543aad51768800020b6a8f4eab2f9a78630e5c7464b,2021-07,Hertfordshire Constabulary,Hertfordshire Constabulary,-0.193078,51.895276,On or near BOWCOCK WALK,E01023755,Stevenage 008A,Unable to prosecute suspect
bb65da9e2aead6bdf9bd2b16f32bcda9268ac3245a37fd9492576c5727ed75a6,2021-07,Hertfordshire Constabulary,Hertfordshire Constabulary,-0.195684,51.886818,On or near Shopping Area,E01023786,Stevenage 011D,Investigation complete; no suspect identified
67d535c961e6091273219680a00a711d908d5553340d1757cfcbf768d08317fc,2021-07,Hertfordshire Constabulary,Hertfordshire Constabulary,-0.204377,51.901689,On or near Parking Area,E01023758,Stevenage 008D,Suspect charged
388e676a09b009fe8dd84b4648ed57a392dc517716eab2e491a01327a622a2c4,2021-07,Hertfordshire Constabulary,Hertfordshire Constabulary,-0.224966,51.747960,On or near ST AUDREYS CLOSE,E01023933,Welwyn Hatfield 014A,Unable to prosecute suspect
74280e83888c77c9491ef7ef1b984efc113eda6e1a0701f3df8cae0b83f96e4b,2021-07,Hertfordshire Constabulary,Hertfordshire Constabulary,-0.186557,51.843508,On or near ROBBERY BOTTOM LANE,E01023965,Welwyn Hatfield 001A,Unable to prosecute suspect
d8e33616a733ceeff9b488c9da3f53fad95ad14c905db35d7493ff3c7eafa2a6,2021-07,Hertfordshire Constabulary,Hertfordshire Constabulary,-0.186467,51.980354,On or near TEMPLAR AVENUE,E01023593,North Hertfordshire 004G,Unable to prosecute suspect
dcb9a83b3b41d0d95ea67cc176f9f41cb45018676a7403a05d9b9dbfae6d3658,2021-07,Hertfordshire Constabulary,Hertfordshire Constabulary,-0.283615,51.667453,On or near BALDOCK WAY,E01023536,Hertsmere 006C,Investigation complete; no suspect identified
d956dd92d21ec2b8bc1422dd3a8b04d609741fb5bfccaa1e16c712427ef3244d,2021-07,Hertfordshire Constabulary,Hertfordshire Constabulary,0.153011,51.819203,On or near LAWRENCE AVENUE,E01023499,East Hertfordshire 011A,Unable to prosecute suspect
423f2df64923e21c5b9ba32862dd2317877e9fdd63cd4a93938ee4acd0847a23,2021-07,Hertfordshire Constabulary,Hertfordshire Constabulary,-0.157062,51.897783,On or near PARISHES MEAD,E01023753,Stevenage 009D,Unable to prosecute suspect
60846f2837185ef2bb6e6f10d039c4432c7867cd263042506385a45cd058a337,2021-07,Hertfordshire Constabulary,Hertfordshire Constabulary,-0.206032,51.896976,On or near NORTON ROAD,E01023786,Stevenage 011D,Suspect charged
5f9fcf82f26fe6f92edb025e2268313cf0c12296659e81c2bdad2504e86b5616,2021-07,Hertfordshire Constabulary,Hertfordshire Constabulary,-0.242891,51.973324,On or near HILLBROW,E01023646,North Hertfordshire 008C,Investigation complete; no suspect identified
009e4b3f2a8fc94308e62502688d2684a850b2ec6b09006e8d7b9531425fc9bc,2021-07,Hertfordshire Constabulary,Hertfordshire Constabulary,-0.027239,51.721319,On or near BROOMFIELD AVENUE,E01023344,Broxbourne 005E,Investigation complete; no suspect identified
8e1655736716a47af7dfdb5d7e76c4bf23acbc84bbfaf74ed6c17909c07b0bbd,2021-07,Hertfordshire Constabulary,Hertfordshire Constabulary,,,No location,,,Unable to prosecute suspect
d4772907251cda87914162134b6ba4e073852ff9c0fbc0e49051700c8a259326,2021-07,Hertfordshire Constabulary,Hertfordshire Constabulary,-0.226060,51.774377,On or near Sports/Recreation Area,E01033311,Welwyn Hatfield 010F,Unable to prosecute suspect
7c575cba0d874f26c4a7fbd4ebec50f203dda9b0b1b90355fdfe66943fceb835,2021-07,Hertfordshire Constabulary,Hertfordshire Constabulary,0.159718,51.871137,On or near DEVOILS LANE,E01023449,East Hertfordshire 004A,Unable to prosecute suspect
af4cac71daadd6a2b146c7d8332c19333918ba8be668741b35336210ef11cfca,2021-07,Hertfordshire Constabulary,Hertfordshire Constabulary,-0.542152,51.807918,On or near HUDNALL LANE,E01023356,Dacorum 006B,Offender given a caution
0f78e9690237ff1143c7a1099c47bc2b9f4aca9b9e5b79ddb0b28f13a3f95c1a,2021-07,Hertfordshire Constabulary,Hertfordshire Constabulary,-0.232845,51.763221,On or near Parking Area,E01023921,Welwyn Hatfield 012B,Suspect charged
e4e3bdbdceb275129a8d30a90df916743f7c0bea536b62b271a9e87e366dcf7b,2021-07,Hertfordshire Constabulary,Hertfordshire Constabulary,-0.040375,51.710155,On or near Petrol Station,E01023303,Broxbourne 008B,Investigation complete; no suspect identified
c2b6c19dfe4dc2e4188f0fd6ac36eb8907c58b910cac9e207730b83b1662457a,2021-07,Hertfordshire Constabulary,Hertfordshire Constabulary,-0.072935,51.798835,On or near RAILWAY STREET,E01023478,East Hertfordshire 017D,Unable to prosecute suspect
dcf39b69d698df8afaac0fba4518e1c4ac65b5a2a35eb6867ddce83dd6c62196,2021-07,Hertfordshire Constabulary,Hertfordshire Constabulary,-0.206089,51.901769,On or near LYTTON WAY,E01023758,Stevenage 008D,Local resolution
78a2f89f64b174e6fc6afb405b27fb01e61d6431b61dc4f7e8bb1bb2e65fcca2,2021-07,Hertfordshire Constabulary,Hertfordshire Constabulary,-0.314855,51.642745,On or near THE WATERFRONT,E01023548,Hertsmere 013A,Investigation complete; no suspect identified
84e56ef9466c0ebf97014e3c5bdef903998f1f9ef9e4ed9639ac436a0c427e7d,2021-07,Hertfordshire Constabulary,Hertfordshire Constabulary,-0.033327,51.807172,On or near THE GROTTO,E01023510,East Hertfordshire 013A,Investigation complete; no suspect identified
6f7987b71b3b46130510e68412701588b3e5be16f8ab1a45c1e9205fc9f5980d,2021-07,Hertfordshire Constabulary,Hertfordshire Constabulary,-0.183024,51.796029,On or near POUNDWELL,E01023944,Welwyn Hatfield 008B,Unable to prosecute suspect
0c3065a4cc5792863ba1344634fe35f5ea26080f1d29f17e493924bebb8dfdc8,2021-07,Hertfordshire Constabulary,Hertfordshire Constabulary,-0.276715,51.653792,On or near DRAYTON ROAD,E01023539,Hertsmere 011A,Investigation complete; no suspect identified
09b4af39ce7761991d43fe286f5fc9fc5b8bbef3d2db393e4593cfdbfadbdbbb,2021-07,Hertfordshire Constabulary,Hertfordshire Constabulary,-0.378290,51.648782,On or near HILLSIDE ROAD,E01023559,Hertsmere 012B,Unable to prosecute suspect
9ee435c96b6ff469979e551ed8ea6e81ab9b3b63e63fec1e79b92895bae5ae81,2021-07,Hertfordshire Constabulary,Hertfordshire Constabulary,-0.029842,51.723386,On or near VANCOUVER ROAD,E01023342,Broxbourne 005C,Investigation complete; no suspect identified
26f2a17d23e985d891394e76c09bd1631105daf45887132d3aa40520b6cdde0a,2021-07,Hertfordshire Constabulary,Hertfordshire Constabulary,-0.022534,51.946261,On or near Police Station,E01023464,East Hertfordshire 001B,Unable to prosecute suspect
b3cb27ee99b0b91f037fc22ee41d87eed29cce1b6e87a465262a4c38ae5bcb9c,2021-07,Hertfordshire Constabulary,Hertfordshire Constabulary,-0.410212,51.666357,On or near KENILWORTH COURT,E01023879,Watford 007B,Investigation complete; no suspect identified
4b83f5a2dad31eb7145c5977cc973e83b3256f5dff70a2d48ccccba1ad5db508,2021-07,Hertfordshire Constabulary,Hertfordshire Constabulary,-0.352802,51.637736,On or near LINNET CLOSE,E01023550,Hertsmere 013C,Unable to prosecute suspect
16d961876078c2aed3d977488fbacb92723f49d038fed21dcb0e56c34dede138,2021-07,Hertfordshire Constabulary,Hertfordshire Constabulary,-0.246361,51.981414,On or near HALL MEAD,E01023650,North Hertfordshire 007B,Unable to prosecute suspect
e1543d46f60cc61ee6ce812ff0af37cae717b50c0d035b262b9ee64d11df59cf,2021-07,Hertfordshire Constabulary,Hertfordshire Constabulary,-0.463449,51.757911,On or near DOWNSIDE,E01023401,Dacorum 008A,Unable to prosecute suspect
eb303f222ef318839801670596b2395ddfd48fa2d6e4a7f4ec220eb0761f046b,2021-07,Hertfordshire Constabulary,Hertfordshire Constabulary,-0.298737,51.748574,On or near ST EDMUNDS WALK,E01023677,St Albans 015A,Suspect charged
94b5292f6b5203f6ce85260afd76a4897de79d9a06dc91c4dd78566aad4a84c8,2021-07,Hertfordshire Constabulary,Hertfordshire Constabulary,-0.415803,51.785800,On or near AUBREY LANE,E01023722,St Albans 006A,Unable to prosecute suspect
24f9c4813bf85f862e9fb4d3d658b4c98529d72e30e8cbd74bf39a4d2548b8be,2021-07,Hertfordshire Constabulary,Hertfordshire Constabulary,-0.237817,51.765040,On or near GOLDSMITH WAY,E01033308,Welwyn Hatfield 010E,Suspect charged
e55c86faf5d89003f49f99296539f3d4c86be06e973e31ab92379d03b1adaaf4,2021-07,Hertfordshire Constabulary,Hertfordshire Constabulary,-0.032000,51.699691,On or near KING ARTHUR COURT,E01023300,Broxbourne 010D,Unable to prosecute suspect
8f9f41c4eaa6308fc3a25a0f9a7a3d0043a2389b9c2e602097f62366f1a77628,2021-07,Hertfordshire Constabulary,Hertfordshire Constabulary,-0.390146,51.621744,On or near ALTHAM GARDENS,E01023843,Three Rivers 012C,Unable to prosecute suspect
e311bea38872d30a7d5720ea1d88a7c48b99d515c83e6fc72c3db7491d6cb7cb,2021-07,Hertfordshire Constabulary,Hertfordshire Constabulary,-0.008800,51.871602,On or near RIGERY LANE,E01023507,East Hertfordshire 006C,Suspect charged
348e0ea97208892b4cba861537a830f274a85aa4297eac0b9bcbb28ddbb58a08,2021-07,Hertfordshire Constabulary,Hertfordshire Constabulary,-0.400165,51.653146,On or near MERTON ROAD,E01023862,Watford 009D,Unable to prosecute suspect
55beffcc09c71be8bbceb98e266dee2e37eb3b66d590c70ecb37e45964c460a4,2021-07,Hertfordshire Constabulary,Hertfordshire Constabulary,-0.038989,51.827112,On or near Park/Open Space,E01023506,East Hertfordshire 006B,Investigation complete; no suspect identified
f507cf7bb48738a0a6dad15f6c92ce728c1be00e8923b898a7b88d3e9277564a,2021-07,Hertfordshire Constabulary,Hertfordshire Constabulary,-0.214864,51.823745,On or near Petrol Station,E01023970,Welwyn Hatfield 002D,Investigation complete; no suspect identified
7b815f85a56839eaae77328fb98c3b18b879baedf3e9fb557e886f75d0105a9d,2021-07,Hertfordshire Constabulary,Hertfordshire Constabulary,-0.195291,51.797162,On or near ESSENDON GARDENS,E01023954,Welwyn Hatfield 007A,Unable to prosecute suspect
43cdb6feddbba2f2785bd92e0c0a4b53b9d8ab39e06d2a0048da0c6e1b98959e,2021-07,Hertfordshire Constabulary,Hertfordshire Constabulary,0.160876,51.867096,On or near Theatre/Concert Hall,E01023446,East Hertfordshire 007D,Unable to prosecute suspect
05794be48ebc6b7b94fc9ad65b41d313b0b686c15c8061dc7ec7327f17406390,2021-07,Hertfordshire Constabulary,Hertfordshire Constabulary,-0.239023,51.763458,On or near HARPSFIELD BROADWAY,E01033308,Welwyn Hatfield 010E,Investigation complete; no suspect identified
4fbbd1ae338cf90e853396b7861f3ba8db6905b223448b71bf35c4b43639c1c9,2021-07,Hertfordshire Constabulary,Hertfordshire Constabulary,-0.474948,51.745175,On or near STATION ROAD,E01023398,Dacorum 015D,Unable to prosecute suspect
49654def349da53fbaaed598c3f5b7211f28521a0a0eaf693bfc22747fe747da,2021-07,Hertfordshire Constabulary,Hertfordshire Constabulary,-0.234698,51.992120,On or near DUNLIN,E01023637,North Hertfordshire 003C,Local resolution
ebdf86ef9ae32b68745a81f18ac677cb6e100baef76a9d8c976ed70f9780d92b,2021-07,Hertfordshire Constabulary,Hertfordshire Constabulary,-0.469105,51.737204,On or near AVIA CLOSE,E01033023,Dacorum 018H,Unable to prosecute suspect
19cab6d5f1ad66294e9e81ace902a9d196ac656bbe5707b631587552af391abb,2021-07,Hertfordshire Constabulary,Hertfordshire Constabulary,-0.469545,51.756336,On or near BROAD STREET,E01023400,Dacorum 015E,Unable to prosecute suspect
fa10793834707cb983c5ba1b98eced26efcaf66aabe981425de8268620e163be,2021-07,Hertfordshire Constabulary,Hertfordshire Constabulary,-0.433907,51.630860,On or near NORTH APPROACH,E01023841,Three Rivers 011C,Unable to prosecute suspect
1c55bef02bc89cc9368703ce61e2815de779367cf851d02b3a734efa1a582cbf,2021-07,Hertfordshire Constabulary,Hertfordshire Constabulary,-0.397732,51.640156,On or near THORPE CRESCENT,E01023883,Watford 012B,Unable to prosecute suspect
fa5377ce0a18622002647a097e2116b96e435dbb591aa009583547359c5c6105,2021-07,Hertfordshire Constabulary,Hertfordshire Constabulary,0.160804,51.869238,On or near Shopping Area,E01023450,East Hertfordshire 004B,Investigation complete; no suspect identified
3a94272f6149cc693ca4824e02f05189b1f747752a575fe96cc053ad90c40cf4,2021-07,Hertfordshire Constabulary,Hertfordshire Constabulary,-0.178859,51.924136,On or near Pedestrian Subway,E01023790,Stevenage 001D,Unable to prosecute suspect
dd7380cf2cb4709b3250f4aa42c85f30c7ac9f6ec53118d107d53965dc97ba25,2021-07,Hertfordshire Constabulary,Hertfordshire Constabulary,-0.018798,51.767011,On or near WOOLLENS GROVE,E01023322,Broxbourne 003C,Investigation complete; no suspect identified
e04f281cf97f63d7f180f39e94d1d6f491d0c2be9c8831f47598ff02300f4957,2021-07,Hertfordshire Constabulary,Hertfordshire Constabulary,-0.044776,51.707458,On or near DEWHURST ROAD,E01023294,Broxbourne 011B,Unable to prosecute suspect
2b8c53b09fbcc9c6c2ce98e71232d3f6d0eb981b146e9387138c3a72f68e395a,2021-07,Hertfordshire Constabulary,Hertfordshire Constabulary,-0.353423,51.672040,On or near MORGAN GARDENS,E01023528,Hertsmere 010A,Suspect charged
779d5ad366f9d6c2f32ea26cc6f5898280dd40bbcae180d63be138c803bd1bde,2021-07,Hertfordshire Constabulary,Hertfordshire Constabulary,-0.284503,51.658492,On or near RED ROAD,E01023532,Hertsmere 007D,Unable to prosecute suspect
41c94900ec1caac619a8b4095459a85290d2cff2433649209e8c069ee95c4432,2021-07,Hertfordshire Constabulary,Hertfordshire Constabulary,-0.509951,51.660840,On or near CHORLEYWOOD HOUSE DRIVE,E01023814,Three Rivers 004C,Local resolution
c625a51146ac9d87b6cf44db6ac49c0c18f3df3d742de184012c09a6ae57fd86,2021-07,Hertfordshire Constabulary,Hertfordshire Constabulary,-0.280599,51.667669,On or near WELHAM CLOSE,E01023536,Hertsmere 006C,Unable to prosecute suspect
0fdd0240ad590db61cb00c3d45e29e029cec4de11f8d3f64e8a366b4092031ac,2021-07,Hertfordshire Constabulary,Hertfordshire Constabulary,-0.048327,51.709370,On or near CHURCH LANE,E01023310,Broxbourne 006D,Investigation complete; no suspect identified
8fbce089cae0ae5aac4e36d2a9856004e4fcd40f3140e25eef9b987df2662371,2021-07,Hertfordshire Constabulary,Hertfordshire Constabulary,-0.471010,51.749413,On or near WOLSEY ROAD,E01023398,Dacorum 015D,Investigation complete; no suspect identified
c36a7fbc76fa6464118837e7d93778cfedd0f7c197ab48b747ff91070637ffeb,2021-07,Hertfordshire Constabulary,Hertfordshire Constabulary,-0.471974,51.757770,On or near QUEENSWAY,E01023400,Dacorum 015E,Unable to prosecute suspect
0938335e160a3251fd8bf792b7faf7793d5b7301239dffc8a2e2cde62c9ae469,2021-07,Hertfordshire Constabulary,Hertfordshire Constabulary,-0.300474,51.762115,On or near WHEATLEYS,E01023712,St Albans 008D,Offender given a caution
320eea9011518c0184dcde8efaf2bbeaa460abcce14c50e88e228935146d9ccf,2021-07,Hertfordshire Constabulary,Hertfordshire Constabulary,-0.007447,51.761469,On or near Pedestrian Subway,E01023320,Broxbourne 003A,Investigation complete; no suspect identified
c79660efa3eb5ccefc5049304d3e233d68eef80f0e4d9707ceff40bc1115d8d1,2021-07,Hertfordshire Constabulary,Hertfordshire Constabulary,-0.018108,51.815171,On or near QUEENS ROAD,E01023518,East Hertfordshire 012D,Unable to prosecute suspect
03d3943dbe53ffae3adfff93a8868cc77e9812af121139282277b4c74206d052,2021-07,Hertfordshire Constabulary,Hertfordshire Constabulary,-0.199558,51.896778,On or near Further/Higher Educational Building,E01023786,Stevenage 011D,Unable to prosecute suspect
5488fbc638bca4140ac21f0e1b6c9a25626b4cfb09ed5145714228d60fcfc810,2021-07,Hertfordshire Constabulary,Hertfordshire Constabulary,-0.178039,51.694062,On or near Petrol Station,E01023580,Hertsmere 001E,Investigation complete; no suspect identified
4ef2ec044fe503cf26459c0402d8bd7d714818e00189a0fc70fb3d9ee781ac9f,2021-07,Hertfordshire Constabulary,Hertfordshire Constabulary,-0.338012,51.755629,On or near CATHERINE STREET,E01023728,St Albans 012C,Investigation complete; no suspect identified
c2e79da86d30ab37687f82cedfa4aa7f19bd717295cb5061a2220733785d50bb,2021-07,Hertfordshire Constabulary,Hertfordshire Constabulary,-0.404029,51.696235,On or near HOPE GREEN,E01023906,Watford 001C,Offender given a caution
964d535125afbf9326dd6e8ef274ac6a54de9eca7d2b5be6450aff4c02f7006a,2021-07,Hertfordshire Constabulary,Hertfordshire Constabulary,-0.182853,51.865913,On or near Supermarket,E01023628,North Hertfordshire 015E,Investigation complete; no suspect identified
85e17a487cd71b5c1503d642382c456e5b446a918dab2c1b9c118cdae280c98a,2021-07,Hertfordshire Constabulary,Hertfordshire Constabulary,-0.448444,51.778889,On or near YEOMANS COURT,E01023395,Dacorum 007C,Suspect charged
1e6ddb5053cfcb89af21902a046b411181089fe2085932b45b133160cdd4412b,2021-07,Hertfordshire Constabulary,Hertfordshire Constabulary,-0.036173,51.701569,On or near ALBURY GROVE ROAD,E01023334,Broxbourne 012C,Formal action is not in the public interest
d43d93544e8231ac40aeec424e40404758a9a457809d6e08afac28e5ea57e1a1,2021-07,Hertfordshire Constabulary,Hertfordshire Constabulary,-0.204587,51.801198,On or near Shopping Area,E01023918,Welwyn Hatfield 006C,Investigation complete; no suspect identified
4c1f6bd97a1442757e769347293516b093f646fd566126cbf9d875d360246de1,2021-07,Hertfordshire Constabulary,Hertfordshire Constabulary,-0.206721,51.888075,On or near A602,E01023786,Stevenage 011D,Investigation complete; no suspect identified
f885c3081a3f181a82f2110463371637f230487ba541b5566ddf2a7033f91572,2021-07,Hertfordshire Constabulary,Hertfordshire Constabulary,-0.469545,51.756336,On or near BROAD STREET,E01023400,Dacorum 015E,Unable to prosecute suspect
aaa22a0f3828fef47c624454e98e56aa891e7a5420f4c5624333fa856b0eb76f,2021-07,Hertfordshire Constabulary,Hertfordshire Constabulary,-0.423118,51.652809,On or near MAYTHORNE CLOSE,E01023886,Watford 008A,Unable to prosecute suspect
e8e40339a882fa6622d5bf9a013cf8a763e5ef05e5e2d167c518893be43fef10,2021-07,Hertfordshire Constabulary,Hertfordshire Constabulary,-0.277920,51.690650,On or near HAWKSMOOR,E01023583,Hertsmere 004C,Investigation complete; no suspect identified
8010f61d204a541ace099ed673699270b170e8cf3e136cedf17b2325c7861006,2021-07,Hertfordshire Constabulary,Hertfordshire Constabulary,-0.202131,51.783797,On or near DRYCROFT,E01023941,Welwyn Hatfield 009C,Unable to prosecute suspect
7ea47d0aa8a66bd7621e2db7c01154182bc8cf4e9b03c9fb442b1a0885c4ecea,2021-07,Hertfordshire Constabulary,Hertfordshire Constabulary,-0.028633,51.837945,On or near ERMINE STREET,E01023506,East Hertfordshire 006B,Investigation complete; no suspect identified
d965fc987e0f94b1a3f512c3b919a467f0cc48ae98ab0dbff55b877a566f63d2,2021-07,Hertfordshire Constabulary,Hertfordshire Constabulary,-0.346400,51.745739,On or near Parking Area,E01023743,St Albans 014B,Local resolution
7270d019bb31555c933010739473ec8d8b34618cfa318736be38e9d03779b6f4,2021-07,Hertfordshire Constabulary,Hertfordshire Constabulary,-0.247499,51.985073,On or near BEDFORD ROAD,E01023635,North Hertfordshire 003A,Unable to prosecute suspect
b43c1c61a370132b58c5c2d7706ce3ce94ca428a3e7542d2a6147033fefbaecf,2021-07,Hertfordshire Constabulary,Hertfordshire Constabulary,-0.278588,51.947541,On or near MARKET PLACE,E01023616,North Hertfordshire 012F,Unable to prosecute suspect
70cafc7c00527bf70668cdf4836d39933c0b6129f477776f8fa4c66f777f53ac,2021-07,Hertfordshire Constabulary,Hertfordshire Constabulary,-0.207010,51.801901,On or near HOWARDSGATE,E01023918,Welwyn Hatfield 006C,Suspect charged
817721df68b927e2eaf8773906b72748181f4b069a22db50943117085e81b488,2021-07,Hertfordshire Constabulary,Hertfordshire Constabulary,-0.018978,51.761574,On or near BURNSIDE,E01023323,Broxbourne 003D,Suspect charged
6322feb7c26dc700a54696eb3a0d1a58f31871e9e8e53bfd07342289bf8a5258,2021-07,Hertfordshire Constabulary,Hertfordshire Constabulary,-0.357216,51.647563,On or near MOAT VIEW COURT,E01023561,Hertsmere 012D,Investigation complete; no suspect identified
9a9466e2fb8522f711cab23518bfbbc540acbc7b3ed01d588154aa1a1796d6a6,2021-07,Hertfordshire Constabulary,Hertfordshire Constabulary,0.159718,51.871137,On or near DEVOILS LANE,E01023449,East Hertfordshire 004A,Unable to prosecute suspect
1c6ef0811850a092bdbc52c69bc2e0fa03667e77967963ba4ad8f532a6563237,2021-07,Hertfordshire Constabulary,Hertfordshire Constabulary,-0.494791,51.762219,On or near Sports/Recreation Area,E01023390,Dacorum 010A,Unable to prosecute suspect
9efd8965859824c022715bc687c3c26c5427465b08444338b72a1022b1663e17,2021-07,Hertfordshire Constabulary,Hertfordshire Constabulary,-0.150874,51.901589,On or near LONG LANE,E01023467,East Hertfordshire 002A,Investigation complete; no suspect identified
566fd89b90dd54a448d3010aada60bfed0b0be9aa6f391e3ec53e4eefc731a8a,2021-07,Hertfordshire Constabulary,Hertfordshire Constabulary,-0.087539,51.799541,On or near MILLMEAD WAY,E01023470,East Hertfordshire 014A,Unable to prosecute suspect
35336411bb406b131c5cd33f1bc431f9e9522e82878aff51a78e789271d56f7c,2021-07,Hertfordshire Constabulary,Hertfordshire Constabulary,-0.209976,51.904895,On or near Sports/Recreation Area,E01023776,Stevenage 002A,Action to be taken by another organisation
4012f76dc4091795f8236a8fceac01191700afab661687da14c27f16b37ed715,2021-07,Hertfordshire Constabulary,Hertfordshire Constabulary,-0.341228,51.764729,On or near GRIMTHORPE CLOSE,E01023672,St Albans 009D,Unable to prosecute suspect
0792215ab3369ca89240804de47c1df110a4ce8704d729add597638be6b3805c,2021-07,Hertfordshire Constabulary,Hertfordshire Constabulary,-0.308078,51.639617,On or near CENTENNIAL AVENUE,E01023564,Hertsmere 010B,Unable to prosecute suspect
6757cd65d146d098dd36e55e827975807b60d6768051fa29b699de4e77e1c729,2021-07,Hertfordshire Constabulary,Hertfordshire Constabulary,-0.031623,51.810992,On or near HIGH STREET,E01023514,East Hertfordshire 012C,Unable to prosecute suspect
eed17378252a1d1db3b899a8b9390438f76e0b7882cc9c0567c6e4261203b661,2021-07,Hertfordshire Constabulary,Hertfordshire Constabulary,-0.049952,51.711294,On or near FLAMSTEAD END ROAD,E01023310,Broxbourne 006D,Formal action is not in the public interest
c143bfaa74ba8ddd70e3519b4ae4f5210eb06c1c251719b5750cceedf9326066,2021-07,Hertfordshire Constabulary,Hertfordshire Constabulary,-0.398311,51.651610,On or near Theatre/Concert Hall,E01023902,Watford 010D,Unable to prosecute suspect
4b7943c6f217606d5f97616a37f7ff4dc21667c9bf1e86678dede73b7067eef9,2021-07,Hertfordshire Constabulary,Hertfordshire Constabulary,-0.437416,51.775857,On or near KIMPTON CLOSE,E01023434,Dacorum 005A,Investigation complete; no suspect identified
c2511d07e512af9ce8c2f59b6fa3bb0d024cb1b256a423a901dd5186524005e2,2021-07,Hertfordshire Constabulary,Hertfordshire Constabulary,-0.325050,51.730411,On or near Parking Area,E01023738,St Albans 017B,Suspect charged
16244b9ccaf605813be5bc49ace0e2498441040eaea33ddba44461d6ccbdd45e,2021-07,Hertfordshire Constabulary,Hertfordshire Constabulary,-0.342538,51.828239,On or near NORTHFIELD ROAD,E01023687,St Albans 002C,Unable to prosecute suspect
999d5a77a11c2694cb3b2992e61731a758d6c5b46253508f98c176624524f428,2021-07,Hertfordshire Constabulary,Hertfordshire Constabulary,-0.033943,51.713608,On or near BROOKFIELD LANE EAST,E01023305,Broxbourne 008D,Unable to prosecute suspect
421337eee431b81378a721c3952e49ee1021aea220586b0d26b66dfef010096d,2021-07,Hertfordshire Constabulary,Hertfordshire Constabulary,-0.006792,52.049844,On or near Sports/Recreation Area,E01023658,North Hertfordshire 002E,Investigation complete; no suspect identified
3478e8f03ed32ef6a839f63502c39b0fa3ef76d0e9a49674cfe8904adff684c6,2021-07,Hertfordshire Constabulary,Hertfordshire Constabulary,-0.020902,51.760644,On or near ROSEHILL CLOSE,E01023323,Broxbourne 003D,Suspect charged
33b09d25d5e5a06ccb422b8ffce594fc02ce3f8ac557fb41bffb9b0db4f65c0e,2021-07,Hertfordshire Constabulary,Hertfordshire Constabulary,-0.398009,51.656903,On or near Shopping Area,E01023861,Watford 009C,Investigation complete; no suspect identified
94a5b628ec92166fe0b56e5794d0909f72449277024cbc43a620d4656b0beeb0,2021-07,Hertfordshire Constabulary,Hertfordshire Constabulary,-0.399154,51.644509,On or near RIVERSIDE ROAD,E01023883,Watford 012B,Unable to prosecute suspect
caa9d5fca05f6e2127fcad8ed989cf4413d9a202c2efd432d1d5467919b47d21,2021-07,Hertfordshire Constabulary,Hertfordshire Constabulary,-0.400950,51.636594,On or near BROADFIELDS LANE,E01023846,Three Rivers 008D,Investigation complete; no suspect identified
59b07f005a39e926ff709225fd9aa0e44c4255946a7a19acaf35a9596bc2ea4f,2021-07,Hertfordshire Constabulary,Hertfordshire Constabulary,-0.104545,51.804538,On or near Pedestrian Subway,E01023488,East Hertfordshire 015B,Investigation complete; no suspect identified
d16c5eeb5f4982f42018705eb92451e572ad793e4fc048b3cb713b4190b975f9,2021-07,Hertfordshire Constabulary,Hertfordshire Constabulary,-0.165133,51.898036,On or near Sports/Recreation Area,E01023752,Stevenage 009C,Unable to prosecute suspect
ba92d00befd4db073bb1c73b5d1df0b58e33ccd9f605467200f7c55ea563517e,2021-07,Hertfordshire Constabulary,Hertfordshire Constabulary,-0.279511,51.741380,On or near BARLEY MOW LANE,E01023678,St Albans 015B,Investigation complete; no suspect identified
6fcbee26b9ee4cf1678b13e04bed7521221ae0726915581699660d1c1205d99a,2021-07,Hertfordshire Constabulary,Hertfordshire Constabulary,-0.178681,51.921715,On or near CHESTER ROAD,E01023789,Stevenage 001C,Unable to prosecute suspect
980c81212059c4f64dfe732a56af5e382c323956695680bd89f3b963714b8580,2021-07,Hertfordshire Constabulary,Hertfordshire Constabulary,-0.427348,51.755644,On or near Petrol Station,E01023409,Dacorum 017A,Investigation complete; no suspect identified
7353fa633da55a7671d8c303a97866ba58996333a51ce030cb5a386f7e2e884d,2021-07,Hertfordshire Constabulary,Hertfordshire Constabulary,-0.018873,51.682493,On or near Sports/Recreation Area,E01023338,Broxbourne 013C,Unable to prosecute suspect
0b31dfeefb741bc04bab2b09186481cdfdd777766755db3264be34b74c301782,2021-07,Hertfordshire Constabulary,Hertfordshire Constabulary,-0.043319,51.781764,On or near PRIORS WOOD ROAD,E01023481,East Hertfordshire 018D,Investigation complete; no suspect identified
b61e845a2f9fdffb4d9fc7c524dff493a4f11a202598b1a3f2c877ceebd2fee5,2021-07,Hertfordshire Constabulary,Hertfordshire Constabulary,-0.396071,51.624550,On or near FERNDOWN ROAD,E01023842,Three Rivers 012B,Offender given a caution
98685a53b61d185e62d7a7a1c0204e783f11b536f9c977abe7e1d9ba2699b36d,2021-07,Hertfordshire Constabulary,Hertfordshire Constabulary,-0.434735,51.778753,On or near BERKELEY SQUARE,E01023437,Dacorum 005D,Unable to prosecute suspect
187944fd72a8c093887e1aba7d7f0838ed789d99c466aed18dfd19d4ad409172,2021-07,Hertfordshire Constabulary,Hertfordshire Constabulary,-0.203206,51.786664,On or near LAWRENCE HALL END,E01023941,Welwyn Hatfield 009C,Investigation complete; no suspect identified
b7cd8fd743273c21d5fd44d760d0aacca9e8da2fc4cb42e0302f1c64d58cc67b,2021-07,Hertfordshire Constabulary,Hertfordshire Constabulary,-0.255581,51.651879,On or near WARREN GROVE,E01023546,Hertsmere 009C,Unable to prosecute suspect
c2661192416d01a61d910591b850ad5a5d3b0f3d1a616c4f6610b14d891d06c2,2021-07,Hertfordshire Constabulary,Hertfordshire Constabulary,-0.173937,51.790862,On or near LITTLE GANETT,E01023943,Welwyn Hatfield 008A,Investigation complete; no suspect identified
1ad1a04924123ab2bed510240c82f80a1e55e9b485f9bf72bc0bc4f336a78dd3,2021-07,Hertfordshire Constabulary,Hertfordshire Constabulary,-0.373174,51.664501,On or near PINFOLD ROAD,E01023555,Hertsmere 008D,Investigation complete; no suspect identified
d9311156244c0a0380df2f9c273251feb559edcd91aba632fb598cdf11e730b5,2021-07,Hertfordshire Constabulary,Hertfordshire Constabulary,-0.405429,51.647742,On or near WILLOW LANE,E01023901,Watford 010C,Unable to prosecute suspect
e1cab1e26c188ef7bbeb5c19a6435b9d0fb97ef31295509a1e182b22e622a88f,2021-07,Hertfordshire Constabulary,Hertfordshire Constabulary,-0.348145,51.809057,On or near KINGS COURT,E01023703,St Albans 003E,Offender given a caution
21e2b8d31498f4e1bee088bfb323f484e4574b58ef6ab3c0bfddfd2cde355cc9,2021-07,Hertfordshire Constabulary,Hertfordshire Constabulary,-0.220962,51.768365,On or near CLARKE'S ROAD,E01023930,Welwyn Hatfield 010B,Suspect charged
8662f48bca3bb58c9da4a03f21f6aeaf459e4f00bc4c278d4b0fd0d8f7dabdf3,2021-07,Hertfordshire Constabulary,Hertfordshire Constabulary,-0.193592,51.907099,On or near BROADVIEW,E01023779,Stevenage 006B,Investigation complete; no suspect identified
72067b8bba0b363be6dd007586ea3261c67ef6970f8de3ffa8cb6a0a940811e1,2021-07,Hertfordshire Constabulary,Hertfordshire Constabulary,-0.470828,51.753952,On or near Supermarket,E01023398,Dacorum 015D,Investigation complete; no suspect identified
108dea5a01cdd5c5f8df3012b14a164331a04e553f57a46730cbe25e49c7d8cd,2021-07,Hertfordshire Constabulary,Hertfordshire Constabulary,-0.173147,51.697331,On or near OAKMERE LANE,E01023572,Hertsmere 003B,Unable to prosecute suspect
7c1716f32d78ec4b821a0645180d8e8617d615e44200b87742d4ce1e2c36f63d,2021-07,Hertfordshire Constabulary,Hertfordshire Constabulary,-0.171074,51.692389,On or near CARPENTER WAY,E01023574,Hertsmere 003D,Unable to prosecute suspect
7f6ec186427850dc2787a47febeb9d5f13b4942a0103a7bd9816f8b26052434e,2021-07,Hertfordshire Constabulary,Hertfordshire Constabulary,,,No location,,,Investigation complete; no suspect identified
f461178cbe0a4dc2f4234a833a0c5dd5b207332bbb3daf3109e037be0b808976,2021-07,Hertfordshire Constabulary,Hertfordshire Constabulary,-0.176064,51.693879,On or near VIEW ROAD,E01023572,Hertsmere 003B,Investigation complete; no suspect identified
5b85bbfe8d1273efbee1d7ca57fec3d82de49db85d36502d048c275fb0b21da2,2021-07,Hertfordshire Constabulary,Hertfordshire Constabulary,-0.223086,51.915263,On or near HOPTON ROAD,E01023795,Stevenage 005A,Suspect charged
6636de93e2efe483b1cb79f9d732aad2123718d6fd356de394c48dde8e9bb65e,2021-07,Hertfordshire Constabulary,Hertfordshire Constabulary,-0.472888,51.640797,On or near Pedestrian Subway,E01023851,Three Rivers 004D,Unable to prosecute suspect
777b88fc4fe72b6b043614f8b6f17b54a982d39f7bb68a2daa752dbe4753baa6,2021-07,Hertfordshire Constabulary,Hertfordshire Constabulary,-0.468307,51.761652,On or near CHURCH STREET,E01023399,Dacorum 010C,Investigation complete; no suspect identified
0edb8fdf43c6e6d6c87b5a83be44cf5c545e45b026342b94bba13df308a09736,2021-07,Hertfordshire Constabulary,Hertfordshire Constabulary,-0.240992,51.747113,On or near TUDOR CLOSE,E01023934,Welwyn Hatfield 013B,Local resolution
ae688f02a8353a1da3a74b78d87625ce102cdb73de6f13ac6a0e43a37d66796a,2021-07,Hertfordshire Constabulary,Hertfordshire Constabulary,-0.350126,51.826709,On or near ST JAMES ROAD,E01023693,St Albans 001D,Unable to prosecute suspect
750c923d31925d730ec27f2d976988849d78b5e4e1e1763b66ddf9960c8722e6,2021-07,Hertfordshire Constabulary,Hertfordshire Constabulary,-0.385379,51.618486,On or near BENTON ROAD,E01023805,Three Rivers 010A,Unable to prosecute suspect
77a7a5a1253324ba4726b576df015d16a05041ac84a0e09277a09057cbb61e31,2021-07,Hertfordshire Constabulary,Hertfordshire Constabulary,-0.032236,51.686234,On or near Parking Area,E01023337,Broxbourne 013B,Investigation complete; no suspect identified
f0e729cca001ef1bab85a953d3481e5ee78537fa40a73cda7c28b34a59df7f19,2021-07,Hertfordshire Constabulary,Hertfordshire Constabulary,-0.050614,51.802217,On or near COCKBUSH AVENUE,E01023484,East Hertfordshire 016C,Unable to prosecute suspect
719e404c0571fa289b5aabc1cca78ab4755693585bacc7ebc1d192773b8d5d66,2021-07,Hertfordshire Constabulary,Hertfordshire Constabulary,-0.037445,51.718001,On or near Supermarket,E01023305,Broxbourne 008D,Investigation complete; no suspect identified
42bd01c9a806ef960439930e897828abb9eb211df06102c70d939efc7a6a317f,2021-07,Hertfordshire Constabulary,Hertfordshire Constabulary,-0.398009,51.656903,On or near Shopping Area,E01023861,Watford 009C,Suspect charged
25a810e9d6fcf707bc89837f9580b7b2aa5c609c433be632044c8d5b920d823a,2021-07,Hertfordshire Constabulary,Hertfordshire Constabulary,-0.269328,51.655688,On or near Supermarket,E01023541,Hertsmere 011C,Investigation complete; no suspect identified
021e052924b13772b2b76963b95458c0e7e9c744a460709e9a9b72f0d0f6d447,2021-07,Hertfordshire Constabulary,Hertfordshire Constabulary,-0.225087,51.761126,On or near WOOD VALE,E01023924,Welwyn Hatfield 011A,Unable to prosecute suspect
3438519ce0453a843381b35b2b448dcd89777ce4bf825ee9ffaedcff92757fcf,2021-07,Hertfordshire Constabulary,Hertfordshire Constabulary,-0.198592,51.892951,On or near Shopping Area,E01023786,Stevenage 011D,Suspect charged
438e2fa4e09c59541eea1dd7e6e00ae05bcc1fad4a2f0ae666d2a001406d9ac7,2021-07,Hertfordshire Constabulary,Hertfordshire Constabulary,-0.187146,51.916253,On or near POLLARD GARDENS,E01023781,Stevenage 006D,Unable to prosecute suspect
780f5563fbbf60c6f4319e4509aac0890836b0022dbcc25fa52be981d704c73e,2021-07,Hertfordshire Constabulary,Hertfordshire Constabulary,-0.311382,51.722968,On or near GOLDRING WAY,E01033029,St Albans 018G,Unable to prosecute suspect
2c41595206ef26aa5e8f866821d3b8883a78a8339326f39bcafe6e40d6c6c2fb,2021-07,Hertfordshire Constabulary,Hertfordshire Constabulary,0.032328,51.740734,On or near HOE LANE,E01021794,Epping Forest 002D,Suspect charged
0fd97ef06ab9be9ea1706397f423ff3f45fa293e4d9e2f89f84b43f8d9fb1c59,2021-07,Hertfordshire Constabulary,Hertfordshire Constabulary,-0.031619,52.055369,On or near ORCHARD WAY,E01023656,North Hertfordshire 002C,Unable to prosecute suspect
03d905371f727ba9aa6b3ea987dbcf304c498b921636dd5462801370c12cf2e2,2021-07,Hertfordshire Constabulary,Hertfordshire Constabulary,-0.334409,51.719646,On or near CURO PARK,E01023720,St Albans 019C,Investigation complete; no suspect identified
83b0c2c54d69cad005dc010b9207814f638856c837f7e3c5f35ace6c8fdf960f,2021-07,Hertfordshire Constabulary,Hertfordshire Constabulary,-0.203236,51.984145,On or near Supermarket,E01023633,North Hertfordshire 006D,Investigation complete; no suspect identified
9ca17b0058a529bfc00d6d8d0e7bf51a480dbd55deafbf6ff4f8158fd11f5651,2021-07,Hertfordshire Constabulary,Hertfordshire Constabulary,-0.391751,51.658463,On or near QUEEN'S PLACE,E01023859,Watford 009A,Unable to prosecute suspect
a162ea97c42f94b2eed0b61ca78c7d4b2b6a9466cd2a260a69e524276f2f568f,2021-07,Hertfordshire Constabulary,Hertfordshire Constabulary,-0.073076,51.706694,On or near GOFF'S LANE,E01023314,Broxbourne 009A,Investigation complete; no suspect identified
a810749e4b0fa91e379aaee37342b4d93bc7267e18331a196a04997d5cbd0044,2021-07,Hertfordshire Constabulary,Hertfordshire Constabulary,-0.186489,51.979096,On or near LONDON ROAD,E01023593,North Hertfordshire 004G,Offender given a caution
46b199fe76777933f5e9efd4301a5c70d3d25d64e80951dd0d095bf567c7d094,2021-07,Hertfordshire Constabulary,Hertfordshire Constabulary,-0.474722,51.750603,On or near Parking Area,E01023398,Dacorum 015D,Investigation complete; no suspect identified
c6d94b2d324e1b6a151b1aad213dd989a4ee51d4f614eb068dfc1788452c5ede,2021-07,Hertfordshire Constabulary,Hertfordshire Constabulary,-0.012292,51.939308,On or near WINDMILL HILL,E01023464,East Hertfordshire 001B,Unable to prosecute suspect
8476738512efd209591352899f4cc058eb570ba86a36ae916f08faf88acd2626,2021-07,Hertfordshire Constabulary,Hertfordshire Constabulary,-0.170147,51.899471,On or near COLLENSWOOD ROAD,E01023752,Stevenage 009C,Suspect charged
e5bd95d275abbaf96b9ca86ddb3ad31c36e811ee6c4fd529abf3d5cee3a8982a,2021-07,Hertfordshire Constabulary,Hertfordshire Constabulary,-0.393249,51.628773,On or near SWANSTON PATH,E01023828,Three Rivers 008B,Investigation complete; no suspect identified
a5475b1f4a0f88b8c490529d0ddf5875bda54a38da54546acdd8905372281525,2021-07,Hertfordshire Constabulary,Hertfordshire Constabulary,-0.381032,51.674042,On or near WOODMERE AVENUE,E01023897,Watford 005C,Unable to prosecute suspect
aeda23b4828cd7ac252ae0d801868bff660291d9bcbd2df1d9553e7cfec7b2b9,2021-07,Hertfordshire Constabulary,Hertfordshire Constabulary,,,No location,,,Investigation complete; no suspect identified
e69f7b57c60833e690d876ebb848ebde5bbda4fa32a46cee1a1ba2763b7ef7b7,2021-07,Hertfordshire Constabulary,Hertfordshire Constabulary,-0.366114,51.646518,On or near GLENCOE ROAD,E01023563,Hertsmere 012F,Investigation complete; no suspect identified
52075862c8c3a82e58e2776e2c564f1d1137a8c6a54528aca87cef21538e3aec,2021-07,Hertfordshire Constabulary,Hertfordshire Constabulary,-0.390431,51.652465,On or near NEW ROAD,E01023860,Watford 009B,Investigation complete; no suspect identified
e7081c9af5c044e76e2b289515fe83792ee5b4be6a05ee2665938d6806517c4f,2021-07,Hertfordshire Constabulary,Hertfordshire Constabulary,-0.418396,51.644788,On or near TOLPITS LANE,E01023864,Watford 011B,Unable to prosecute suspect
0017d7bb69b3eba6cc948aac43b8f8dba5c86a16e341407603fa9167b65677f1,2021-07,Hertfordshire Constabulary,Hertfordshire Constabulary,-0.397609,51.668245,On or near Supermarket,E01023855,Watford 006A,Unable to prosecute suspect
1815c8c1402029c8367802a9664d03e60e1d8f3d5fa67bb8ea6cc7f940852e30,2021-07,Hertfordshire Constabulary,Hertfordshire Constabulary,-0.278588,51.947541,On or near MARKET PLACE,E01023616,North Hertfordshire 012F,Unable to prosecute suspect
30eeed6d57cc14cc498fa592677aeb7186dce2a72acf0246d4f5c49fd245c54f,2021-07,Hertfordshire Constabulary,Hertfordshire Constabulary,-0.170175,51.803932,On or near HILLY FIELDS,E01023913,Welwyn Hatfield 004B,Suspect charged
fed163ed2cf96533b3f75f5f913a39db2422681a89728bd6750a2479c29bfe9c,2021-07,Hertfordshire Constabulary,Hertfordshire Constabulary,-0.030548,52.058840,On or near THE QUADRANT,E01023656,North Hertfordshire 002C,Suspect charged
4097050b31d1dbbc50c81c1318266dfff1ce298cd448c4cd4ea422498cfd9a5c,2021-07,Hertfordshire Constabulary,Hertfordshire Constabulary,-0.269063,51.669460,On or near COWLEY HILL,E01023583,Hertsmere 004C,Unable to prosecute suspect
151a8fb703eb6cdf85727a3d2a45d0eb2694613f961e6924013e1b2052bb3805,2021-07,Hertfordshire Constabulary,Hertfordshire Constabulary,-0.171893,51.910891,On or near CAMERON CLOSE,E01023769,Stevenage 004C,Investigation complete; no suspect identified
1523cc61772334e5fa904494cf41d4b25360fe045442fc271a4287a899eab25a,2021-07,Hertfordshire Constabulary,Hertfordshire Constabulary,-0.245536,51.980530,On or near MONKLANDS,E01023650,North Hertfordshire 007B,Suspect charged
26063a174ead4656bfe17d2a2842dee8f95d45e24581d0ddee60f609df669c1e,2021-07,Hertfordshire Constabulary,Hertfordshire Constabulary,-0.394437,51.656108,On or near Parking Area,E01023860,Watford 009B,Investigation complete; no suspect identified
0a0586d22f2ecd1d18319e0cf03c05fba7ed3c2b96c5a6226c02b5e0f86b677c,2021-07,Hertfordshire Constabulary,Hertfordshire Constabulary,-0.202835,51.988716,On or near KNAP CLOSE,E01023632,North Hertfordshire 006C,Investigation complete; no suspect identified
7f2ecef3dc59c31fd260508e34f9402903772cb2e28c7ebdc66eba4c55ee13ee,2021-07,Hertfordshire Constabulary,Hertfordshire Constabulary,,,No location,,,Investigation complete; no suspect identified
c509058cebe4601f1bbcc9032a7e853837270b667a29b1e7628cacd99d5c1e03,2021-07,Hertfordshire Constabulary,Hertfordshire Constabulary,-0.210981,51.897896,On or near Pedestrian Subway,E01023798,Stevenage 005D,Unable to prosecute suspect
5d813122c50b77d892d92265e461503cc9ed411228cd7387229a4631b712aac6,2021-07,Hertfordshire Constabulary,Hertfordshire Constabulary,-0.241235,51.763599,On or near Supermarket,E01033308,Welwyn Hatfield 010E,Unable to prosecute suspect
1e4f72d7abb84659525cc8cfea62850ffc338a5a94b5376b5adbccfefe769402,2021-07,Hertfordshire Constabulary,Hertfordshire Constabulary,-0.192398,51.915470,On or near Pedestrian Subway,E01023782,Stevenage 006E,Suspect charged
c3f112b1c73a55221ce02d20f768f41e7a6742ceb1363d1e45130339c7f4e620,2021-07,Hertfordshire Constabulary,Hertfordshire Constabulary,-0.175169,51.689863,On or near SOUTHGATE ROAD,E01023575,Hertsmere 003E,Local resolution
830c1821dde9778279d36a05010c78eaeb3b8ceb8f73ae9521fb277501c6e8cc,2021-07,Hertfordshire Constabulary,Hertfordshire Constabulary,-0.467373,51.760579,On or near UNION GREEN,E01023399,Dacorum 010C,Suspect charged
c98492f20ef1835a299c2f184307084ede5a4837e7fe99428ac01908b574d8c9,2021-07,Hertfordshire Constabulary,Hertfordshire Constabulary,-0.182731,51.901015,On or near SHEPHALL VIEW,E01023756,Stevenage 008B,Investigation complete; no suspect identified
53a8f08f87c993ecbbde24410ab03120f0bc0df33e0cd04c9953c01ba9db5ae8,2021-07,Hertfordshire Constabulary,Hertfordshire Constabulary,-0.378360,51.681640,On or near Supermarket,E01023874,Watford 003B,Unable to prosecute suspect
ec4a805baf3bb72c8c803c3ca024093d18fe3248d70a0b63ae0f4b1f5a560c81,2021-07,Hertfordshire Constabulary,Hertfordshire Constabulary,-0.384111,51.646452,On or near Parking Area,E01023884,Watford 012C,Investigation complete; no suspect identified
1dd6136e2987d93eda0308b2003efb1c38240ba0a03236548f21665cd4536563,2021-07,Hertfordshire Constabulary,Hertfordshire Constabulary,-0.178345,51.880077,On or near SPRING DRIVE,E01023785,Stevenage 011C,Investigation complete; no suspect identified
33e5f89e33ca3a7a8ad1c8520a4de091572ee6e298da04dd59e4dcb239b1c529,2021-07,Hertfordshire Constabulary,Hertfordshire Constabulary,-0.206640,51.803549,On or near Shopping Area,E01023918,Welwyn Hatfield 006C,Suspect charged
54b86af35efd7643bf5f6a7e0a570eb25b224f5736e83e8ed932fdabdeb2c4a3,2021-07,Hertfordshire Constabulary,Hertfordshire Constabulary,-0.372807,51.675556,On or near M1,E01023874,Watford 003B,Suspect charged
e4911989a9b605b01ff9d871d53fd21c3acb536f3e59bac790ddde5abe1cacae,2021-07,Hertfordshire Constabulary,Hertfordshire Constabulary,-0.209960,51.905317,On or near KILBY ROAD,E01023776,Stevenage 002A,Unable to prosecute suspect
e158e3f2080e57c35d08bcfbb8d2e7fcec286509dbe8c9d3bcb95ed618ecae77,2021-07,Hertfordshire Constabulary,Hertfordshire Constabulary,0.152532,51.863634,On or near WAYTEMORE ROAD,E01023447,East Hertfordshire 007E,Unable to prosecute suspect
614102f9c0c3efba54c43d32dfe9ba7a2435ff5fa5395545c23258033b8ed09d,2021-07,Hertfordshire Constabulary,Hertfordshire Constabulary,0.142918,51.859377,On or near LARCHWOOD,E01023448,East Hertfordshire 007F,Unable to prosecute suspect
a6f709ba0858cdf4a5543f0b5a6d7b3e11ffc239c0e7f7fcf22f3515d2815b86,2021-07,Hertfordshire Constabulary,Hertfordshire Constabulary,-0.205983,51.970420,On or near RADBURN WAY,E01023640,North Hertfordshire 009B,Investigation complete; no suspect identified
587c3a4d982ac8766c5a44ab97833c8db170a84689729b0b60b6f88b7fce94b9,2021-07,Hertfordshire Constabulary,Hertfordshire Constabulary,-0.394657,51.653970,On or near ST. MARYS VIEW,E01023862,Watford 009D,Suspect charged
188f5d60b5975f7d0fe0fa143d3e97525a7307fae4da841d6da88ad04a9049ce,2021-07,Hertfordshire Constabulary,Hertfordshire Constabulary,-0.400520,51.659491,On or near Nightclub,E01023861,Watford 009C,Suspect charged
2d7c430f6826de7d611f4905ce4bdf2e7dad44bbdd18c1001879565480e7d0fb,2021-07,Hertfordshire Constabulary,Hertfordshire Constabulary,-0.463449,51.757911,On or near DOWNSIDE,E01023401,Dacorum 008A,Investigation complete; no suspect identified
53481194b6183d9aa7842c633c026961ba3efc74b6f0068f817927cc97c93f9c,2021-07,Hertfordshire Constabulary,Hertfordshire Constabulary,-0.281212,51.648795,On or near DEACON'S HILL ROAD,E01023566,Hertsmere 010D,Unable to prosecute suspect
7d38ca80fb67183030b41683f2399ef66b9a91ae76d641973834cfab837016e6,2021-07,Hertfordshire Constabulary,Hertfordshire Constabulary,-0.185896,51.918059,On or near Pedestrian Subway,E01023772,Stevenage 003B,Unable to prosecute suspect
d03f0470cd291947ebb5539df98fc157e94b955088091cdcdbe968e3b7285710,2021-07,Hertfordshire Constabulary,Hertfordshire Constabulary,-0.493239,51.758782,On or near FURLONGS,E01023429,Dacorum 011D,Investigation complete; no suspect identified
00842c01aec446609bdf9523d4a569412261632dd84c17112765166fdf625040,2021-07,Hertfordshire Constabulary,Hertfordshire Constabulary,-0.186063,51.984943,On or near Supermarket,E01023592,North Hertfordshire 004F,Investigation complete; no suspect identified
8ec67596e41b8c6baaa59df7b3d4f6f03e2f7a9366d3d19ceb08655626f64ba4,2021-07,Hertfordshire Constabulary,Hertfordshire Constabulary,-0.397793,51.657286,On or near WATFORD HOUSE LANE,E01023861,Watford 009C,Investigation complete; no suspect identified
bd6de812bac510c223ef887cb553042dbc3cfb259437eaa883fd14c4c8d21724,2021-07,Hertfordshire Constabulary,Hertfordshire Constabulary,-0.342702,51.752161,On or near SPICER STREET,E01023745,St Albans 014D,Investigation complete; no suspect identified
592060ed30d5e3ef618cb173f507cf94c6c937c56fce89ab283f01b1c61c9dfb,2021-07,Hertfordshire Constabulary,Hertfordshire Constabulary,-0.579478,51.759793,On or near GREENWAY,E01023371,Dacorum 012C,Unable to prosecute suspect
ad250e5a4bc3409f2e33bd0f5bad9ae7c2d66e217e5e4e14cc863109476457f9,2021-07,Hertfordshire Constabulary,Hertfordshire Constabulary,-0.267140,51.660350,On or near Parking Area,E01023537,Hertsmere 006D,Unable to prosecute suspect
93d55f7c53217d8d7e41f37e26fb4749c84bf480af51a767436bf4fcc9c83e7d,2021-07,Hertfordshire Constabulary,Hertfordshire Constabulary,-0.077293,51.796299,On or near MARKET PLACE,E01023478,East Hertfordshire 017D,Investigation complete; no suspect identified
e34938d72eec258d8d6f3e6674b8d5d5f1498714916d2a754a9a4c1b16f13a91,2021-07,Hertfordshire Constabulary,Hertfordshire Constabulary,-0.398841,51.669377,On or near LOWESTOFT ROAD,E01023855,Watford 006A,Investigation complete; no suspect identified
e81996f6003792614d078d49ae66d46dc24d2f0dd5b141300ff9d8fa94734e84,2021-07,Hertfordshire Constabulary,Hertfordshire Constabulary,-0.075353,51.798254,On or near PRIORY STREET,E01023478,East Hertfordshire 017D,Unable to prosecute suspect
7ce26337b3ee497d04b83e44b9533864a0257ebf858b8bb28a8dfd73bc70ac46,2021-07,Hertfordshire Constabulary,Hertfordshire Constabulary,-0.278275,51.667159,On or near GATESHEAD ROAD,E01023535,Hertsmere 006B,Suspect charged
1abba6f47d25a1a550e1d1cc13e237fcbe48ea812232e49e5f76debb176a5c86,2021-07,Hertfordshire Constabulary,Hertfordshire Constabulary,-0.418432,51.703119,On or near BREAKSPEARE ROAD,E01023802,Three Rivers 001A,Unable to prosecute suspect
574f067c687b48e486a14ed3117e7944b30c8c595e11707bac1cb314cd1bbcf2,2021-07,Hertfordshire Constabulary,Hertfordshire Constabulary,-0.241813,51.973721,On or near CHILTERN VIEW,E01023646,North Hertfordshire 008C,Suspect charged
c66bc2792580752a33d0bb57b3517676ff5cb49fc51c1403b28b08ca6aafc106,2021-07,Hertfordshire Constabulary,Hertfordshire Constabulary,-0.391303,51.623747,On or near NORTHWICK ROAD,E01023842,Three Rivers 012B,Investigation complete; no suspect identified
0aa25fee7ab49082f976f25a1338e8bcedd7bf0d810f2a4ec575c59c8a3ef194,2021-07,Hertfordshire Constabulary,Hertfordshire Constabulary,-0.005688,51.769172,On or near HAWTHORN ROAD,E01023327,Broxbourne 002A,Unable to prosecute suspect
0b31249b00f9bbb069ebc87fcf7b03c269100b05157b3eb5f84e37638c4543f6,2021-07,Hertfordshire Constabulary,Hertfordshire Constabulary,-0.382035,51.647512,On or near THE LARCHES,E01023884,Watford 012C,Unable to prosecute suspect
6cb4e7dbb0bfc682019c1685f93a1ec066f94f46efc44fd7a410b79f676cc539,2021-07,Hertfordshire Constabulary,Hertfordshire Constabulary,-0.035772,51.684440,On or near SEAFORTH DRIVE,E01023337,Broxbourne 013B,Investigation complete; no suspect identified
00b0c0802775998a16511eb1d7867c16a91a32d914f11a489189f23d912c9bba,2021-07,Hertfordshire Constabulary,Hertfordshire Constabulary,-0.205525,51.697857,On or near SUFFOLK ROAD,E01023567,Hertsmere 002A,Investigation complete; no suspect identified
9d66b649d68d6ae30829ceabde2ee5a607449f8131849ee19487ce6b70fbadcf,2021-07,Hertfordshire Constabulary,Hertfordshire Constabulary,-0.404010,51.683187,On or near NORTH WESTERN AVENUE,E01023872,Watford 004E,Unable to prosecute suspect
70da3737c9e0ec807a62f3f81159024441a2c7d13d4a09b60e1b6d9133d05cd1,2021-07,Hertfordshire Constabulary,Hertfordshire Constabulary,-0.468953,51.637077,On or near Parking Area,E01023850,Three Rivers 007C,Unable to prosecute suspect
64ae7c88eb9ccd12a9ce1a1f229b0894012c8229d5c3bf0a81e9128041abbf97,2021-07,Hertfordshire Constabulary,Hertfordshire Constabulary,-0.399611,51.664370,On or near LANGLEY ROAD,E01023861,Watford 009C,Investigation complete; no suspect identified
318e71b69b8670306af6034c923891014fe30f668fcb4446ae63b2a0a6b141e1,2021-07,Hertfordshire Constabulary,Hertfordshire Constabulary,,,No location,,,Investigation complete; no suspect identified
64e8e0958800bd4b710271e798667e8db28678bdb2706d49cbaad05d3cd749ae,2021-07,Hertfordshire Constabulary,Hertfordshire Constabulary,-0.011563,51.741351,On or near CROWNFIELD,E01021792,Epping Forest 002B,Investigation complete; no suspect identified
05ecefcec43b9b692df13e68e643df0ba2b87e2cf1771ff89c2a35a72add81e2,2021-07,Hertfordshire Constabulary,Hertfordshire Constabulary,-0.178844,51.882099,On or near Supermarket,E01023784,Stevenage 011B,Unable to prosecute suspect
3e9b40be063f4356af60640cbe9a8541483ff6ed1d18ca603abeffe0869408f9,2021-07,Hertfordshire Constabulary,Hertfordshire Constabulary,-0.171483,51.875529,On or near CAERNARVON CLOSE,E01023764,Stevenage 012B,Unable to prosecute suspect
1a5fca04bd77e5147f5b787cf231ddbdd4dc9f9bf8b34152e1387aed7c74ed0c,2021-07,Hertfordshire Constabulary,Hertfordshire Constabulary,-0.073348,51.797997,On or near BLUECOATS AVENUE,E01023478,East Hertfordshire 017D,Unable to prosecute suspect
895b5b00873553aaf41a360983ae037438fa28d36b5fa378d302bb336984031f,2021-07,Hertfordshire Constabulary,Hertfordshire Constabulary,-0.172678,51.787929,On or near LITTLE THISTLE,E01023945,Welwyn Hatfield 008C,Unable to prosecute suspect
a8fb2b5254845afb9b2be7f3c84d4ccbe33fcb07f89ddf2369a1b0515b030a13,2021-07,Hertfordshire Constabulary,Hertfordshire Constabulary,-0.038676,51.688544,On or near LEVEN DRIVE,E01023336,Broxbourne 013A,Unable to prosecute suspect
3acbb9ff294dedd57769e6036b664f0f19b5989abb2b441275d16a121c45c481,2021-07,Hertfordshire Constabulary,Hertfordshire Constabulary,-0.336498,51.738055,On or near ABBOTS AVENUE WEST,E01023738,St Albans 017B,Unable to prosecute suspect
eb826b4495828e80ca3b2c803f82f36771291f599425d16be9bbb68ad0c5824d,2021-07,Hertfordshire Constabulary,Hertfordshire Constabulary,-0.164183,51.893516,On or near FALLOWFIELD,E01023754,Stevenage 009E,Unable to prosecute suspect
c9b837b38630e77e87d12a473d89906e07738768cb49275a7c75be5557c47db4,2021-07,Hertfordshire Constabulary,Hertfordshire Constabulary,0.140803,51.860395,On or near PENNINGTONS,E01023448,East Hertfordshire 007F,Investigation complete; no suspect identified
5b344cda416eb6f3f134466cb11837409dacb938e55d626460e9efa36874f7b4,2021-07,Hertfordshire Constabulary,Hertfordshire Constabulary,-0.043279,51.712307,On or near CHADWELL AVENUE,E01023310,Broxbourne 006D,Unable to prosecute suspect
3ba3a224521e5c54293c938abe23ad4410ae6477541d4c47b4f5ac83e997507b,2021-07,Hertfordshire Constabulary,Hertfordshire Constabulary,-0.035824,51.693254,On or near RAYDON ROAD,E01023332,Broxbourne 012A,Unable to prosecute suspect
884571960336128172272418c98ddcfea577872393cad2bd8911174fe4176c04,2021-07,Hertfordshire Constabulary,Hertfordshire Constabulary,-0.401950,51.655401,On or near WHIPPENDELL ROAD,E01023861,Watford 009C,Suspect charged
f33c3cc5d760bdc349d0d7358c7abfc131f8255f7cc14b21876ad4d658a65b3a,2021-07,Hertfordshire Constabulary,Hertfordshire Constabulary,-0.303787,51.772305,On or near MENDIP CLOSE,E01023711,St Albans 008C,Investigation complete; no suspect identified
df1711d99012894b353fc33d54c981aacee84e4e2b2c4c193c35d6b6e01dbb43,2021-07,Hertfordshire Constabulary,Hertfordshire Constabulary,-0.417498,51.644830,On or near TOLPITS LANE,E01023864,Watford 011B,Suspect charged
19ab2a5b8b7195ae2207bc14c8da4bd45ef732cbd39a5b93d71bfaf89b4c787c,2021-07,Hertfordshire Constabulary,Hertfordshire Constabulary,-0.037445,51.718001,On or near Supermarket,E01023305,Broxbourne 008D,Unable to prosecute suspect
3e5b911a39d458d3cd304053f6ad8555fd211109bc1bcb395dc81733e59c2dba,2021-07,Hertfordshire Constabulary,Hertfordshire Constabulary,-0.188286,51.861554,On or near CHERRY CLOSE,E01023629,North Hertfordshire 015F,Unable to prosecute suspect
f9cfedef851f98a5c9a23394c974baa30f5d79ab6297a9c9d4f785ca6a536957,2021-07,Hertfordshire Constabulary,Hertfordshire Constabulary,-0.491123,51.744035,On or near Park/Open Space,E01023382,Dacorum 018F,Investigation complete; no suspect identified
f3b850cb9ec95a01bb4364f32d7d2b2549918daf3f2131442a5997f0cf826ede,2021-07,Hertfordshire Constabulary,Hertfordshire Constabulary,-0.404472,51.649051,On or near Hospital,E01023902,Watford 010D,Unable to prosecute suspect
cda3434532db9631b942d49d6ec83f775803a3b264fe5c6079b424857698a469,2021-07,Hertfordshire Constabulary,Hertfordshire Constabulary,-0.387893,51.618890,On or near BRAMSHAW GARDENS,E01023805,Three Rivers 010A,Suspect charged
069cb5f5144af2ebc92bdea2eaab31eb426fa23027f3964ad5543464bea688b8,2021-07,Hertfordshire Constabulary,Hertfordshire Constabulary,-0.407817,51.669922,On or near Further/Higher Educational Building,E01023879,Watford 007B,Unable to prosecute suspect
045dcd1bfbc5891ac0da3aca80c698c29d9bc4b683cfea6c6d3bb207c5472c8f,2021-07,Hertfordshire Constabulary,Hertfordshire Constabulary,-0.299573,51.781839,On or near LANGLEY GROVE,E01023736,St Albans 007D,Unable to prosecute suspect
75c100c357e967aa4a35a0bb4527490cc65f592b19bd1d606c915a08a6823f22,2021-07,Hertfordshire Constabulary,Hertfordshire Constabulary,-0.434420,51.746387,On or near MALMES CROFT,E01023413,Dacorum 017E,Suspect charged
25b6cefc2a27c5e65df47f3fd97e95a1476347f29c082ad121d394c7ee646663,2021-07,Hertfordshire Constabulary,Hertfordshire Constabulary,-0.424142,51.654136,On or near SHERATON MEWS,E01023886,Watford 008A,Investigation complete; no suspect identified
3fa1e47b9eca9acb7c219198f8c310cb3535d6e0d0562e0be9ca1d6afaff3aa9,2021-07,Hertfordshire Constabulary,Hertfordshire Constabulary,-0.008208,51.760645,On or near Supermarket,E01023320,Broxbourne 003A,Unable to prosecute suspect
913fdcc34f4f72b5de82a6772a4a8cec50c7d4c9ab60c6173c3700f2d04c9325,2021-07,Hertfordshire Constabulary,Hertfordshire Constabulary,-0.199253,51.899318,On or near Pedestrian Subway,E01023758,Stevenage 008D,Unable to prosecute suspect
638a274914803c76fe938780e004bed80c636f2731468422c430450432c13b34,2021-07,Hertfordshire Constabulary,Hertfordshire Constabulary,-0.241235,51.763599,On or near Supermarket,E01033308,Welwyn Hatfield 010E,Investigation complete; no suspect identified
7130af02fc00321d896808ed03680edafd68aa6634f069ca292e791b2f65f214,2021-07,Hertfordshire Constabulary,Hertfordshire Constabulary,-0.468953,51.637077,On or near Parking Area,E01023850,Three Rivers 007C,Unable to prosecute suspect
a94419a0d61ec7e255b708f1677f78164ff00dd3df09f280e4fb0e02a18a9965,2021-07,Hertfordshire Constabulary,Hertfordshire Constabulary,-0.295286,51.720946,On or near SANDERS CLOSE,E01023706,St Albans 018C,Unable to prosecute suspect
782d17b22888bad458923918cc6c2ad95ccec6ebf487503fc5b47308ad214b5a,2021-07,Hertfordshire Constabulary,Hertfordshire Constabulary,-0.338150,51.826019,On or near ROUNDFIELD AVENUE,E01023687,St Albans 002C,Unable to prosecute suspect
18582bd2a35ebbea41a257c5e807eca1a83b8ce35b7de0c7e977ec9c47165a9b,2021-07,Hertfordshire Constabulary,Hertfordshire Constabulary,-0.184918,51.920310,On or near MARTINS WAY,E01023772,Stevenage 003B,Unable to prosecute suspect
573cb93d3f2e37a06b52daa5a565b8923cd82749a5cf8fff297d3b14a1b994a6,2021-07,Hertfordshire Constabulary,Hertfordshire Constabulary,-0.032427,51.710184,On or near AUDWICK CLOSE,E01023304,Broxbourne 008C,Unable to prosecute suspect
e3c8189462a05c4b5932558abd8ac7ff78b0615a53feb79af40a81ad8e3ef1f9,2021-07,Hertfordshire Constabulary,Hertfordshire Constabulary,-0.230403,51.748213,On or near CHILTERNS,E01023937,Welwyn Hatfield 013E,Investigation complete; no suspect identified
d59b570cf7e2b1a3def2b829c541ee4e7edcae32587e8f8228a1dcf9337d7a4c,2021-07,Hertfordshire Constabulary,Hertfordshire Constabulary,-0.037445,51.718001,On or near Supermarket,E01023305,Broxbourne 008D,Investigation complete; no suspect identified
21b2de8487569e57609d13259c684a9d7d2940626bcbb9cb9bbedab784006cc7,2021-07,Hertfordshire Constabulary,Hertfordshire Constabulary,-0.471526,51.753008,On or near Parking Area,E01023398,Dacorum 015D,Investigation complete; no suspect identified
4b70d9a3e5c2a8f9840929d8a456b342f1084c6088bc0625e66363990dcb6da3,2021-07,Hertfordshire Constabulary,Hertfordshire Constabulary,-0.189299,51.882251,On or near CARISBROOKE CLOSE,E01023783,Stevenage 011A,Investigation complete; no suspect identified
0e52ea7530f474a9029cfd082191e871b6d0bc893dcad6daa06bed8e2765a2db,2021-07,Hertfordshire Constabulary,Hertfordshire Constabulary,-0.400166,51.656797,On or near WILMINGTON CLOSE,E01023861,Watford 009C,Unable to prosecute suspect
e1dc61603bc1900c3abc98c5a6ed82cc0db18637894c5c5df9b352d8b6ac3757,2021-07,Hertfordshire Constabulary,Hertfordshire Constabulary,-0.174061,51.687571,On or near HILL CREST,E01023575,Hertsmere 003E,Unable to prosecute suspect
2faa773fa745c59989eb0c20d7cc6a5634a7ea890992cda055a5e8ae6c63c351,2021-07,Hertfordshire Constabulary,Hertfordshire Constabulary,-0.308240,51.663997,On or near Sports/Recreation Area,E01023524,Hertsmere 005B,Investigation complete; no suspect identified
632af2e5c6d53787f878f484ed3af6469606f541035649d0e5d0035de35343de,2021-07,Hertfordshire Constabulary,Hertfordshire Constabulary,-0.158991,51.894676,On or near Petrol Station,E01023750,Stevenage 009A,Investigation complete; no suspect identified
6ea4f7ae0495ddceebfb295a65130ab8f3ff3e1a503db55fa2be4e007ed305b1,2021-07,Hertfordshire Constabulary,Hertfordshire Constabulary,-0.230362,51.762977,On or near Further/Higher Educational Building,E01023920,Welwyn Hatfield 012A,Unable to prosecute suspect
2849e1e207e4ebd48e8bf146ca446de8cea46b8f2c04a47aae0b0fc1d488c5d4,2021-07,Hertfordshire Constabulary,Hertfordshire Constabulary,-0.361912,51.722964,On or near LARKS RIDGE,E01023731,St Albans 020C,Investigation complete; no suspect identified
7fff915644af3c9afebd2ba73cccee6f4f9b6df8e0fe27543496c02445822874,2021-07,Hertfordshire Constabulary,Hertfordshire Constabulary,-0.390695,51.653988,On or near LOWER DERBY ROAD,E01023860,Watford 009B,Unable to prosecute suspect
ae1ae2ed313c95259a07cb11fe10f89c4b5aeb5f8d1b0f1b6868d9fa8b8fc00f,2021-07,Hertfordshire Constabulary,Hertfordshire Constabulary,-0.208844,51.700659,On or near LEXINGTON COURT,E01023570,Hertsmere 002D,Unable to prosecute suspect
5f05f4e26600825cf6e33cfc70f83c6445ba2d41e1ec0a2287900f1685e54adc,2021-07,Hertfordshire Constabulary,Hertfordshire Constabulary,-0.044224,51.800070,On or near Petrol Station,E01023484,East Hertfordshire 016C,Investigation complete; no suspect identified
b39b0b4f65a9724ae6bf137c12876cb1d7452cc86b2e26a7c18289feeefbf16e,2021-07,Hertfordshire Constabulary,Hertfordshire Constabulary,-0.192195,51.794093,On or near ROSEMOOR CLOSE,E01023955,Welwyn Hatfield 007B,Formal action is not in the public interest
b53ae4b0e301be4fe28d16d16e34542edf62eb7d3581fe5e13b9b230451ed54c,2021-07,Hertfordshire Constabulary,Hertfordshire Constabulary,-0.460094,51.735585,On or near BELSWAINS LANE,E01023360,Dacorum 020D,Investigation complete; no suspect identified
c52aaca48694295dbd53bcccdeec64d50623152347d211f08000908cf7ffa99a,2021-07,Hertfordshire Constabulary,Hertfordshire Constabulary,-0.173580,51.748369,On or near WEST END LANE,E01023910,Welwyn Hatfield 015C,Investigation complete; no suspect identified
6b5138cc79eddf1da490482cc7ca6f05550e3dc48a9502acf5fe6d52d54dcdff,2021-07,Hertfordshire Constabulary,Hertfordshire Constabulary,-0.024797,52.053304,On or near CLARK ROAD,E01023660,North Hertfordshire 001A,Unable to prosecute suspect
6c0e8c25c6470b9451b83b33646fbb2ebe49b36c7c22c057e769f7a3caedabad,2021-07,Hertfordshire Constabulary,Hertfordshire Constabulary,-0.459097,51.744870,On or near Parking Area,E01023387,Dacorum 019B,Unable to prosecute suspect
4718c8b5f881f80db399fc0b36a54a196a957c926773486e32ea5b7e0d20f078,2021-07,Hertfordshire Constabulary,Hertfordshire Constabulary,-0.169670,51.912637,On or near MOBBSBURY WAY,E01023769,Stevenage 004C,Unable to prosecute suspect
dd5f5fbc5602c5c29fc7a6993bf9cacb031f3186b822bfa5e9e890f3dc3f6e96,2021-07,Hertfordshire Constabulary,Hertfordshire Constabulary,-0.386086,51.645787,On or near ST MATTHEWS CLOSE,E01023885,Watford 012D,Investigation complete; no suspect identified
ff0f98ddb4f50211bb914cd79f4f711e5728522a585456ec80ff5e1aba6c4891,2021-07,Hertfordshire Constabulary,Hertfordshire Constabulary,-0.172175,51.802524,On or near HARDINGS,E01023913,Welwyn Hatfield 004B,Investigation complete; no suspect identified
bb6b0f5e65be3843e40d49f1133b8cd0bc43a7d3492de49f811c07a0db7d4e0a,2021-07,Hertfordshire Constabulary,Hertfordshire Constabulary,-0.158991,51.894676,On or near Petrol Station,E01023750,Stevenage 009A,Investigation complete; no suspect identified
569573dfd1c9a5cc1826b6d041415970fc1bbb8ce549bbbf404c8093fd724b4c,2021-07,Hertfordshire Constabulary,Hertfordshire Constabulary,-0.452860,51.744689,On or near LONG JOHN,E01023357,Dacorum 020A,Unable to prosecute suspect
cd5f62d5c040691ec277345e77acc6ad0b38028c8bf37392468bfb06111ee57c,2021-07,Hertfordshire Constabulary,Hertfordshire Constabulary,-0.354063,51.815848,On or near Police Station,E01023701,St Albans 003C,Investigation complete; no suspect identified
b49926aa1d0eb45e95858edbe1864498911c7d02770f9a290f7a47acedfda98e,2021-07,Hertfordshire Constabulary,Hertfordshire Constabulary,-0.213279,51.806213,On or near REDDINGS,E01023959,Welwyn Hatfield 003A,Investigation complete; no suspect identified
7fa578f4f3f4717c1975134cf4a7c84bf4058d60549bdcddbf35d844a6e76aa0,2021-07,Hertfordshire Constabulary,Hertfordshire Constabulary,-0.281212,51.648795,On or near DEACON'S HILL ROAD,E01023566,Hertsmere 010D,Unable to prosecute suspect
bc542548675cd2c9a1b15bf8ce43ddca3fb836712afe191710a72e9ea9c1c65f,2021-07,Hertfordshire Constabulary,Hertfordshire Constabulary,-0.214864,51.823745,On or near Petrol Station,E01023970,Welwyn Hatfield 002D,Investigation complete; no suspect identified
cae02fda5a4eb8904c96729a46eac9dd01f4f936646565bde59a2d65db19b01b,2021-07,Hertfordshire Constabulary,Hertfordshire Constabulary,-0.404472,51.649051,On or near Hospital,E01023902,Watford 010D,Suspect charged
ea4b34f908ad0eeed7c86d6c8f96e7731fddfed1bb36fec1d5a924163f6265d9,2021-07,Hertfordshire Constabulary,Hertfordshire Constabulary,-0.386524,51.686761,On or near SIXTH AVENUE,E01023875,Watford 003C,Unable to prosecute suspect
533d1c36317062d24fc3f0b0e77426c02a25aa8aa8ad687d6f4ed19ec306daff,2021-07,Hertfordshire Constabulary,Hertfordshire Constabulary,-0.451610,51.756676,On or near Petrol Station,E01023348,Dacorum 013D,Unable to prosecute suspect
d2886a6ec67d62a5653ab46bbc0e5cce501298ced675b826a3efc70fb0721f99,2021-07,Hertfordshire Constabulary,Hertfordshire Constabulary,-0.359823,51.819427,On or near Petrol Station,E01023699,St Albans 003A,Investigation complete; no suspect identified
c2d092d00e0ce1ef82e79a33510317e5ab11522ab646732ee636a1fdfa86cb53,2021-07,Hertfordshire Constabulary,Hertfordshire Constabulary,-0.471974,51.757770,On or near QUEENSWAY,E01023400,Dacorum 015E,Unable to prosecute suspect
d5326d42f6086faa2058f68c42dc1eb9749cc2e9c02a348477af71ddec6a468e,2021-07,Hertfordshire Constabulary,Hertfordshire Constabulary,-0.276743,51.655716,On or near Shopping Area,E01023530,Hertsmere 007B,Investigation complete; no suspect identified
7f143b0a6bd0d1e89f5db6c98a331923733ce515426b24987df825e4010ccdf3,2021-07,Hertfordshire Constabulary,Hertfordshire Constabulary,-0.283128,51.718170,On or near TYNEDALE,E01023704,St Albans 018A,Investigation complete; no suspect identified
e969720a4024eae2b02036a1a51962f48bf71f37ccb853f821ea3e4f14b509ee,2021-07,Hertfordshire Constabulary,Hertfordshire Constabulary,-0.038501,51.683209,On or near CAMERON DRIVE,E01023337,Broxbourne 013B,Investigation complete; no suspect identified
77c57ce7debc44551fb76bd89da28d1df37c315bc09f0fe5a13f95fef92ba4c0,2021-07,Hertfordshire Constabulary,Hertfordshire Constabulary,-0.464235,51.735172,On or near Petrol Station,E01033023,Dacorum 018H,Investigation complete; no suspect identified
fc35a0398fdcb219a0c1dc5e8226d2a42ac67c254f3ebc86119d2f3a0495b153,2021-07,Hertfordshire Constabulary,Hertfordshire Constabulary,-0.395576,51.668892,On or near ELLENBROOK CLOSE,E01023855,Watford 006A,Unable to prosecute suspect
3f0f74e2e910e88a388dc001fd64888173e674c736e719458d5b98969cf05683,2021-07,Hertfordshire Constabulary,Hertfordshire Constabulary,-0.071448,51.800726,On or near SPENCER STREET,E01023478,East Hertfordshire 017D,Investigation complete; no suspect identified
fd3975464c446fc4193f090ee3c031864ff8fd4fec1147eeca5b57db0dc77603,2021-07,Hertfordshire Constabulary,Hertfordshire Constabulary,-0.238373,51.746273,On or near LANE END,E01023934,Welwyn Hatfield 013B,Offender given a caution
50be827cd080ea0bdf5a83b6fd7de6aa978f11833c779aaf5b5b3fd924a812fe,2021-07,Hertfordshire Constabulary,Hertfordshire Constabulary,-0.278616,51.946427,On or near Theatre/Concert Hall,E01023616,North Hertfordshire 012F,Investigation complete; no suspect identified
dbd202b1f4faa74244fccdbae6cbebf78b053671bd546b670257ee0a852a386e,2021-07,Hertfordshire Constabulary,Hertfordshire Constabulary,-0.237939,51.775302,On or near Sports/Recreation Area,E01033310,Welwyn Hatfield 002E,Investigation complete; no suspect identified
0fe325c5fce30c3bfa559e32992c64fe93565af7ac871cc86c5bfd46c0483b40,2021-07,Hertfordshire Constabulary,Hertfordshire Constabulary,-0.397342,51.657766,On or near Pedestrian Subway,E01023859,Watford 009A,Suspect charged
a7d05234e19106e9d163c012987dfbd669565cb7ddf6818e46ca11ef58bd9424,2021-07,Hertfordshire Constabulary,Hertfordshire Constabulary,0.140093,51.865345,On or near KESTREL GARDENS,E01023452,East Hertfordshire 003A,Investigation complete; no suspect identified
96957b54115fbcab86a4ce03b1aad27642b753e20522e17247c7ff5a79d07a04,2021-07,Hertfordshire Constabulary,Hertfordshire Constabulary,-0.006067,51.771094,On or near STANSTEAD ROAD,E01023329,Broxbourne 002C,Investigation complete; no suspect identified
481e072da58fd65080975cd10b334a63f6a5393bd3e77e258b5f082f3e5f4d33,2021-07,Hertfordshire Constabulary,Hertfordshire Constabulary,,,No location,,,Investigation complete; no suspect identified
b35ecc0f93b0d8c7d52e7ed1542bd9ef53f1d4dc3a6d83bdcd240bebc721bf18,2021-07,Hertfordshire Constabulary,Hertfordshire Constabulary,-0.313340,51.734946,On or near THE WILLOWS,E01023684,St Albans 016D,Investigation complete; no suspect identified
3bec3430822f13512a80fe747ee57ec4d837d6ed8e89d9635a1b1b36fea76b87,2021-07,Hertfordshire Constabulary,Hertfordshire Constabulary,-0.352937,51.723297,On or near DELL RISE,E01023718,St Albans 019A,Unable to prosecute suspect
ac1c5bec822f53c94b952030a3cc75156de411cb9f3464148d79dd4523eccfac,2021-07,Hertfordshire Constabulary,Hertfordshire Constabulary,-0.332996,51.641503,On or near Conference/Exhibition Centre,E01023551,Hertsmere 013D,Investigation complete; no suspect identified
cf01524d43450b9c9110e776c889d461fb5fce3860b5ed30cd5ad99c062d87f3,2021-07,Hertfordshire Constabulary,Hertfordshire Constabulary,-0.286110,51.671077,On or near BERWICK ROAD,E01023535,Hertsmere 006B,Suspect charged
0cf6de077e225fa73ef24f896a3812be91e1ffaaf7d435e77085f797c6721166,2021-07,Hertfordshire Constabulary,Hertfordshire Constabulary,-0.461098,51.766117,On or near TEESDALE,E01023405,Dacorum 008E,Unable to prosecute suspect
6edb94a4a6ad9da80ee27e5e663e51be66799f7646bf8a643d7a545dc610bb18,2021-07,Hertfordshire Constabulary,Hertfordshire Constabulary,-0.270583,51.940779,On or near TRAHERNE CLOSE,E01023606,North Hertfordshire 013A,Investigation complete; no suspect identified
6ed205b0f8407b80c179fc0eb783d6392f60383f6fdbd7fa428612cdcea9b798,2021-07,Hertfordshire Constabulary,Hertfordshire Constabulary,-0.103395,51.760727,On or near WELL-ROW,E01023486,East Hertfordshire 010B,Unable to prosecute suspect
ded73bcb82f8d781a8df67d46ba6ad10d512953795ab15d84b1dd064f66d5c8f,2021-07,Hertfordshire Constabulary,Hertfordshire Constabulary,-0.171713,51.876656,On or near BADMINTON CLOSE,E01023764,Stevenage 012B,Investigation complete; no suspect identified
4123361b683c1f1f2fc3a1a70934f4abf70b5e100cdbd7a2dfbc7e0c6f3ac352,2021-07,Hertfordshire Constabulary,Hertfordshire Constabulary,-0.223022,51.994921,On or near SPARHAWKE,E01023635,North Hertfordshire 003A,Suspect charged
37cb76ad502d279977d71de60b89352a415771d9c0f0c47ba08f7247a8409315,2021-07,Hertfordshire Constabulary,Hertfordshire Constabulary,-0.016613,51.747407,On or near MC KENZIE ROAD,E01023291,Broxbourne 004C,Investigation complete; no suspect identified
5472dc766505a668e8bbf6b5266eb92b54374ab27a7eb5707f08aaf3c8953aee,2021-07,Hertfordshire Constabulary,Hertfordshire Constabulary,-0.334424,51.752718,On or near UPPER MARLBOROUGH ROAD,E01023727,St Albans 012B,Unable to prosecute suspect
f0052feeaa610b91c4bf24dc918c2dbff2e42d8357810dcaddda1df8fe32db3c,2021-07,Hertfordshire Constabulary,Hertfordshire Constabulary,-0.207227,51.977570,On or near Sports/Recreation Area,E01023643,North Hertfordshire 009E,Offender given a caution
9a9d5b1e197c7f46b7de8aa8f15f2257645058ebf417cb151ecbe57dca97866a,2021-07,Hertfordshire Constabulary,Hertfordshire Constabulary,-0.269328,51.655688,On or near Supermarket,E01023541,Hertsmere 011C,Suspect charged
c3361b5c1457dbd1befcde8323954323d95fefb18604ffe698367117275ca016,2021-07,Hertfordshire Constabulary,Hertfordshire Constabulary,-0.191708,51.901531,On or near PRIORY DELL,E01023757,Stevenage 008C,Unable to prosecute suspect
2a0cb6e639cc8adc83a0a54a88a0b0662ff88690226cce94d97e1cd07c2ca54f,2021-07,Hertfordshire Constabulary,Hertfordshire Constabulary,-0.396503,51.669246,On or near HATFIELD ROAD,E01023855,Watford 006A,Unable to prosecute suspect
829bdbb1035af1e43a43b02f87aea060459cce02de7b6c4bda4729aa7fa970b4,2021-07,Hertfordshire Constabulary,Hertfordshire Constabulary,-0.390789,51.658701,On or near OTTOMAN TERRACE,E01023859,Watford 009A,Unable to prosecute suspect
6aa35ac41ff125d55d48d143431c815cf004b17e6cc412cf63f962d7a87e3d75,2021-07,Hertfordshire Constabulary,Hertfordshire Constabulary,-0.454344,51.733459,On or near Supermarket,E01023414,Dacorum 020E,Investigation complete; no suspect identified
9a4032ed2ab4a58973ca9fafbaf2e391b69a21a1c136cbb63d69368081104909,2021-07,Hertfordshire Constabulary,Hertfordshire Constabulary,-0.174995,51.795914,On or near THUNDRIDGE CLOSE,E01023952,Welwyn Hatfield 005C,Unable to prosecute suspect
eb14876044784a7d7724acdfdaa7081401019ffdb68a7e0c966020a3d6ce0014,2021-07,Hertfordshire Constabulary,Hertfordshire Constabulary,-0.312588,51.739962,On or near NELSON AVENUE,E01023683,St Albans 016C,Action to be taken by another organisation
563b54f1cb94dff908674f1eb5f3ee7f285e8391b056a37a4b05b9c4e580df95,2021-07,Hertfordshire Constabulary,Hertfordshire Constabulary,-0.400207,51.658506,On or near Nightclub,E01023861,Watford 009C,Unable to prosecute suspect
4c84978be2e4a6e1cba94382dd28b2c76a0cd68dc592a051e28fdd27b98454e3,2021-07,Hertfordshire Constabulary,Hertfordshire Constabulary,-0.013644,51.743760,On or near Parking Area,E01023292,Broxbourne 004D,Local resolution
ee5c8ca9b231aee7839a3d66630fd5f5591896022ea06513fff4f8e17b4c5910,2021-07,Hertfordshire Constabulary,Hertfordshire Constabulary,-0.350582,51.719577,On or near Supermarket,E01023719,St Albans 019B,Unable to prosecute suspect
cd1b0099dc4d4705f13605886016164f35cf6a3f08559ed49e697b6977b82fb1,2021-07,Hertfordshire Constabulary,Hertfordshire Constabulary,-0.364450,51.825480,On or near BLOOMFIELD ROAD,E01023690,St Albans 001A,Investigation complete; no suspect identified
d0da63b497227a883d9452611f8deae4c42518e0fd7eda2ee05d9f3cbcc52dae,2021-07,Hertfordshire Constabulary,Hertfordshire Constabulary,-0.195798,51.898474,On or near LYNDALE,E01023755,Stevenage 008A,Investigation complete; no suspect identified
17feca83de4ead6cbd7f90cd76acf09b0a1f4cc6b0e40c42be407f3e8396b1ec,2021-07,Hertfordshire Constabulary,Hertfordshire Constabulary,-0.378290,51.648782,On or near HILLSIDE ROAD,E01023559,Hertsmere 012B,Unable to prosecute suspect
c7ed42d30a1deb240afea041aad2d6e7867802875f7a0882fa039db6e66a921d,2021-07,Hertfordshire Constabulary,Hertfordshire Constabulary,0.156203,51.862650,On or near BEECHLANDS,E01023444,East Hertfordshire 007B,Investigation complete; no suspect identified
3fe4e0affdb8c0007d96b1c5ae32f32063cb7b4b2cab19eb915bf37a88f5cb87,2021-07,Hertfordshire Constabulary,Hertfordshire Constabulary,-0.279664,51.656829,On or near Shopping Area,E01023532,Hertsmere 007D,Investigation complete; no suspect identified
60846f2837185ef2bb6e6f10d039c4432c7867cd263042506385a45cd058a337,2021-07,Hertfordshire Constabulary,Hertfordshire Constabulary,-0.206032,51.896976,On or near NORTON ROAD,E01023786,Stevenage 011D,Suspect charged
eb87aeecfd7c4cb2573e209106b294e75413de28112d23004197017e1789549e,2021-07,Hertfordshire Constabulary,Hertfordshire Constabulary,-0.026873,51.841009,On or near MILLFIELD,E01023506,East Hertfordshire 006B,Unable to prosecute suspect
e1afaf1de5cb52d133058be174d0e0892c63664428be1902ce6b7c9dd857677e,2021-07,Hertfordshire Constabulary,Hertfordshire Constabulary,-0.228927,51.980029,On or near Parking Area,E01023644,North Hertfordshire 008A,Action to be taken by another organisation
24c81e4606ee6bc0b28ff34b221bed71e21d96bdf61e84b48902445bdc4d7c1d,2021-07,Hertfordshire Constabulary,Hertfordshire Constabulary,-0.173636,51.698130,On or near Parking Area,E01023572,Hertsmere 003B,Action to be taken by another organisation
9c4c0b9d9e7e6ac88ef0ce453cd8cc918baf3d1da686c39d35326a2e01257519,2021-07,Hertfordshire Constabulary,Hertfordshire Constabulary,-0.310936,51.753570,On or near EATON ROAD,E01023674,St Albans 011B,Unable to prosecute suspect
658726746e3f79bd3166250dbf3d55bab0255364f275ee82c282f57cad22424f,2021-07,Hertfordshire Constabulary,Hertfordshire Constabulary,-0.417041,51.681592,On or near CHILCOTT ROAD,E01023868,Watford 004A,Offender given a caution
6bf7bf2a96d29bcced99a5fb5c30761eb48a2ee7b44bb368ad5875e1736ccc62,2021-07,Hertfordshire Constabulary,Hertfordshire Constabulary,-0.206544,51.968037,On or near Parking Area,E01023639,North Hertfordshire 009A,Unable to prosecute suspect
68494d5d1d3ca3e53bc49463c20767a78b756f8efd064b20854d4df09705a52e,2021-07,Hertfordshire Constabulary,Hertfordshire Constabulary,-0.188650,51.886486,On or near BROAD OAK WAY,E01023786,Stevenage 011D,Investigation complete; no suspect identified
df7d0e236b5de45c99ff4ac1b288505becd09453a6701608754b2b3cfcc40376,2021-07,Hertfordshire Constabulary,Hertfordshire Constabulary,-0.460439,51.837431,On or near ROMAN WAY,E01023432,Dacorum 001C,Unable to prosecute suspect
781f56189b79ab40d11c9db8a773addc9b7f0231becd73afb065b681b523eb3b,2021-07,Hertfordshire Constabulary,Hertfordshire Constabulary,-0.321228,51.751092,On or near CAVENDISH ROAD,E01023674,St Albans 011B,Investigation complete; no suspect identified
77ca61ffe8372c497aedd2ea8c3649f665a72ddede6bb69977a4872b39aba852,2021-07,Hertfordshire Constabulary,Hertfordshire Constabulary,-0.397732,51.640156,On or near THORPE CRESCENT,E01023883,Watford 012B,Unable to prosecute suspect
b44540a8056b3d0e7fb3ab91e8a3e3d119ecaf4250e1f8ac4b084342d0b6857d,2021-07,Hertfordshire Constabulary,Hertfordshire Constabulary,-0.341611,51.805665,On or near LONGFIELD ROAD,E01023697,St Albans 005C,Investigation complete; no suspect identified
38e3a06256ac055fdc69cf78f86d82e28dbc22362f1f14d784b2998a9f3eec97,2021-07,Hertfordshire Constabulary,Hertfordshire Constabulary,-0.339818,51.742724,On or near Supermarket,E01023737,St Albans 017A,Investigation complete; no suspect identified
34d1c3f39e71780045e32a0f40e273c67929bc806d6db795031befcb7df0f273,2021-07,Hertfordshire Constabulary,Hertfordshire Constabulary,-0.337060,51.740518,On or near GRINDCOBBE,E01023738,St Albans 017B,Investigation complete; no suspect identified
eb45a9399d115089b5630378e5cf5a9e42c7f0f7ee1b5d033ab88718c343e0cb,2021-07,Hertfordshire Constabulary,Hertfordshire Constabulary,-0.188224,51.992745,On or near STATION ROAD,E01023588,North Hertfordshire 004B,Unable to prosecute suspect
e20df71903a8ffd460ce734ee2510bd81a9bc2fb2f9337f69feb8bc77d144c51,2021-07,Hertfordshire Constabulary,Hertfordshire Constabulary,-0.335514,51.766033,On or near HARPENDEN ROAD,E01023713,St Albans 007A,Unable to prosecute suspect
13d3bb269052d2e289adcfa8edb2d6ef76fda05a224dc38cd376fc90078bf9c2,2021-07,Hertfordshire Constabulary,Hertfordshire Constabulary,-0.229907,51.963652,On or near ST MARY'S CLOSE,E01023648,North Hertfordshire 008E,Unable to prosecute suspect
8182897164073c618f393a867b92803d817f468fc511ed5e35bb438380c0b70a,2021-07,Hertfordshire Constabulary,Hertfordshire Constabulary,-0.204507,51.989496,On or near FLINT ROAD,E01023632,North Hertfordshire 006C,Unable to prosecute suspect
5d489fb9f5972d0da9950ebf60319d17277d3ddd10b87a85d6eb4aac70611c8a,2021-07,Hertfordshire Constabulary,Hertfordshire Constabulary,-0.251550,51.759554,On or near ST ALBANS ROAD WEST,E01023938,Welwyn Hatfield 010D,Suspect charged
40ba596f4f7a7640a4028c92a75cbd43aeb3a51b8d1f04a65dd11015fb0efb7f,2021-07,Hertfordshire Constabulary,Hertfordshire Constabulary,-0.554937,51.759656,On or near NEW STREET,E01023361,Dacorum 009A,Offender given a caution
7938ca9a287db9ea928901ec0d9abef076142dd4fbc74745efcb548d004e8eaf,2021-07,Hertfordshire Constabulary,Hertfordshire Constabulary,-0.249335,51.766984,On or near QUEEN BEE COURT,E01033314,Welwyn Hatfield 010G,Unable to prosecute suspect
d04ed60bd4c4a91155cd502e06f18763451a28382f2a334fb1382ca8806a803f,2021-07,Hertfordshire Constabulary,Hertfordshire Constabulary,-0.401533,51.628221,On or near BLAIRHEAD DRIVE,E01023828,Three Rivers 008B,Action to be taken by another organisation
6dd047bf5e31c72c05d787a2329c7dc95f781cc0c1e7af2ce38ab2ea9c62513e,2021-07,Hertfordshire Constabulary,Hertfordshire Constabulary,-0.040578,51.702793,On or near COLLEGE ROAD,E01023297,Broxbourne 010A,Suspect charged
c70b365df47833809d8f9d8d45b86d6df0c5683e95a6e7e8dfa021ecc93e3a62,2021-07,Hertfordshire Constabulary,Hertfordshire Constabulary,-0.298442,51.725560,On or near WELLINGTON ROAD,E01023706,St Albans 018C,Suspect charged
66c36e2940965c7e84be38dc967c25126ef3e301a046e0fa8964effbee3bfb6c,2021-07,Hertfordshire Constabulary,Hertfordshire Constabulary,-0.336758,51.752293,On or near Police Station,E01023727,St Albans 012B,Investigation complete; no suspect identified
23787f013948aa6795dc27df09c36899da5f96f5e2cd5eae4788260d24f81bff,2021-07,Hertfordshire Constabulary,Hertfordshire Constabulary,0.005400,51.788137,On or near Supermarket,E01023505,East Hertfordshire 018F,Suspect charged
bf6169b3f25daa564664cfd2c7bbf40ae2e7170bf44d2e2f3c5ead11342e00ba,2021-07,Hertfordshire Constabulary,Hertfordshire Constabulary,-0.290601,51.815932,On or near CODICOTE ROAD,E01023747,St Albans 004B,Investigation complete; no suspect identified
989057165965da1a95bd8bbcc3fee86119b2407b73de5d7debab7426860f771a,2021-07,Hertfordshire Constabulary,Hertfordshire Constabulary,-0.211248,51.970563,On or near Parking Area,E01023640,North Hertfordshire 009B,Formal action is not in the public interest
d8860c9a0b1eb8d1070332128ace231d27dc6d2184d9a01ae9a3c904699775e7,2021-07,Hertfordshire Constabulary,Hertfordshire Constabulary,0.156440,51.866980,On or near MIDDLE ROW,E01023446,East Hertfordshire 007D,Unable to prosecute suspect
331042d2e25326284f13b9c8b48bbf04c1869f4b644d579af99f679dc42683ff,2021-07,Hertfordshire Constabulary,Hertfordshire Constabulary,-0.192811,51.814209,On or near BLYTHWAY,E01023914,Welwyn Hatfield 004C,Investigation complete; no suspect identified
f07b503b282d0114d36bfcae5026c5d15b86fc46443a35be059df68136fca5fd,2021-07,Hertfordshire Constabulary,Hertfordshire Constabulary,-0.010400,51.773083,On or near GLENESTER CLOSE,E01023318,Broxbourne 001C,Investigation complete; no suspect identified
32dd68c3f4392ec6e5a2cb73b3e1ce708e6dc99ae14699b2f9a74aa638fb4848,2021-07,Hertfordshire Constabulary,Hertfordshire Constabulary,-0.197168,51.797740,On or near PEARTREE CLOSE,E01023954,Welwyn Hatfield 007A,Unable to prosecute suspect
883bc32fa7f8a14878f94decdfcc30ccbe5ba3592c205f854690888237e85c99,2021-07,Hertfordshire Constabulary,Hertfordshire Constabulary,-0.021188,51.686129,On or near ELEANOR WAY,E01023338,Broxbourne 013C,Unable to prosecute suspect
692a5459d7bacbbce265949c59b1d18698847596532be6798787e65d377d39f0,2021-07,Hertfordshire Constabulary,Hertfordshire Constabulary,-0.222809,51.765255,On or near HEDGES CLOSE,E01023927,Welwyn Hatfield 011D,Investigation complete; no suspect identified
7dd29dc5820e5746c55c801ca7776f88b0107a83b18a21feb19a291dcf2bdd11,2021-07,Hertfordshire Constabulary,Hertfordshire Constabulary,-0.470828,51.753952,On or near Supermarket,E01023398,Dacorum 015D,Investigation complete; no suspect identified
c5e137b759ec4290e6a58f236ee672156ebc577bb28e852f22f368edd5931bb8,2021-07,Hertfordshire Constabulary,Hertfordshire Constabulary,-0.446095,51.748925,On or near HADDON CLOSE,E01023411,Dacorum 017C,Unable to prosecute suspect
650b78d4dd191f640d06cc396447de0b85dc886eeef289f68221c97192463ea3,2021-07,Hertfordshire Constabulary,Hertfordshire Constabulary,-0.200675,51.901929,On or near MARKET SQUARE,E01023758,Stevenage 008D,Suspect charged
1bacf878a4dea89655ac9c6147c429e5d2500bfd8b1f1539c52259b5b59844f0,2021-07,Hertfordshire Constabulary,Hertfordshire Constabulary,-0.217264,51.787184,On or near Police Station,E01023916,Welwyn Hatfield 006A,Investigation complete; no suspect identified
73afbed243f7998c13561c501bf2393585c821f2bb2b6cfd96b146e05504b6a2,2021-07,Hertfordshire Constabulary,Hertfordshire Constabulary,-0.230685,51.698329,On or near GOWAR FIELD,E01023584,Hertsmere 004D,Unable to prosecute suspect
42cb2d20425b3c0c9000120e8c88e59abfe837ddd71314b93aae1955b7ab2226,2021-07,Hertfordshire Constabulary,Hertfordshire Constabulary,-0.396197,51.655385,On or near MARKET PLACE,E01023860,Watford 009B,Unable to prosecute suspect
abcc7fe505229407894921da266ed10d1a251e2a24c72e3b1c921c668efd8777,2021-07,Hertfordshire Constabulary,Hertfordshire Constabulary,-0.183486,51.924082,On or near Pedestrian Subway,E01023787,Stevenage 001A,Investigation complete; no suspect identified
e8d0c8069272a3c6c985ee0b3fb4275da6ac54545e50f16184b842693a909f3e,2021-07,Hertfordshire Constabulary,Hertfordshire Constabulary,-0.202379,51.902935,On or near Shopping Area,E01023758,Stevenage 008D,Suspect charged
b884a3f74b868613c062ffda38563f536f03a848bb7d60d72290230b994de6bb,2021-07,Hertfordshire Constabulary,Hertfordshire Constabulary,-0.387511,51.682188,On or near CEZANNE ROAD,E01023875,Watford 003C,Investigation complete; no suspect identified
be1c002db3fba394e8d947252a1c0a83551994ae08676887cb739025143ebd9a,2021-07,Hertfordshire Constabulary,Hertfordshire Constabulary,0.161493,51.871194,On or near A1250,E01023450,East Hertfordshire 004B,Unable to prosecute suspect
7f584c42b35b82fba73221439f454012e1252b7319c33c41196c5b21865be605,2021-07,Hertfordshire Constabulary,Hertfordshire Constabulary,-0.492100,51.813392,On or near WEST DENE,E01023431,Dacorum 001B,Investigation complete; no suspect identified
b938288799348db1cec1403b89003da98d125adc011f357d8fd96139650c7fcd,2021-07,Hertfordshire Constabulary,Hertfordshire Constabulary,-0.398682,51.654628,On or near MARKET STREET,E01023861,Watford 009C,Investigation complete; no suspect identified
fce1c2a52c067de11f13f542d57eedc44f26fbf195870ec0d634dcd6d610d289,2021-07,Hertfordshire Constabulary,Hertfordshire Constabulary,-0.177801,51.878783,On or near BURGHLEY CLOSE,E01023784,Stevenage 011B,Offender given a caution
dc90ca260bbd55257e37f3646984b78aee16b3656e59b1d5c15dd644ea8ed819,2021-07,Hertfordshire Constabulary,Hertfordshire Constabulary,-0.457668,51.772806,On or near Parking Area,E01023393,Dacorum 007A,Investigation complete; no suspect identified
441793d6c8ac7f5ca5ccbe882398ea729f8461a3dce70c5b4d362378a607f8ca,2021-07,Hertfordshire Constabulary,Hertfordshire Constabulary,-0.339165,51.753028,On or near WADDINGTON ROAD,E01023727,St Albans 012B,Suspect charged
3191c53ce7d0618f3b685b6099abbad9a40c6564e78468ebc2168e4f63002135,2021-07,Hertfordshire Constabulary,Hertfordshire Constabulary,-0.400018,51.651148,On or near CLIFTON ROAD,E01023902,Watford 010D,Investigation complete; no suspect identified
9dcff0a56f172288f4107b4a920f1f3280c7a7fb00e2c99c976a7a045e2e9bd5,2021-07,Hertfordshire Constabulary,Hertfordshire Constabulary,-0.034356,51.688068,On or near STURLAS WAY,E01023336,Broxbourne 013A,Investigation complete; no suspect identified
6830b32495c275847a483fce893ad4990946553854b874b2935cfc73d65da122,2021-07,Hertfordshire Constabulary,Hertfordshire Constabulary,-0.476429,51.763169,On or near GADEBRIDGE LANE,E01023399,Dacorum 010C,Unable to prosecute suspect
b02d61259560d30025a87d62ffb600a2161d69420ab3e9bda57f8cc5c81cd2c2,2021-07,Hertfordshire Constabulary,Hertfordshire Constabulary,-0.412438,51.643629,On or near CLYSTON ROAD,E01023865,Watford 011C,Investigation complete; no suspect identified
3fb6490699a78986f71832b762beed83a26d192820019d78d35bf6b2ba678ae5,2021-07,Hertfordshire Constabulary,Hertfordshire Constabulary,-0.017384,51.771483,On or near ROSELANDS AVENUE,E01023319,Broxbourne 001D,Unable to prosecute suspect
42b00d861ecc7c527321d1e5ce3394ac4eaa5ab213517bfb252ede33c1704ac1,2021-07,Hertfordshire Constabulary,Hertfordshire Constabulary,-0.493520,51.736414,On or near FELDEN DRIVE,E01023378,Dacorum 021F,Investigation complete; no suspect identified
9be1212e6cced462bba7f5334f8d97a4797b72ef46cdd46a7720c14213f61f25,2021-07,Hertfordshire Constabulary,Hertfordshire Constabulary,-0.387679,51.651411,On or near Supermarket,E01023860,Watford 009B,Investigation complete; no suspect identified
2f1057325973b7946e9dbcf6f7dab36de0588385b8f61cfd6d589f0ff57701ce,2021-07,Hertfordshire Constabulary,Hertfordshire Constabulary,-0.162565,51.849448,On or near DATCHWORTH GREEN,E01023467,East Hertfordshire 002A,Unable to prosecute suspect
fb9cea13fc319dcce469c3bb207196eac429d17478b3a846391e88282c432d88,2021-07,Hertfordshire Constabulary,Hertfordshire Constabulary,-0.181595,51.893507,On or near THE MUNTINGS,E01023794,Stevenage 010D,Investigation complete; no suspect identified
5202c810b09d233d87e5a3ae85bbf236453bb36a6f0107a19739235bce6a643a,2021-07,Hertfordshire Constabulary,Hertfordshire Constabulary,-0.036275,51.716920,On or near Parking Area,E01023305,Broxbourne 008D,Investigation complete; no suspect identified
b2dc5fd1e0a2b54205373bb6d48d31fc97c4aef3230e939a3e2c8d46c4b8c42e,2021-07,Hertfordshire Constabulary,Hertfordshire Constabulary,-0.412043,51.725630,On or near BEDMOND ROAD,E01023807,Three Rivers 001D,Investigation complete; no suspect identified
6e3f9094854c07d41fd9d1512908ff51ede14c8a6de0767d629681696c0fd2a7,2021-07,Hertfordshire Constabulary,Hertfordshire Constabulary,-0.185996,51.697350,On or near LADBROOKE DRIVE,E01023577,Hertsmere 001B,Investigation complete; no suspect identified
25246843bd1e2385e354fc35730df785e7912d10f2d348137f1c693f86d5b1a6,2021-07,Hertfordshire Constabulary,Hertfordshire Constabulary,-0.399807,51.696546,On or near THE BROW,E01023904,Watford 001A,Suspect charged
a4d2544f87a4675922e894cb6b3adf7986f33e005cb62d4e3d1cbd21e9383dd2,2021-07,Hertfordshire Constabulary,Hertfordshire Constabulary,-0.369027,51.707084,On or near BRACKENDENE,E01023733,St Albans 020E,Offender given a caution
252f9e3394925b5af22f4aa2a455c823468170487a0cff6749b95e40de7e0d51,2021-07,Hertfordshire Constabulary,Hertfordshire Constabulary,-0.105220,51.805385,On or near LONGWOOD ROAD,E01023488,East Hertfordshire 015B,Unable to prosecute suspect
ad78881e2b79839fa2963eb4fd46cfc73047a8a842c24c1bdd837f4b3fb512d7,2021-07,Hertfordshire Constabulary,Hertfordshire Constabulary,-0.467216,51.747233,On or near BASSIL ROAD,E01023388,Dacorum 019C,Suspect charged
4b47137bd287d89281d80852f7e0290e4abc7be082df70cc45e062f010364ca4,2021-07,Hertfordshire Constabulary,Hertfordshire Constabulary,0.151770,51.886615,On or near A120,E01023453,East Hertfordshire 003B,Investigation complete; no suspect identified
462045b13b4bf41b92fec2bb0ac2b6b7a4e782bcbddce67f00426a8357aeddc8,2021-07,Hertfordshire Constabulary,Hertfordshire Constabulary,-0.558066,51.759208,On or near HOLLIDAY STREET,E01023361,Dacorum 009A,Investigation complete; no suspect identified
664862150d33524859adfe30f33f7bc8feaa3f69b9eb9217ee6a8b8bf839b27b,2021-07,Hertfordshire Constabulary,Hertfordshire Constabulary,-0.188340,51.847204,On or near HEATHLANDS,E01023965,Welwyn Hatfield 001A,Investigation complete; no suspect identified
001c0e901c4874f068701f3f1784639884402c29a503a197cf63e05241cc1100,2021-07,Hertfordshire Constabulary,Hertfordshire Constabulary,,,No location,,,Unable to prosecute suspect
89950be8de9c25279ce312743d6f01f28202faf55e292a72d26518b7c53f9bc4,2021-07,Hertfordshire Constabulary,Hertfordshire Constabulary,-0.458690,51.756419,On or near COMMONS LANE,E01023351,Dacorum 015C,Offender given a caution
4559b123e651072195f691790fdfe2ce7547ffdcfa80751789e2ec450564364b,2021-07,Hertfordshire Constabulary,Hertfordshire Constabulary,-0.444892,51.756129,On or near MALUS CLOSE,E01023345,Dacorum 013A,Suspect charged
bc68f73e43e1371e5a9d19e04f83feaed23bde92c84d3096f7ebde344c8c0f8e,2021-07,Hertfordshire Constabulary,Hertfordshire Constabulary,-0.492705,51.635469,On or near CRESS END,E01023836,Three Rivers 009B,Suspect charged
e7576bb7e1a443e6f4d637370e1faedc4b0cfacbde90322bf053a47554dc80cb,2021-07,Hertfordshire Constabulary,Hertfordshire Constabulary,-0.410796,51.672812,On or near BAY TREE WALK,E01023878,Watford 007A,Investigation complete; no suspect identified
aad1d1de1ae4a2c81e3cbd02b577e32a00f31752a9f7b8aabafbb4c78874ceff,2021-07,Hertfordshire Constabulary,Hertfordshire Constabulary,-0.475150,51.757676,On or near Parking Area,E01023399,Dacorum 010C,Unable to prosecute suspect
862a5463bf2eb5029c0adb5302f49473aa294f3f4cbdee0371a20841d135843c,2021-07,Hertfordshire Constabulary,Hertfordshire Constabulary,-0.203302,51.903480,On or near Supermarket,E01023758,Stevenage 008D,Suspect charged
1b414a8a017630aa912491877d57300b9ee9489983dad05d04db2d7d38135090,2021-07,Hertfordshire Constabulary,Hertfordshire Constabulary,-0.037445,51.718001,On or near Supermarket,E01023305,Broxbourne 008D,Investigation complete; no suspect identified
becde5f040c4f54fa1997767c0394680c7b95ea216ad1b0c26dc70c8b33d3658,2021-07,Hertfordshire Constabulary,Hertfordshire Constabulary,-0.036081,51.805896,On or near FAIRWAY,E01023510,East Hertfordshire 013A,Unable to prosecute suspect
75af2564d0fc91f6f62be97a2c8f622ac2cc1cbcecf5e23e51d7de0de0186e8f,2021-07,Hertfordshire Constabulary,Hertfordshire Constabulary,-0.341190,51.634389,On or near Parking Area,E01023550,Hertsmere 013C,Investigation complete; no suspect identified
1bd6b9404aee3c28a879bd997a5c3f05340091aae662e52ff44bb6fd779f5309,2021-07,Hertfordshire Constabulary,Hertfordshire Constabulary,-0.198592,51.892951,On or near Shopping Area,E01023786,Stevenage 011D,Suspect charged
6d5a89ea60a43381c67d8b9b59ca91d2f9b366cf060c45dcf64fbb382189cf8a,2021-07,Hertfordshire Constabulary,Hertfordshire Constabulary,-0.024886,51.807480,On or near CRANE MEAD,E01023511,East Hertfordshire 013B,Unable to prosecute suspect
063da9a73dbfda7af2d7a12d56174442b00b070bbd0d1dc07f61dd4b7b26f9e3,2021-07,Hertfordshire Constabulary,Hertfordshire Constabulary,-0.407111,51.653340,On or near WHIPPENDELL ROAD,E01023899,Watford 010A,Investigation complete; no suspect identified
997b174452dd0e5eaf8eaabdebb7d19789bfd7d5eb8cac642e614a225ed888c9,2021-07,Hertfordshire Constabulary,Hertfordshire Constabulary,0.146040,51.857836,On or near Petrol Station,E01023448,East Hertfordshire 007F,Unable to prosecute suspect
7182be67f3dfdbc8a00f06428cad72c023e252002843c14b9b6af9db6fa554ba,2021-07,Hertfordshire Constabulary,Hertfordshire Constabulary,-0.208121,51.979247,On or near SIXTH AVENUE,E01023630,North Hertfordshire 006A,Investigation complete; no suspect identified
c0b4effe65e15398f18e70bf1e0acd0f99f10ba92891103b7dc782cf2736d5b6,2021-07,Hertfordshire Constabulary,Hertfordshire Constabulary,-0.333374,51.758009,On or near AVENUE ROAD,E01023716,St Albans 010D,Investigation complete; no suspect identified
4727d2b68703a394753abd7cfa8f47ce586576f1b74938a1c3fbd9d5c9b0d12c,2021-07,Hertfordshire Constabulary,Hertfordshire Constabulary,-0.474722,51.750603,On or near Parking Area,E01023398,Dacorum 015D,Investigation complete; no suspect identified
9715b4f98b075f1ded2ed58c92721b404f9ee889d9a31d567b923b0c71d220f2,2021-07,Hertfordshire Constabulary,Hertfordshire Constabulary,-0.189512,51.784305,On or near LITTLE WADE,E01023942,Welwyn Hatfield 009D,Unable to prosecute suspect
a18031f53dec54761aaf37900afb059cac1c972d74dc7d85bd56fe9d9df0b4db,2021-07,Hertfordshire Constabulary,Hertfordshire Constabulary,-0.445569,51.760032,On or near UNDERACRES CLOSE,E01023346,Dacorum 013B,Suspect charged
c2d70c2cb4164c132630cf0367485ad8f6949cdda252e6b75f0cb04f2d143d73,2021-07,Hertfordshire Constabulary,Hertfordshire Constabulary,-0.360029,51.746568,On or near Supermarket,E01023742,St Albans 014A,Investigation complete; no suspect identified
8531c30f9bdd36e1f7ef7e10d1ca2bb38e7199f6f787ec05c95dbb37e99f86b8,2021-07,Hertfordshire Constabulary,Hertfordshire Constabulary,-0.423118,51.652809,On or near MAYTHORNE CLOSE,E01023886,Watford 008A,Unable to prosecute suspect
138260deefcd03548f06adfac88f1b75e0175b58710f6f53103f232a894e3dc6,2021-07,Hertfordshire Constabulary,Hertfordshire Constabulary,-0.461861,51.733432,On or near STATIONERS PLACE,E01033022,Dacorum 018G,Unable to prosecute suspect
4f8dbb6f1817dc78d4a48f1ccc58c9d33ddc923697258892053c86b3025dce38,2021-07,Hertfordshire Constabulary,Hertfordshire Constabulary,-0.222479,51.911873,On or near Pedestrian Subway,E01023796,Stevenage 005B,Unable to prosecute suspect
d0a47ec94d1dc9065c2556b5df9b3ea13c703a60243b95a0a5b15001da7f0918,2021-07,Hertfordshire Constabulary,Hertfordshire Constabulary,-0.340525,51.751078,On or near HIGH STREET,E01023743,St Albans 014B,Offender given a caution
922789a44c2001dd51da2e9bf9c054b6f9db44133e286b689452c356219ac180,2021-07,Hertfordshire Constabulary,Hertfordshire Constabulary,-0.118052,51.858770,On or near GREAT INNINGS SOUTH,E01033609,East Hertfordshire 010E,Unable to prosecute suspect
0304ea31ac26cb06b64c8069715d9b3a64c4478a5ce60493c3806438ed79f458,2021-07,Hertfordshire Constabulary,Hertfordshire Constabulary,-0.338894,51.748160,On or near BARDWELL ROAD,E01023727,St Albans 012B,Suspect charged
f582a6b69d205c4042e1c64037c2c85330fec8bd81fc18bac9edc83d96c066c3,2021-07,Hertfordshire Constabulary,Hertfordshire Constabulary,-0.404472,51.649051,On or near Hospital,E01023902,Watford 010D,Unable to prosecute suspect
3d224a54f327c9d8e23accf6c91f88220638932c0ac2da262644d890337224b0,2021-07,Hertfordshire Constabulary,Hertfordshire Constabulary,-0.225427,51.687369,On or near BIGNELLS CORNER,E01023584,Hertsmere 004D,Investigation complete; no suspect identified
45cd05be5462be8829e05671dc047730683a0d24cdd4eaba6a7692b64aa1a097,2021-07,Hertfordshire Constabulary,Hertfordshire Constabulary,-0.411005,51.652772,On or near KINGS AVENUE,E01023900,Watford 010B,Unable to prosecute suspect
4c95c3d4bf74eca6d87489479ebcc9c237bc77ab07199c0c79618949c7d7143a,2021-07,Hertfordshire Constabulary,Hertfordshire Constabulary,-0.300972,51.731072,On or near A1081,E01023684,St Albans 016D,Suspect charged
724c342a0e2efd5b87d759d1f6087d0032731a3817ec2867bcdc97fc237b4feb,2021-07,Hertfordshire Constabulary,Hertfordshire Constabulary,-0.269251,51.951199,On or near WALSWORTH ROAD,E01023601,North Hertfordshire 010A,Unable to prosecute suspect
c8ae159dbf5168f4286b765754332a92d502115ec7479ed1393b4973b38d8d96,2021-07,Hertfordshire Constabulary,Hertfordshire Constabulary,-0.331433,51.754465,On or near ST PETER'S ROAD,E01023676,St Albans 011D,Investigation complete; no suspect identified
07848d09cfee959b14a36f793586430959a4e9ca62a2324adc6fc71cd68df67e,2021-07,Hertfordshire Constabulary,Hertfordshire Constabulary,-0.201301,51.895708,On or near TIPPET COURT,E01023786,Stevenage 011D,Suspect charged
0d7d4b90a3c5b4984f23ca55e873e0a50ac8f4446bc66aefe5273034ffafb993,2021-07,Hertfordshire Constabulary,Hertfordshire Constabulary,-0.179417,51.695765,On or near WATKINS RISE,E01023580,Hertsmere 001E,Unable to prosecute suspect
3c8c42aebb487d8aced72d3ed80ebb9c6980eebda217918aac2918e054218567,2021-07,Hertfordshire Constabulary,Hertfordshire Constabulary,-0.173580,51.990747,On or near MALTINGS CLOSE,E01023587,North Hertfordshire 004A,Local resolution
779368acdcb0ed3340ea7768d8f87190c30958f30e2930b6fb382842bbe02e84,2021-07,Hertfordshire Constabulary,Hertfordshire Constabulary,-0.072935,51.798835,On or near RAILWAY STREET,E01023478,East Hertfordshire 017D,Unable to prosecute suspect
12465f8a0ce97dd53cdf13d2ce2ea82e9512eda0a0d3ed420ca57e6627ed6a44,2021-07,Hertfordshire Constabulary,Hertfordshire Constabulary,0.177602,51.879575,On or near ALCONBURY,E01023439,East Hertfordshire 005B,Investigation complete; no suspect identified
7474ff2736500b6aa0a41801c1148bb1806e9bf66385cfcac1dfccb5b4d2ce73,2021-07,Hertfordshire Constabulary,Hertfordshire Constabulary,-0.419344,51.664898,On or near RICHMOND DRIVE,E01023889,Watford 008D,Unable to prosecute suspect
0e9c134107375373874ddb1d1f6d417dda594eb81d168913cd5b84674fd62e00,2021-07,Hertfordshire Constabulary,Hertfordshire Constabulary,-0.356787,51.814735,On or near LEYTON GREEN,E01023701,St Albans 003C,Local resolution
3d7f74a8a8bc06191e032747cf95c00b3df2752cf2f909d22f5307ac384d0043,2021-07,Hertfordshire Constabulary,Hertfordshire Constabulary,-0.278190,51.655675,On or near Supermarket,E01023530,Hertsmere 007B,Suspect charged
5ef63d318c8ecdbdf41166f618ea66ac4facc8f0831ba15e68a3b3988f924552,2021-07,Hertfordshire Constabulary,Hertfordshire Constabulary,-0.181495,51.882293,On or near BROADWATER CRESCENT,E01023783,Stevenage 011A,Offender given a caution
19125cd16dd0e01dff68de873cb7b9ff8a4deb1cc654ebbc784b33921e5b6f42,2021-07,Hertfordshire Constabulary,Hertfordshire Constabulary,-0.038796,51.686092,On or near RAGLAN AVENUE,E01023339,Broxbourne 013D,Investigation complete; no suspect identified
bc148fbf72b1ad3ece7ed4aafad2863f3142a9ccd7ebd193c7d3e583790ee537,2021-07,Hertfordshire Constabulary,Hertfordshire Constabulary,-0.169463,51.908444,On or near Parking Area,E01023759,Stevenage 007A,Unable to prosecute suspect
e137e6792c23bf7b3c9e025a978512b7a0b7ac0d73bc665861365cb304fc15d8,2021-07,Hertfordshire Constabulary,Hertfordshire Constabulary,-0.394056,51.627616,On or near LINCOLN DRIVE,E01023844,Three Rivers 012D,Unable to prosecute suspect
ec0f7289825b66bfb9a3562d6a868b58480a102259791ae43fe2a37611f81a17,2021-07,Hertfordshire Constabulary,Hertfordshire Constabulary,-0.193258,51.884263,On or near Supermarket,E01023786,Stevenage 011D,Investigation complete; no suspect identified
c28c66853c4980bc5aea3e0522c7e3efbfc57e0232b2f349b05b85196e60d1b4,2021-07,Hertfordshire Constabulary,Hertfordshire Constabulary,-0.240292,51.764007,On or near PARKHOUSE COURT,E01033308,Welwyn Hatfield 010E,Investigation complete; no suspect identified
017a71455e9532038c18040e3b0b327c79edf269c1b370467a4b150432dbcc08,2021-07,Hertfordshire Constabulary,Hertfordshire Constabulary,-0.457668,51.772806,On or near Parking Area,E01023393,Dacorum 007A,Investigation complete; no suspect identified
39be6c4d96380ba821ca80b65f6d4cd9bde7f13b165696c9fb040a9ca71f5b99,2021-07,Hertfordshire Constabulary,Hertfordshire Constabulary,-0.465485,51.836741,On or near COWPER ROAD,E01023433,Dacorum 001D,Investigation complete; no suspect identified
1f6dfb38ade8ac8f7ec66470e73d6049fe2beaf3a76b79f0482672b18878716a,2021-07,Hertfordshire Constabulary,Hertfordshire Constabulary,-0.236781,51.757400,On or near Parking Area,E01023923,Welwyn Hatfield 012D,Investigation complete; no suspect identified
d4af66bc48876f8a00e2e748577192db01c8ed8a2e230de93f49fd744808a401,2021-07,Hertfordshire Constabulary,Hertfordshire Constabulary,0.007423,51.885543,On or near Petrol Station,E01023498,East Hertfordshire 006A,Unable to prosecute suspect
e164dbd45fb2ca0bbdb53f10aa38d5d4fe3830102721a4fbec6192fa66c8daee,2021-07,Hertfordshire Constabulary,Hertfordshire Constabulary,-0.310570,51.751344,On or near SUTTON ROAD,E01023674,St Albans 011B,Investigation complete; no suspect identified
6f144693678e6cf8cd11406380ae5b6cfedc0ffd9feeb2acb5b35f3d33afc09b,2021-07,Hertfordshire Constabulary,Hertfordshire Constabulary,-0.341551,51.637550,On or near THE PANTILES,E01023549,Hertsmere 013B,Investigation complete; no suspect identified
5f8637be3286203cfd61822862b38d335575bc5069721820d90e0c9c24ff2d03,2021-07,Hertfordshire Constabulary,Hertfordshire Constabulary,0.156440,51.866980,On or near MIDDLE ROW,E01023446,East Hertfordshire 007D,Local resolution
51a3004adca28f9ef3b900051282576042291efd7bb279f2e89e8e5cc7f14e3f,2021-07,Hertfordshire Constabulary,Hertfordshire Constabulary,-0.683965,51.827448,On or near LUKES LANE,E01023424,Dacorum 002B,Investigation complete; no suspect identified
50a0675d9efc18a5a3519cbc566d86fcf7560e112b35cb752099075d74b1c225,2021-07,Hertfordshire Constabulary,Hertfordshire Constabulary,-0.471424,51.749149,On or near Shopping Area,E01023398,Dacorum 015D,Investigation complete; no suspect identified
ae760e480bc5518fd294ca747a5447a61ba32005c5fe260f02ae6e027fd8b8b6,2021-07,Hertfordshire Constabulary,Hertfordshire Constabulary,-0.178101,51.686384,On or near BYERS CLOSE,E01023575,Hertsmere 003E,Unable to prosecute suspect
5eac23273bcfaa33407b21a7367fa0419d2ba05940dec3a42e30b5b0d7a457ea,2021-07,Hertfordshire Constabulary,Hertfordshire Constabulary,-0.308240,51.663997,On or near Sports/Recreation Area,E01023524,Hertsmere 005B,Suspect charged
b99060ab04e6849fa4deb52cac59c77cf76e0d210e824bf970737d217ed1278e,2021-07,Hertfordshire Constabulary,Hertfordshire Constabulary,-0.157921,51.908749,On or near BEANE AVENUE,E01023767,Stevenage 004A,Investigation complete; no suspect identified
0a943ca95ae8346452effb7b2c33627c34f0f9f2c380fbe5400e9b71775380a0,2021-07,Hertfordshire Constabulary,Hertfordshire Constabulary,-0.223972,51.761478,On or near LINK DRIVE,E01023924,Welwyn Hatfield 011A,Offender given a caution
52c94b0dcde5ee4309c0c4eed31509a709702b7042445aec1ebb40d55862f3de,2021-07,Hertfordshire Constabulary,Hertfordshire Constabulary,-0.026553,52.045555,On or near DAY'S CLOSE,E01023656,North Hertfordshire 002C,Investigation complete; no suspect identified
dca67caf28e26de71a654cdc85822861130df4beaa3845561627ed3d51ddf490,2021-07,Hertfordshire Constabulary,Hertfordshire Constabulary,-0.407317,51.656544,On or near PARK AVENUE,E01023888,Watford 008C,Investigation complete; no suspect identified
81886a2abe66c6bd9ddfefd6364f5ad31a6fffdcc9e62578e03e8a19edd89986,2021-07,Hertfordshire Constabulary,Hertfordshire Constabulary,-0.407111,51.653340,On or near WHIPPENDELL ROAD,E01023899,Watford 010A,Unable to prosecute suspect
3e585d1e0fe9f1e9cda97d8d2f91c1312f7327775141556e6a2b2ef1057bb0c2,2021-07,Hertfordshire Constabulary,Hertfordshire Constabulary,-0.412202,51.722332,On or near CHAPEL WAY,E01023807,Three Rivers 001D,Unable to prosecute suspect
4f32b8047f38000698fae376352c4f006644950cf9f63acd5c0657cf36331207,2021-07,Hertfordshire Constabulary,Hertfordshire Constabulary,-0.235975,51.773267,On or near HOLME ROAD,E01033310,Welwyn Hatfield 002E,Unable to prosecute suspect
d8d73e7b81f16e5aeec0ba357b08d162db99ba773710711adaac296a059d6ee9,2021-07,Hertfordshire Constabulary,Hertfordshire Constabulary,-0.483711,51.752131,On or near GLENVIEW ROAD,E01023380,Dacorum 018D,Unable to prosecute suspect
9e22a6e4ef76c971dc123a240e78c71b2a1c46fb5fab05183ff0765ae41bf84d,2021-07,Hertfordshire Constabulary,Hertfordshire Constabulary,-0.446423,51.718671,On or near Park/Open Space,E01023808,Three Rivers 001E,Investigation complete; no suspect identified
049c721fdfd85270c6183cda3fb8be4784d50a4d0fa58bc176a5668d4a7a1f2f,2021-07,Hertfordshire Constabulary,Hertfordshire Constabulary,-0.225882,51.921797,On or near STEVENAGE ROAD,E01023795,Stevenage 005A,Suspect charged
a76eed96fd87b5a3c598c0279cd534b94fbffb4eb3e17c53180f8b597edc31fb,2021-07,Hertfordshire Constabulary,Hertfordshire Constabulary,-0.209431,51.907647,On or near Petrol Station,E01023776,Stevenage 002A,Unable to prosecute suspect
d0f89bb847a326c6a7997e40dc91648b40077f5c4acef5ca65f0e9500658aa63,2021-07,Hertfordshire Constabulary,Hertfordshire Constabulary,-0.662670,51.793399,On or near Police Station,E01023426,Dacorum 002D,Further action is not in the public interest
060337b1cf176e73dfbdd5a650f79e866e110ce18a709e52f8edee33f510a976,2021-07,Hertfordshire Constabulary,Hertfordshire Constabulary,-0.283128,51.718170,On or near TYNEDALE,E01023704,St Albans 018A,Investigation complete; no suspect identified
cd764a7252e608a494564f24b07f42c12741e51d4e8f31a2a80073d093d2a0c4,2021-07,Hertfordshire Constabulary,Hertfordshire Constabulary,-0.469664,51.763090,On or near LAYHILL,E01023404,Dacorum 008D,Action to be taken by another organisation
fa11af2a948f931bf0e496d5c2d61204cf2d228f0f66a3f60009ac590da51b65,2021-07,Hertfordshire Constabulary,Hertfordshire Constabulary,-0.176966,51.694468,On or near Supermarket,E01023572,Hertsmere 003B,Investigation complete; no suspect identified
09f97ab5381b90d13715580444b7b7476aed0dba36f29cfe41b823e426bca080,2021-07,Hertfordshire Constabulary,Hertfordshire Constabulary,-0.437904,51.629736,On or near PEMBROKE ROAD,E01023841,Three Rivers 011C,Unable to prosecute suspect
97c9c302c66c51635a8e20c91829319a9c14238589465b45f53eac3ec702d8cc,2021-07,Hertfordshire Constabulary,Hertfordshire Constabulary,-0.188698,51.888177,On or near ST MARGARETS,E01023786,Stevenage 011D,Investigation complete; no suspect identified
8b2ea9248d2c7f82e1b4fe1fc0183eec8c9e81c209250bd3faa46745c4a7ad21,2021-07,Hertfordshire Constabulary,Hertfordshire Constabulary,-0.201129,51.904760,On or near Parking Area,E01023758,Stevenage 008D,Investigation complete; no suspect identified
96481536abcaea8a6248e3ce9e7a07eba8dd7e3bda43987b964b1b1346cf650d,2021-07,Hertfordshire Constabulary,Hertfordshire Constabulary,-0.393310,51.694101,On or near Sports/Recreation Area,E01023905,Watford 001B,Unable to prosecute suspect
e81cc6ec6af7ad6e64459d96d49659dc78abe601711dea48c152fbb0a5593e75,2021-07,Hertfordshire Constabulary,Hertfordshire Constabulary,-0.557793,51.761417,On or near STATION ROAD,E01023361,Dacorum 009A,Unable to prosecute suspect
c06ac5a09828121a41297bdf2ec095a5db4c8e8f1474c676a01f3e92718d7bb8,2021-07,Hertfordshire Constabulary,Hertfordshire Constabulary,-0.211912,51.924230,On or near Hospital,E01023800,Stevenage 002E,Investigation complete; no suspect identified
36257c8be17fab597b151fd8515a371032473304316912119d0e6735a91ffebc,2021-07,Hertfordshire Constabulary,Hertfordshire Constabulary,-0.112543,51.708144,On or near Supermarket,E01023947,Welwyn Hatfield 016A,Investigation complete; no suspect identified
8e48b111a85f1bf694d10778469c7060452d1c409c5d93bba19558fd449c9963,2021-07,Hertfordshire Constabulary,Hertfordshire Constabulary,-0.451274,51.755485,On or near Supermarket,E01023348,Dacorum 013D,Unable to prosecute suspect
db8ae4afedd78c0544504e1a39b8de58bab8ba1301145a1c6f89397dfff05352,2021-07,Hertfordshire Constabulary,Hertfordshire Constabulary,-0.223501,51.972161,On or near BALDOCK ROAD,E01023647,North Hertfordshire 008D,Local resolution
bbec5e8050726fd900602b3503de37b32aa33f9bc908f1af53b15183b49de25f,2021-07,Hertfordshire Constabulary,Hertfordshire Constabulary,-0.372036,51.665591,On or near BUSHEY MILL LANE,E01023555,Hertsmere 008D,Unable to prosecute suspect
1c6e76a0a6ee706efa0f94bfea441b31ff49e18d7ea47f5ba705938bb5a9d906,2021-07,Hertfordshire Constabulary,Hertfordshire Constabulary,-0.080773,51.796634,On or near MILLBRIDGE MEWS,E01023470,East Hertfordshire 014A,Investigation complete; no suspect identified
de01948a358303d89771f6b7e5212808a3d06e73d560dd0e61271fc6f5554b3e,2021-07,Hertfordshire Constabulary,Hertfordshire Constabulary,-0.387511,51.682188,On or near CEZANNE ROAD,E01023875,Watford 003C,Unable to prosecute suspect
96e66c25ed13f4c7701f17038eaf219bc65744e5dafa737f34c59ed7d65d6735,2021-07,Hertfordshire Constabulary,Hertfordshire Constabulary,-0.040172,51.701474,On or near LITTLEBROOK GARDENS,E01023334,Broxbourne 012C,Offender given a caution
619be1251cdb82dec93931a2f4d8aca8a39ff7bbd869154fbdd374ba93190acf,2021-07,Hertfordshire Constabulary,Hertfordshire Constabulary,-0.518871,51.619158,On or near THE HAWTHORNS,E01023838,Three Rivers 009D,Unable to prosecute suspect
e439d15a774a9fb2c1339213b5e0208e902d2c992971dda326fcb7789bc81e02,2021-07,Hertfordshire Constabulary,Hertfordshire Constabulary,-0.222783,51.814243,On or near BROADLEAF GROVE,E01023959,Welwyn Hatfield 003A,Unable to prosecute suspect
6448af68d2c49e1b975edcd988c40ca06dd36245df6b21c38c3f6df7e9ac67bf,2021-07,Hertfordshire Constabulary,Hertfordshire Constabulary,-0.038159,51.690784,On or near DYSONS CLOSE,E01023332,Broxbourne 012A,Unable to prosecute suspect
0525fdd0ae64c9b7ff2c023115d36334eb1cfd82e4809601df91abe578507028,2021-07,Hertfordshire Constabulary,Hertfordshire Constabulary,-0.218230,51.794311,On or near Sports/Recreation Area,E01023917,Welwyn Hatfield 006B,Investigation complete; no suspect identified
bd976bb2ba660f419de9cd4b24cf5e66d833f3032e9034624f3951c7d5c2e194,2021-07,Hertfordshire Constabulary,Hertfordshire Constabulary,-0.349176,51.757386,On or near WELLS CLOSE,E01023669,St Albans 009A,Suspect charged
5e83b652402f0d5273186fc8bd4b6d123775d73c9600cad122da08335d538cad,2021-07,Hertfordshire Constabulary,Hertfordshire Constabulary,-0.002490,51.788748,On or near FOLLY VIEW,E01023469,East Hertfordshire 018B,Unable to prosecute suspect
78ce227ff50e2782e09658adb9e0bf738785eecfe0b8fcafabbd31a4c9bcb82f,2021-07,Hertfordshire Constabulary,Hertfordshire Constabulary,0.014510,51.787253,On or near TROTTERS GAP,E01023504,East Hertfordshire 018E,Investigation complete; no suspect identified
9187f05e3f0065b45a60ac339957dac0e755d669036106e70dff4525eb80e2ca,2021-07,Hertfordshire Constabulary,Hertfordshire Constabulary,-0.404472,51.649051,On or near Hospital,E01023902,Watford 010D,Suspect charged
5b6c9c4b970958022da48249407f0a99c3725fba4b50163e7ec45eab217f9df4,2021-07,Hertfordshire Constabulary,Hertfordshire Constabulary,-0.514227,51.745768,On or near Petrol Station,E01023378,Dacorum 021F,Investigation complete; no suspect identified
d7120065711218ff88750d56c073cf428a44b53aaef20f94fd403f9c1717586a,2021-07,Hertfordshire Constabulary,Hertfordshire Constabulary,-0.342604,51.761170,On or near WAVERLEY ROAD,E01023670,St Albans 009B,Suspect charged
60a5816bd298f1a6f84dfca29401440c1d56d53ee27c980690f17ea7fdab3341,2021-07,Hertfordshire Constabulary,Hertfordshire Constabulary,-0.403455,51.798815,On or near TINGEYS CLOSE,E01023723,St Albans 006B,Unable to prosecute suspect
d8abbf43a4f3dccfa92eec4aff149b2ff209ea915111ffbd512b20adf5407f12,2021-07,Hertfordshire Constabulary,Hertfordshire Constabulary,-0.286993,51.663006,On or near THE PINES,E01023531,Hertsmere 007C,Unable to prosecute suspect
da2d85f3006e5ebb304de4272d6bfbae47ed3065afe5eb2f7a5103d5bc5d09fb,2021-07,Hertfordshire Constabulary,Hertfordshire Constabulary,-0.167830,51.916403,On or near DONCASTER CLOSE,E01023773,Stevenage 003C,Unable to prosecute suspect
49c89fcb751ddff049653055454876d31f93f75b726970d9773e95dc27616967,2021-07,Hertfordshire Constabulary,Hertfordshire Constabulary,-0.449420,51.738124,On or near HORSELERS,E01023359,Dacorum 020C,Unable to prosecute suspect
493a57dfd6346d2b4973b5818b2e18b2382b86ccf4ba2ed62dfc99696d530028,2021-07,Hertfordshire Constabulary,Hertfordshire Constabulary,-0.491213,51.744801,On or near FISHERY ROAD,E01023379,Dacorum 018C,Suspect charged
285e7f06ad3d99b920311a9346dddcf3cb98c460eaf29d1bccf03bb63ca0f504,2021-07,Hertfordshire Constabulary,Hertfordshire Constabulary,-0.417871,51.652802,On or near GEORGE CLOSE,E01023886,Watford 008A,Unable to prosecute suspect
f1fa4ab7c2008f80259fad8247326c38b26522c25fde52d04303fe4f8580a3f4,2021-07,Hertfordshire Constabulary,Hertfordshire Constabulary,-0.195466,51.904961,On or near INSKIP CRESCENT,E01023758,Stevenage 008D,Unable to prosecute suspect
baccc0480ce53e835fb0e2d6d98425c5e3cac9fb95e106c446050f8581ce6536,2021-07,Hertfordshire Constabulary,Hertfordshire Constabulary,0.131404,51.800416,On or near HAMPTON GARDENS,E01023500,East Hertfordshire 011B,Unable to prosecute suspect
828d80dd9330d8fc315b5ddeb8bd98417af6ca2ba2d2796d0f20169ddadf6c7a,2021-07,Hertfordshire Constabulary,Hertfordshire Constabulary,-0.282697,51.668024,On or near Supermarket,E01023536,Hertsmere 006C,Investigation complete; no suspect identified
0ba0b5cc61e2ea104b6714bb8640e06c683f74824011fd99cd8fee56b26a35cc,2021-07,Hertfordshire Constabulary,Hertfordshire Constabulary,-0.473806,51.756706,On or near Further/Higher Educational Building,E01023400,Dacorum 015E,Offender given a caution
02478d3923be2388aafccc232d01c3fa5dba836020dbde7d3b424ca5ba862ec7,2021-07,Hertfordshire Constabulary,Hertfordshire Constabulary,-0.408386,51.812397,On or near WOODLAND PLACE,E01023725,St Albans 006D,Investigation complete; no suspect identified
c42652da163a8f19f060d1f6fa9545dd33288e35a63159e40017d4e86b612911,2021-07,Hertfordshire Constabulary,Hertfordshire Constabulary,-0.397793,51.657286,On or near WATFORD HOUSE LANE,E01023861,Watford 009C,Investigation complete; no suspect identified
3a655eaf7d2625e85f7f8bc4aa8e72498fe057e4a143ccd870a3f30bcc0e6e3c,2021-07,Hertfordshire Constabulary,Hertfordshire Constabulary,-0.277322,51.949060,On or near Shopping Area,E01023616,North Hertfordshire 012F,Investigation complete; no suspect identified
5094287ccdfca992aa84d1f2f3aae5275e1615814749b6a95d258b840179cbf0,2021-07,Hertfordshire Constabulary,Hertfordshire Constabulary,0.005400,51.788137,On or near Supermarket,E01023505,East Hertfordshire 018F,Suspect charged
b14ca769eb81cb192fff576c5cebc1ee0be782d9a7687fdfdc9d0ac89333a3c1,2021-07,Hertfordshire Constabulary,Hertfordshire Constabulary,-0.382807,51.656290,On or near ASHDOWN ROAD,E01023554,Hertsmere 008C,Investigation complete; no suspect identified
cd6ad682cfe9fd5e29f9f265288f9b01e5e86f10edbba3df64d4a1b377fb114c,2021-07,Hertfordshire Constabulary,Hertfordshire Constabulary,-0.286993,51.663006,On or near THE PINES,E01023531,Hertsmere 007C,Local resolution
12c8b35c43692c53147fbe704877c966f870377c0f055c39c38cf59a18f57091,2021-07,Hertfordshire Constabulary,Hertfordshire Constabulary,-0.072935,51.798835,On or near RAILWAY STREET,E01023478,East Hertfordshire 017D,Suspect charged
459be606ed1b882c871f100e4080887c0357e1ba6d309675cb091fc3bdebe3bb,2021-07,Hertfordshire Constabulary,Hertfordshire Constabulary,-0.493619,51.640157,On or near ORCHARD WAY,E01023847,Three Rivers 007A,Unable to prosecute suspect
0145154d9ce8e2d64c3ede855d45ec5750ea3fee1c95db76c774c2a320944a5d,2021-07,Hertfordshire Constabulary,Hertfordshire Constabulary,0.155059,51.858759,On or near APSLEY CLOSE,E01023445,East Hertfordshire 007C,Unable to prosecute suspect
71a4536b9dcdab283006cf093895e76e518bfbbfbfca2226beaaaaaedb0a854d,2021-07,Hertfordshire Constabulary,Hertfordshire Constabulary,-0.037456,51.708370,On or near Supermarket,E01023303,Broxbourne 008B,Investigation complete; no suspect identified
a53b721b835d199a86bb41be1562b5534344b95e504315c5f3adfc9a28d5b631,2021-07,Hertfordshire Constabulary,Hertfordshire Constabulary,-0.193911,51.898049,On or near WHITTINGTON LANE,E01023755,Stevenage 008A,Investigation complete; no suspect identified
0b967218961782711f27ee717689f82b18cec5a6aecbb8b32130b6c14b93a56c,2021-07,Hertfordshire Constabulary,Hertfordshire Constabulary,-0.013560,51.938916,On or near ST FRANCIS CLOSE,E01023464,East Hertfordshire 001B,Unable to prosecute suspect
aab253b490bb896a39346779fe6605ec28b018a5aa4b6ef1b797545cd19f99ef,2021-07,Hertfordshire Constabulary,Hertfordshire Constabulary,-0.402395,51.655919,On or near CASSIO ROAD,E01023861,Watford 009C,Investigation complete; no suspect identified
163b73b418c31dd04ad2e91075ae8bfce8184076c7aab403c5029d8ecb8872fa,2021-07,Hertfordshire Constabulary,Hertfordshire Constabulary,-0.443793,51.753966,On or near Sports/Recreation Area,E01023345,Dacorum 013A,Unable to prosecute suspect
4e6f173a78ddd5d16cba21c4cff205eba9e7e779b1130b626c421eb9beb4fcd9,2021-07,Hertfordshire Constabulary,Hertfordshire Constabulary,-0.298826,51.750815,On or near LONGACRES,E01023664,St Albans 013A,Action to be taken by another organisation
e91eb264bf658bc16adeda221300a723cebe9b1f40c217b7fb715a70cf655d41,2021-07,Hertfordshire Constabulary,Hertfordshire Constabulary,-0.238284,51.762350,On or near COMET ROAD,E01023921,Welwyn Hatfield 012B,Unable to prosecute suspect
cf7b8e6a6662cc5c7853d9d281a6687bcf9165b07cbf1eb0f7bc0feaad5eeb94,2021-07,Hertfordshire Constabulary,Hertfordshire Constabulary,-0.449657,51.752793,On or near LONGLANDS,E01023349,Dacorum 015A,Unable to prosecute suspect
9a780fd73b4cd81130a49f5b9962b15ce671b0b3d6ac6f553d1fe58c1e91665f,2021-07,Hertfordshire Constabulary,Hertfordshire Constabulary,-0.404472,51.649051,On or near Hospital,E01023902,Watford 010D,Offender given a caution
f0dbec33ac66ce8ef4e64cf791017df0fa68da020a942e22d8c107d2f1403ce5,2021-07,Hertfordshire Constabulary,Hertfordshire Constabulary,-0.021240,51.763851,On or near PADDICK CLOSE,E01023323,Broxbourne 003D,Unable to prosecute suspect
156b1897f55db3f9eeb994d8361451549c9e81f757d0421ee514d186eacd5c70,2021-07,Hertfordshire Constabulary,Hertfordshire Constabulary,-0.104545,51.804538,On or near Pedestrian Subway,E01023488,East Hertfordshire 015B,Unable to prosecute suspect
89b928a7d2f7caf3105a034fc19d0429aae983c75a3688c1ef46c44fd4d9db5c,2021-07,Hertfordshire Constabulary,Hertfordshire Constabulary,-0.190217,51.699259,On or near DARKES LANE,E01023578,Hertsmere 001C,Investigation complete; no suspect identified
22b55ff5cdd6ba1d08952f13c4595b3ba5347620813a4269d79465f3eb1cd8b2,2021-07,Hertfordshire Constabulary,Hertfordshire Constabulary,-0.406476,51.669400,On or near GRANGE CLOSE,E01023879,Watford 007B,Investigation complete; no suspect identified
c9cdd35488cfb0d2793712902135198899daf65e06476087da1f0fb71421e9fb,2021-07,Hertfordshire Constabulary,Hertfordshire Constabulary,-0.004176,51.765657,On or near RIVER AVENUE,E01023331,Broxbourne 002E,Investigation complete; no suspect identified
187003744081bddaa3181e08e5859d90abb378e430d4e2ea5f9a0b90d0d17191,2021-07,Hertfordshire Constabulary,Hertfordshire Constabulary,-0.272169,51.946827,On or near HOLLOW LANE,E01023606,North Hertfordshire 013A,Suspect charged
aaa9d8ea035df66d3e85b4108c5d080fa7b5227220146396352cff28a2df476a,2021-07,Hertfordshire Constabulary,Hertfordshire Constabulary,-0.434735,51.778753,On or near BERKELEY SQUARE,E01023437,Dacorum 005D,Unable to prosecute suspect
95150d32a3c76945bebb1f5f4c63a82e28d4fa466f694e72e835c749ec7fbe78,2021-07,Hertfordshire Constabulary,Hertfordshire Constabulary,-0.195521,51.814287,On or near NURSERY HILL,E01023915,Welwyn Hatfield 004D,Offender given a caution
603de8dbf1165fc7076abb6bfee39e2a5312c94566892e135b287eb0e9641fa7,2021-07,Hertfordshire Constabulary,Hertfordshire Constabulary,-0.037445,51.718001,On or near Supermarket,E01023305,Broxbourne 008D,Investigation complete; no suspect identified
2e743ff3ea0dc58f5d7ee615b5374be73887afe9eb22cf34c2dc433c2e48406a,2021-07,Hertfordshire Constabulary,Hertfordshire Constabulary,-0.399725,51.658248,On or near Nightclub,E01023861,Watford 009C,Investigation complete; no suspect identified
6136f1c526420d4a459f643de817a76331ad895f9e300fef10ff1e5fd431cfa0,2021-07,Hertfordshire Constabulary,Hertfordshire Constabulary,-0.412796,51.706200,On or near TIBBS HILL ROAD,E01023804,Three Rivers 001C,Unable to prosecute suspect
0dffdf51bb295edba41e3bfe2637b474008bb5f819fd6a10aa3644f6dc75913f,2021-07,Hertfordshire Constabulary,Hertfordshire Constabulary,-0.350999,51.716894,On or near WITHY PLACE,E01023719,St Albans 019B,Unable to prosecute suspect
417b887bda668f6a04f4d7e47824eb317b7d3d74477bcfb0e85d776615c3f049,2021-07,Hertfordshire Constabulary,Hertfordshire Constabulary,-0.322413,51.692103,On or near HIGHRIDGE CLOSE,E01023526,Hertsmere 005D,Unable to prosecute suspect
86a1b6ea4c40976ebab200342a0d851e21b87560cd7d63dfe312b3db90861eec,2021-07,Hertfordshire Constabulary,Hertfordshire Constabulary,-0.467076,51.759073,On or near GARLAND CLOSE,E01023399,Dacorum 010C,Unable to prosecute suspect
16a01b218fc7ef72dde4fffc6437c5aa97177b92d34d50855c01fa026d854036,2021-07,Hertfordshire Constabulary,Hertfordshire Constabulary,-0.387679,51.651411,On or near Supermarket,E01023860,Watford 009B,Suspect charged
694c46daa496a4873d6bf4ba166b58fbebca51a8d83bef4ea67585eca41f584e,2021-07,Hertfordshire Constabulary,Hertfordshire Constabulary,,,No location,,,Unable to prosecute suspect
065a960260423c4278e42512e7f276e1cd1850ae46b7d48ac7fb16a3403a32a4,2021-07,Hertfordshire Constabulary,Hertfordshire Constabulary,-0.400930,51.688073,On or near BRIAR ROAD,E01023894,Watford 002E,Investigation complete; no suspect identified
22f4eb757fb89669f72d7c6fc53a7954dd36d4bc964555f66e0ea09ab45cc3cc,2021-07,Hertfordshire Constabulary,Hertfordshire Constabulary,-0.566948,51.761970,On or near Supermarket,E01023361,Dacorum 009A,Investigation complete; no suspect identified
39c4d4b81e48ad111d24bc52e30208e1138a2ccdd27e1286d5c29a247230d55e,2021-07,Hertfordshire Constabulary,Hertfordshire Constabulary,-0.307269,51.769901,On or near THE RIDGEWAY,E01023710,St Albans 008B,Suspect charged
34884e9dc6104127bbd04a46a935cb0a509739389cbdf7d96cf1a6fc4bc3d59b,2021-07,Hertfordshire Constabulary,Hertfordshire Constabulary,-0.224353,51.771348,On or near HOMESTEAD ROAD,E01023929,Welwyn Hatfield 010A,Investigation complete; no suspect identified
e17485a704b32ba6fd448d59a81e1980dbabc1f9421bb9c86f114eb5da2a81f6,2021-07,Hertfordshire Constabulary,Hertfordshire Constabulary,-0.273330,51.955251,On or near ST AUGUSTINE CLOSE,E01023601,North Hertfordshire 010A,Suspect charged
2aa5ad07a0dabc2ccdbc9eac0d08a058c77ef39d3ddaf5d579a1484a0db450df,2021-07,Hertfordshire Constabulary,Hertfordshire Constabulary,-0.378203,51.654868,On or near SISKIN CLOSE,E01023554,Hertsmere 008C,Suspect charged
14113c6622bb7ad4347952cbe687960fc4643c831aa6d1c2acffaa7379d41a17,2021-07,Hertfordshire Constabulary,Hertfordshire Constabulary,-0.204587,51.801198,On or near Shopping Area,E01023918,Welwyn Hatfield 006C,Investigation complete; no suspect identified
237d6bac8d55c5dd04e984367a0d90728debfb0832b3483aa6b3ee2ffa480597,2021-07,Hertfordshire Constabulary,Hertfordshire Constabulary,-0.201562,51.900459,On or near THE QUADRANT,E01023758,Stevenage 008D,Unable to prosecute suspect
cffebe366ccadddd4df38a35bf685255f8c735c4ad82fce06d52bf59dc6253da,2021-07,Hertfordshire Constabulary,Hertfordshire Constabulary,-0.448637,51.747466,On or near ACORN ROAD,E01023411,Dacorum 017C,Unable to prosecute suspect
b62ffb3eb6985f2c92fae94841ff0e9930be783a2791cf5f373ea28ae4e24f7c,2021-07,Hertfordshire Constabulary,Hertfordshire Constabulary,-1.946342,52.507549,On or near FARCROFT AVENUE,E01009274,Birmingham 036C,Unable to prosecute suspect
30c33d7b47e1838c6d25c96bbc845a29503b06f1251cc97872cab7cc5c46dbf2,2021-07,Hertfordshire Constabulary,Hertfordshire Constabulary,-0.201596,51.788887,On or near TWELVE ACRES,E01023940,Welwyn Hatfield 009B,Unable to prosecute suspect
ace12f3dc89bc538657d3b5e2baee77ab82f3020df1205a09188eeddf5f2a676,2021-07,Hertfordshire Constabulary,Hertfordshire Constabulary,-0.094473,51.713113,On or near WOODLAND WAY,E01023313,Broxbourne 007C,Investigation complete; no suspect identified
4c6f3897f314792b1ca0ad3a68057855c1efa88e659ea4dc18461f48405d9819,2021-07,Hertfordshire Constabulary,Hertfordshire Constabulary,-0.279476,51.654929,On or near GLENHAVEN AVENUE,E01023532,Hertsmere 007D,Unable to prosecute suspect
ae40754c71fbae54325e39df7d87a98800b5897bd8ca663b56bbe6d3676dbef1,2021-07,Hertfordshire Constabulary,Hertfordshire Constabulary,0.142496,51.858755,On or near Pedestrian Subway,E01023448,East Hertfordshire 007F,Investigation complete; no suspect identified
8f9079b622638f9f1847ccc43680fcb35b9659f01d80dd753f4a53324ce98798,2021-07,Hertfordshire Constabulary,Hertfordshire Constabulary,-0.398279,51.643895,On or near CROSSMEAD,E01023883,Watford 012B,Unable to prosecute suspect
893620bad64af7501af9bd01d318d700a4178f88158d0489ca35e72e958c148c,2021-07,Hertfordshire Constabulary,Hertfordshire Constabulary,-0.494150,51.755799,On or near Supermarket,E01023429,Dacorum 011D,Investigation complete; no suspect identified
cc8d79c085d393d6defb75fa375edd5172414fe9101658b1c196dc1a928b0a33,2021-07,Hertfordshire Constabulary,Hertfordshire Constabulary,-0.322703,51.744504,On or near CUNNINGHAM AVENUE,E01023682,St Albans 016B,Investigation complete; no suspect identified
1946d216146d41ebe100254f53740d1a576fbeea80c9e20ce73c9fdaed41cdf5,2021-07,Hertfordshire Constabulary,Hertfordshire Constabulary,-0.409552,51.648868,On or near KELMSCOTT CRESCENT,E01023863,Watford 011A,Unable to prosecute suspect
5e7e077260a93d62fbcd67df081403cb3e4994d290e5f6b09f9e8946e08bfcdb,2021-07,Hertfordshire Constabulary,Hertfordshire Constabulary,-0.035508,51.802721,On or near Sports/Recreation Area,E01023510,East Hertfordshire 013A,Action to be taken by another organisation
48f1c58005b7f3a6559e7bb7517ff5dea244110f30d3b920b89929b14688bbd8,2021-07,Hertfordshire Constabulary,Hertfordshire Constabulary,-0.333374,51.758009,On or near AVENUE ROAD,E01023716,St Albans 010D,Investigation complete; no suspect identified
b39e2bd0606c5f317e52068c097589af7bb5361e62a2622e5fd087035a955fb0,2021-07,Hertfordshire Constabulary,Hertfordshire Constabulary,0.160339,51.870451,On or near Shopping Area,E01023449,East Hertfordshire 004A,Investigation complete; no suspect identified
0ccf925c369ea33012bd1cd385d17b7ae431a45ba0b8284613984052fcaaafe3,2021-07,Hertfordshire Constabulary,Hertfordshire Constabulary,-0.237817,51.765040,On or near GOLDSMITH WAY,E01033308,Welwyn Hatfield 010E,Suspect charged
1fd2b79eec1dd8cd76d05f408fdb7097af5bf4e953a0a66930bc37ad3ce8c31a,2021-07,Hertfordshire Constabulary,Hertfordshire Constabulary,-0.018723,51.945235,On or near CHAPEL END,E01023466,East Hertfordshire 001D,Unable to prosecute suspect
253da59aeb46b5639a4d892879fc872e0441b62511f825ba0c5cd69bdec2fffb,2021-07,Hertfordshire Constabulary,Hertfordshire Constabulary,-0.205794,51.798546,On or near Parking Area,E01023918,Welwyn Hatfield 006C,Investigation complete; no suspect identified
6a506666ece16d5e85324c4df61a83f409163c3318a3cd19d2b757df88b16100,2021-07,Hertfordshire Constabulary,Hertfordshire Constabulary,-0.185364,51.903124,On or near BEDWELL CRESCENT,E01023756,Stevenage 008B,Unable to prosecute suspect
adf1a46211049db12924f268c2f0426e7dc7adc00c82700dc414f66415b9d1d9,2021-07,Hertfordshire Constabulary,Hertfordshire Constabulary,-0.037445,51.718001,On or near Supermarket,E01023305,Broxbourne 008D,Investigation complete; no suspect identified
2411766434e80137582262b40f0197a7fe0566debfaffa1773ee4f0003602f8a,2021-07,Hertfordshire Constabulary,Hertfordshire Constabulary,-0.189512,51.784305,On or near LITTLE WADE,E01023942,Welwyn Hatfield 009D,Unable to prosecute suspect
d636200b8622bd13eea498e4b521b091cb01ad10963b188c4ff07f94808a346b,2021-07,Hertfordshire Constabulary,Hertfordshire Constabulary,-0.176366,51.882645,On or near BURYDALE,E01023784,Stevenage 011B,Formal action is not in the public interest
a5c0e7dcbee9980f83cb18e8434094de386a1fa3b56f2d637a464fc803641944,2021-07,Hertfordshire Constabulary,Hertfordshire Constabulary,-0.432324,51.757140,On or near Sports/Recreation Area,E01023345,Dacorum 013A,Unable to prosecute suspect
24b660763d57eda0d4ecd33c788e08521837c39cee7c023aa68e54956e2bc9ac,2021-07,Hertfordshire Constabulary,Hertfordshire Constabulary,-0.227178,51.978582,On or near Shopping Area,E01023644,North Hertfordshire 008A,Investigation complete; no suspect identified
ebf9e7126b8ae1d4d0165e4407b4ff0c9d08b1f045d212bc94561d0b5c1a288f,2021-07,Hertfordshire Constabulary,Hertfordshire Constabulary,-0.563289,51.760378,On or near Supermarket,E01023361,Dacorum 009A,Investigation complete; no suspect identified
8ec2a9e9c59b2101eda09bbbf6162ab4243a72784b45ddc9bbdbcbd95f3154f2,2021-07,Hertfordshire Constabulary,Hertfordshire Constabulary,-0.199291,51.799067,On or near BROAD COURT,E01023954,Welwyn Hatfield 007A,Unable to prosecute suspect
041a5d86fb67c8df6923ce5a89082bfc065ea66279cd5fe10e6d8f415bb8c8df,2021-07,Hertfordshire Constabulary,Hertfordshire Constabulary,-0.442610,51.701572,On or near M25,E01023406,Dacorum 022A,Unable to prosecute suspect
342155ddfa7ac7e29173c21e081a5449666b0f436df49718f114adb10616e1c1,2021-07,Hertfordshire Constabulary,Hertfordshire Constabulary,-0.187324,51.991949,On or near STATION ROAD,E01023589,North Hertfordshire 004C,Investigation complete; no suspect identified
fc48ce9dfc38106312e1baf36677747b6a731430e8a06c7457f1ea1aa4c1e41c,2021-07,Hertfordshire Constabulary,Hertfordshire Constabulary,-0.177925,51.933923,On or near FINBRACKS,E01033026,North Hertfordshire 005J,Unable to prosecute suspect
d6e118c63afb1950afef7d4348c636a4a27508c885ee38a8b555a86cf3b07eb3,2021-07,Hertfordshire Constabulary,Hertfordshire Constabulary,-0.188917,51.914167,On or near Pedestrian Subway,E01023781,Stevenage 006D,Unable to prosecute suspect
75c100c357e967aa4a35a0bb4527490cc65f592b19bd1d606c915a08a6823f22,2021-07,Hertfordshire Constabulary,Hertfordshire Constabulary,-0.434420,51.746387,On or near MALMES CROFT,E01023413,Dacorum 017E,Suspect charged
366aac9cec4f6ceef85836d05b243a60090b4c0575d987f08b380b8b8ca40fc6,2021-07,Hertfordshire Constabulary,Hertfordshire Constabulary,-0.182719,51.908874,On or near Pedestrian Subway,E01023781,Stevenage 006D,Offender given a caution
536c3563438252dced6975369af915961b7428b0741451fd6ca9c21ad7ac6556,2021-07,Hertfordshire Constabulary,Hertfordshire Constabulary,-0.453316,51.730488,On or near KINGFISHER DRIVE,E01023414,Dacorum 020E,Unable to prosecute suspect
404ee80a6f33539119f7fffea0038c5912ee081694cac4e993147c0fd387a247,2021-07,Hertfordshire Constabulary,Hertfordshire Constabulary,-0.380924,51.676280,On or near DOUGLAS AVENUE,E01023897,Watford 005C,Investigation complete; no suspect identified
0a35f1eecd5a95f753c36fd5bb650ed0ff853ebde282048964cfe550fd49c8ed,2021-07,Hertfordshire Constabulary,Hertfordshire Constabulary,-0.205363,51.904294,On or near Petrol Station,E01023758,Stevenage 008D,Investigation complete; no suspect identified
8a55c850a8fea8154d14c3190ee17e164aca6c1f8a1f5741f05b1667969e12fa,2021-07,Hertfordshire Constabulary,Hertfordshire Constabulary,-0.493619,51.640157,On or near ORCHARD WAY,E01023847,Three Rivers 007A,Unable to prosecute suspect
444db5971250b1bf077361760187383a5ec2b30b4ac4ec4cf3b48f1745b9c96e,2021-07,Hertfordshire Constabulary,Hertfordshire Constabulary,-0.199291,51.799067,On or near BROAD COURT,E01023954,Welwyn Hatfield 007A,Unable to prosecute suspect
66e94955043832ab12f0c840986176ed4e41ba853e6ba7d702ca2688d9466a3e,2021-07,Hertfordshire Constabulary,Hertfordshire Constabulary,-0.431807,51.751145,On or near PATMORE LINK ROAD,E01023410,Dacorum 017B,Unable to prosecute suspect
bd976bb2ba660f419de9cd4b24cf5e66d833f3032e9034624f3951c7d5c2e194,2021-07,Hertfordshire Constabulary,Hertfordshire Constabulary,-0.349176,51.757386,On or near WELLS CLOSE,E01023669,St Albans 009A,Suspect charged
49b080fdbdd7b5c4701f37f8a503a42cf0e2696947f08dd063e0ebbea38b06ba,2021-07,Hertfordshire Constabulary,Hertfordshire Constabulary,-0.398272,51.663785,On or near STATION ROAD,E01023861,Watford 009C,Investigation complete; no suspect identified
8f0a91cdb224d04aadf90df8008b28a12e3ad64dfadf4f1cdb5a028648534c2d,2021-07,Hertfordshire Constabulary,Hertfordshire Constabulary,-0.200675,51.901929,On or near MARKET SQUARE,E01023758,Stevenage 008D,Suspect charged
cdd9a407d686b1911f8d5aaaf66b078aed09e44e216ea4f9f485aaf4a787e096,2021-07,Hertfordshire Constabulary,Hertfordshire Constabulary,-0.404472,51.649051,On or near Hospital,E01023902,Watford 010D,Suspect charged
0964f69f850502718114b4c3300fb2bf41d56de3a070fc64cbff25d6d76e1319,2021-07,Hertfordshire Constabulary,Hertfordshire Constabulary,-0.267551,51.658306,On or near MAXWELL ROAD,E01023541,Hertsmere 011C,Investigation complete; no suspect identified
ad313ee33c00b7549d76d1a65fc220431003dfa17a12cbfcf528c99ef2d33c7e,2021-07,Hertfordshire Constabulary,Hertfordshire Constabulary,-0.310570,51.751344,On or near SUTTON ROAD,E01023674,St Albans 011B,Suspect charged
8fb7150874081459d8f8fa90882b39f4eb11233c2375fda3886db2191f83d9f4,2021-07,Hertfordshire Constabulary,Hertfordshire Constabulary,-0.221593,51.971062,On or near BERKELEY,E01023647,North Hertfordshire 008D,Unable to prosecute suspect
0f89e2339cdce1c250f4bcfd607bbee68835ad1e4ca31eb1d22d1332deb651a7,2021-07,Hertfordshire Constabulary,Hertfordshire Constabulary,-0.222164,51.762494,On or near GOLDINGS CRESCENT,E01023924,Welwyn Hatfield 011A,Unable to prosecute suspect
8440a723ba061f28034ea01d89d548e33ad1133762722e3f061b423bbb4ee094,2021-07,Hertfordshire Constabulary,Hertfordshire Constabulary,-0.276715,51.653792,On or near DRAYTON ROAD,E01023539,Hertsmere 011A,Investigation complete; no suspect identified
a859b0608b81cad295cdde06c6f57ea16368d5a2219f5b02217a542bf82bb396,2021-07,Hertfordshire Constabulary,Hertfordshire Constabulary,-0.344467,51.635262,On or near HOWTON PLACE,E01023549,Hertsmere 013B,Investigation complete; no suspect identified
b76162438f229853df9f654737e4ba5ee453204b35782d54d79fd136d40622fc,2021-07,Hertfordshire Constabulary,Hertfordshire Constabulary,-0.239023,51.763458,On or near HARPSFIELD BROADWAY,E01033308,Welwyn Hatfield 010E,Unable to prosecute suspect
f12517c29c904ee66c56e353ff0c08a29c1bddf3537d3a8f0992c9c5c7d1672a,2021-07,Hertfordshire Constabulary,Hertfordshire Constabulary,-0.351214,51.666362,On or near PEGMIRE LANE,E01023555,Hertsmere 008D,Investigation complete; no suspect identified
3fe5c8b3c0c3b24070a4310ef760e2d4fddec57a583d7c25b8d48234f675c1ff,2021-07,Hertfordshire Constabulary,Hertfordshire Constabulary,-0.314909,51.769444,On or near SLIMMONS DRIVE,E01023709,St Albans 008A,Unable to prosecute suspect
5ea7461150239a0e4c62a3b7158c758e4ea8528b8116461d47ee2180d7c168c9,2021-07,Hertfordshire Constabulary,Hertfordshire Constabulary,-0.512309,51.753009,On or near POUCHEN END LANE,E01023383,Dacorum 016A,Offender given a caution
9b513406b9d52a179653d4859916e69cfa67d4a64a847b9abd5e4dd3397440a5,2021-07,Hertfordshire Constabulary,Hertfordshire Constabulary,-0.354155,51.652250,On or near CORNFIELD ROAD,E01023562,Hertsmere 012E,Unable to prosecute suspect
6f212b334451e8557ca6859efbfa3171209e4448be3f0ed64163f7f561f6a0f9,2021-07,Hertfordshire Constabulary,Hertfordshire Constabulary,-0.197828,51.783371,On or near PINNATE PLACE,E01023941,Welwyn Hatfield 009C,Investigation complete; no suspect identified
dfb18f0dcf4963429f053a4995652f003abc9f2aba58570a149d3fc8f334acfc,2021-07,Hertfordshire Constabulary,Hertfordshire Constabulary,-0.201531,51.915071,On or near BARCLAY GARDENS,E01023777,Stevenage 002B,Unable to prosecute suspect
3ac7cdaff75c3510dc6e9794de79878e27a081b30dcbf166986fd51c9ad588bc,2021-07,Hertfordshire Constabulary,Hertfordshire Constabulary,-0.205525,51.697857,On or near SUFFOLK ROAD,E01023567,Hertsmere 002A,Unable to prosecute suspect
7288111fc86171d258b09afb4ee120ae978b790c77925d64983c7b671c4aa439,2021-07,Hertfordshire Constabulary,Hertfordshire Constabulary,-0.206624,51.970772,On or near JARDEN,E01023640,North Hertfordshire 009B,Suspect charged
b38455f1662f41793e4619024b8fc71b77291a274dad0e7a5522622d2dff3dbe,2021-07,Hertfordshire Constabulary,Hertfordshire Constabulary,0.154955,51.820417,On or near KECKSY'S,E01023499,East Hertfordshire 011A,Unable to prosecute suspect
5945d968bbf7751f7f5b29d3881072ba594c593ba2e8983b31bca022326cfc21,2021-07,Hertfordshire Constabulary,Hertfordshire Constabulary,-0.344704,51.824592,On or near WROXHAM WAY,E01023688,St Albans 002D,Unable to prosecute suspect
a0d4fb2d5ebe3f4b4e12e9bfd0bc07ce5e280b1347ce503b4596b12e8954242b,2021-07,Hertfordshire Constabulary,Hertfordshire Constabulary,-0.407352,51.652255,On or near HARWOODS ROAD,E01023903,Watford 010E,Unable to prosecute suspect
a674b5ef930c2cd0010ff5c1919ec58a67c36828a1f1630075a3bfc9d32fc1eb,2021-07,Hertfordshire Constabulary,Hertfordshire Constabulary,-0.353153,51.638406,On or near SPARROWS HERNE,E01023558,Hertsmere 012A,Unable to prosecute suspect
e81d95d89c2223ce628212e74735d2b6efaa11fab6ea628252d57d8dabcf96d4,2021-07,Hertfordshire Constabulary,Hertfordshire Constabulary,0.055197,51.811197,On or near SHEARES HOPPIT,E01023491,East Hertfordshire 009A,Unable to prosecute suspect
62e85c133b6c6520d7ae7a04468d60baf3d4800b71a45d2de1028bde1ff4526d,2021-07,Hertfordshire Constabulary,Hertfordshire Constabulary,-0.238269,51.976842,On or near BURNELL WALK,E01023646,North Hertfordshire 008C,Unable to prosecute suspect
14e4a03dde28f4335b16bfccc77e2348916771dd0e2a9f9899501eca84565b43,2021-07,Hertfordshire Constabulary,Hertfordshire Constabulary,-0.378408,51.645475,On or near KING EDWARD ROAD,E01023884,Watford 012C,Unable to prosecute suspect
b25f2617172356fe5110762cd5208b5f3832833ab5f22e3b26ee8a05693285b7,2021-07,Hertfordshire Constabulary,Hertfordshire Constabulary,-0.300786,51.719425,On or near WALSINGHAM WAY,E01023708,St Albans 018E,Investigation complete; no suspect identified
9e818fdc1e9f07523b3a116466ef0a95b434ed51de0ce76a17d45318ac6d648d,2021-07,Hertfordshire Constabulary,Hertfordshire Constabulary,-0.300543,51.779947,On or near ST LEONARDS CRESCENT,E01023736,St Albans 007D,Investigation complete; no suspect identified
c79ccdf1a2be6ba21f83587a2b259866128188ee7e1e36d38610491603d17d76,2021-07,Hertfordshire Constabulary,Hertfordshire Constabulary,-0.237817,51.765040,On or near GOLDSMITH WAY,E01033308,Welwyn Hatfield 010E,Suspect charged
90a62ecb794f379841b5860b2ab7245d1a3861449fcb5d037b3ab42d903e2872,2021-07,Hertfordshire Constabulary,Hertfordshire Constabulary,-0.445730,51.749441,On or near Parking Area,E01023411,Dacorum 017C,Unable to prosecute suspect
c425b0e96aa53d4ad211c47c8511dd174e815547f530830198e7fc33029fa068,2021-07,Hertfordshire Constabulary,Hertfordshire Constabulary,-0.269328,51.655688,On or near Supermarket,E01023541,Hertsmere 011C,Investigation complete; no suspect identified
9904fda4756a1b0f65a1ed7ccf00c88dd3addfc3995aef7ed5f778858cffd4d6,2021-07,Hertfordshire Constabulary,Hertfordshire Constabulary,-0.305078,51.751759,On or near REDWOOD CLOSE,E01023665,St Albans 013B,Suspect charged
2f9823051f496551d6524dc4bc96fd70dad88def02bcd573d85166b35717a959,2021-07,Hertfordshire Constabulary,Hertfordshire Constabulary,-0.304488,51.637057,On or near A41,E01023564,Hertsmere 010B,Investigation complete; no suspect identified
d6c7d35b3f2b5b5b75e73b5c52e428cde0f30f74d69d6ea2c98823d934d6d927,2021-07,Hertfordshire Constabulary,Hertfordshire Constabulary,-0.385379,51.618486,On or near BENTON ROAD,E01023805,Three Rivers 010A,Offender given a caution
5e956babc48b6b8fc8ae1d608dca6adb0f37378d182daf8d274bb0a3f21ed242,2021-07,Hertfordshire Constabulary,Hertfordshire Constabulary,-0.312394,51.743619,On or near Supermarket,E01023683,St Albans 016C,Investigation complete; no suspect identified
b6f245e2ffe19ddd0ef523a64d6c0efcb224440a3a11064701a7e9ca6fcada0a,2021-07,Hertfordshire Constabulary,Hertfordshire Constabulary,-0.379603,51.631005,On or near GREENFIELD AVENUE,E01023811,Three Rivers 010D,Investigation complete; no suspect identified
1d346a94be2a10d5605399180f28ab41f712590f39c246732a4670808bdcc6c4,2021-07,Hertfordshire Constabulary,Hertfordshire Constabulary,-0.188030,51.884902,On or near Parking Area,E01023783,Stevenage 011A,Unable to prosecute suspect
27d23299693143936a917d7837d96791e485606acbd5b3377991f126f6c9d8f5,2021-07,Hertfordshire Constabulary,Hertfordshire Constabulary,-0.099948,51.802098,On or near HAWTHORN CLOSE,E01023487,East Hertfordshire 015A,Investigation complete; no suspect identified
8d79787cd8a2cfcb72e851f5e348ed6601d1676d9def19016b9c3b9a1574955b,2021-07,Hertfordshire Constabulary,Hertfordshire Constabulary,,,No location,,,Unable to prosecute suspect
deceee60855385ae67d69ba428fa32bc0942d6c1efd47ce56418b5dc4bb2ead7,2021-07,Hertfordshire Constabulary,Hertfordshire Constabulary,-0.239352,51.969270,On or near HIGHFIELD,E01023646,North Hertfordshire 008C,Unable to prosecute suspect
4a2bb271f484c3eda85acb8b654a1a5796610df061bc4737e5e8154c87ffa529,2021-07,Hertfordshire Constabulary,Hertfordshire Constabulary,-0.463303,51.738307,On or near BELSWAINS LANE,E01023389,Dacorum 019D,Unable to prosecute suspect
7db4b29b26485787ac9ee436a0cbb2d2b0955099e63cb039d345cb45ddae2867,2021-07,Hertfordshire Constabulary,Hertfordshire Constabulary,-0.396386,51.672167,On or near ST ALBANS ROAD,E01023858,Watford 006D,Investigation complete; no suspect identified
3d95a61179b4bbab8932b6e80ef224881848cecb9cd1967f97b86647decd3da7,2021-07,Hertfordshire Constabulary,Hertfordshire Constabulary,-0.080027,51.796802,On or near MILL BRIDGE,E01023470,East Hertfordshire 014A,Unable to prosecute suspect
a618526d925de021ca640685062e1eb17a542c9a84c5d36ab373f56ecbc4db3b,2021-07,Hertfordshire Constabulary,Hertfordshire Constabulary,-0.286847,51.718611,On or near COLNBROOK CLOSE,E01023704,St Albans 018A,Investigation complete; no suspect identified
e05fb78e6ee2ec19fb9dd46992bd5322d912c839afc4d4487dd6bb84997f33ec,2021-07,Hertfordshire Constabulary,Hertfordshire Constabulary,-0.237817,51.765040,On or near GOLDSMITH WAY,E01033308,Welwyn Hatfield 010E,Local resolution
ac07695bcd91674d58b698a3b891f64772a0179d19469d16d54d3e19d66c5a21,2021-07,Hertfordshire Constabulary,Hertfordshire Constabulary,-0.340320,51.752334,On or near UPPER DAGNALL STREET,E01023727,St Albans 012B,Investigation complete; no suspect identified
8de5cefb36a2aaacde7fa5b2386160b438b2bfb582392c83f1c2997f40e7316a,2021-07,Hertfordshire Constabulary,Hertfordshire Constabulary,-0.048327,51.709370,On or near CHURCH LANE,E01023310,Broxbourne 006D,Investigation complete; no suspect identified
25b03f4666870c446fcd1bc19d66ce5c4ac8ee0aab448d4e9ef50ca38a986590,2021-07,Hertfordshire Constabulary,Hertfordshire Constabulary,-0.223540,51.918147,On or near BERWICK CLOSE,E01023797,Stevenage 005C,Investigation complete; no suspect identified
2dc1ed597be9430e85923577624839ebe0a5290a20bbc45b0203322bee55d946,2021-07,Hertfordshire Constabulary,Hertfordshire Constabulary,-0.220291,51.974531,On or near RUSHBY PLACE,E01023630,North Hertfordshire 006A,Unable to prosecute suspect
34fa66fcfa259c6ba19e2af7e1b804c6ff32f32e4babe700e153840dabf22d62,2021-07,Hertfordshire Constabulary,Hertfordshire Constabulary,-0.395647,51.662365,On or near WOODFORD ROAD,E01023861,Watford 009C,Unable to prosecute suspect
c5a2424642e1882ce5e4bdd5494014d321abd76b85e2aa8b833803d222a216da,2021-07,Hertfordshire Constabulary,Hertfordshire Constabulary,0.131404,51.800416,On or near HAMPTON GARDENS,E01023500,East Hertfordshire 011B,Unable to prosecute suspect
84c1a951b53709b81365b0e32690b8eb3514d2c69aa9d31c9c088b4fa4ed185a,2021-07,Hertfordshire Constabulary,Hertfordshire Constabulary,0.157129,51.875321,On or near Parking Area,E01023449,East Hertfordshire 004A,Investigation complete; no suspect identified
7985c6d61777ec855aa5d81b715f4577074258840a86ba075fe5dbfdc7524c8c,2021-07,Hertfordshire Constabulary,Hertfordshire Constabulary,-0.252239,51.737201,On or near BENNETTS CLOSE,E01023679,St Albans 015C,Investigation complete; no suspect identified
2842d069ede8cc70b3bca1b3a7f81ca30e2067e401c553e7d0d8dd9917947dd3,2021-07,Hertfordshire Constabulary,Hertfordshire Constabulary,-0.150416,51.762556,On or near EAST VIEW,E01023925,Welwyn Hatfield 011B,Unable to prosecute suspect
e532773a1d300004df0877359fa41b05a27cd76cbe355c6c7447a9df8cc3195a,2021-07,Hertfordshire Constabulary,Hertfordshire Constabulary,-0.346400,51.745739,On or near Parking Area,E01023743,St Albans 014B,Offender given a caution
0f3c2a202d71b59d99da19b035bed1330f241a381e5c3caef3d4bf1dc2b2b16e,2021-07,Hertfordshire Constabulary,Hertfordshire Constabulary,-0.276557,51.655669,On or near KEYSTONE PASSAGE,E01023530,Hertsmere 007B,Suspect charged
2b0444e18ca8171862fd1a21ccdef32cb16cd9acff913ebc518ca55fd8446e15,2021-07,Hertfordshire Constabulary,Hertfordshire Constabulary,-0.383772,51.656393,On or near GREATHAM ROAD,E01023554,Hertsmere 008C,Suspect charged
36d3b59013e9ca988700891a4b263381d9c7d6d35e67430071bb889dfc315e96,2021-07,Hertfordshire Constabulary,Hertfordshire Constabulary,-0.185116,51.784039,On or near HOWICKS GREEN,E01023946,Welwyn Hatfield 008D,Unable to prosecute suspect
01fc67cb0bf4fa73549ae568f5e24e56a2dfbc7492656c3b1357769b79cb6085,2021-07,Hertfordshire Constabulary,Hertfordshire Constabulary,-0.386459,51.620219,On or near ORMSKIRK ROAD,E01023805,Three Rivers 010A,Formal action is not in the public interest
7c2c888118b08e29f65a1517e62dd10823e9c3d7debc951d06de243bf3803b3a,2021-07,Hertfordshire Constabulary,Hertfordshire Constabulary,-0.318657,51.686474,On or near Petrol Station,E01023525,Hertsmere 005C,Unable to prosecute suspect
c2e79da86d30ab37687f82cedfa4aa7f19bd717295cb5061a2220733785d50bb,2021-07,Hertfordshire Constabulary,Hertfordshire Constabulary,-0.404029,51.696235,On or near HOPE GREEN,E01023906,Watford 001C,Offender given a caution
34ced6be69ff76cb80989ac3756cf663cffb71b18a35a681acc3ff90c124b27b,2021-07,Hertfordshire Constabulary,Hertfordshire Constabulary,-0.246995,51.769044,On or near DERRY LEYS,E01033314,Welwyn Hatfield 010G,Unable to prosecute suspect
9b964d55279515c5347892faf22e43dbb8fd526f69632c1545190b9d04fe2796,2021-07,Hertfordshire Constabulary,Hertfordshire Constabulary,-0.469545,51.756336,On or near BROAD STREET,E01023400,Dacorum 015E,Unable to prosecute suspect
f2b7eb35c21d6b70adab12660ca23fc5a8cadd04719074d63740bb0c4daa34ea,2021-07,Hertfordshire Constabulary,Hertfordshire Constabulary,0.087353,51.954057,On or near THE CAUSEWAY,E01023462,East Hertfordshire 001A,Suspect charged
f3100987fd369eacce922019751fc99e05a6b1a1e455d57e27c544e4ccc62b92,2021-07,Hertfordshire Constabulary,Hertfordshire Constabulary,-0.353543,51.650389,On or near FARRINGTON AVENUE,E01023560,Hertsmere 012C,Unable to prosecute suspect
b899c5a32cdf4f84f4fd12c3ab36d3b7fd4dceef7e57367f91e806cb8606b165,2021-07,Hertfordshire Constabulary,Hertfordshire Constabulary,-0.415817,51.631688,On or near Petrol Station,E01023827,Three Rivers 008A,Investigation complete; no suspect identified
557e0a407175d530e11f24eecc88a66ba08ca6144cff8d8e1f6af25adb0a51f0,2021-07,Hertfordshire Constabulary,Hertfordshire Constabulary,-0.268136,51.940096,On or near STEVENAGE ROAD,E01023614,North Hertfordshire 012D,Investigation complete; no suspect identified
6d4f43c298bcf5818efd2058f9fcc58e71d56cdea66d7d56daa2143aa19b4809,2021-07,Hertfordshire Constabulary,Hertfordshire Constabulary,-0.500210,51.749556,On or near Supermarket,E01023384,Dacorum 016B,Unable to prosecute suspect
eb19c61ce135caaebc333dc6c5d9af6b13702668dbce4d068fb9163a94312a3e,2021-07,Hertfordshire Constabulary,Hertfordshire Constabulary,-0.566948,51.761970,On or near Supermarket,E01023361,Dacorum 009A,Unable to prosecute suspect
1358489c89f4ec2be72d3c2ce96d9a3017b58cae5388fb189c9040b559224af1,2021-07,Hertfordshire Constabulary,Hertfordshire Constabulary,-0.337202,51.754385,On or near Parking Area,E01023727,St Albans 012B,Unable to prosecute suspect
c5fef6b691f20df1c581059abd6cf7dbce0a3f1b5af7f9efed9f759d1c58f5f5,2021-07,Hertfordshire Constabulary,Hertfordshire Constabulary,-0.643842,51.781521,On or near GRIMSDYKE ROAD,E01023352,Dacorum 004A,Investigation complete; no suspect identified
02f3ecea8e438ebda999058d25c834ed4b745ca473de2e1eaf74a1d4a14b5da0,2021-07,Hertfordshire Constabulary,Hertfordshire Constabulary,0.006360,51.768589,On or near FISHERMANS WAY,E01023330,Broxbourne 002D,Unable to prosecute suspect
665c527bf9570c116cf432b82cce3dd26fbe596c17c4d7a02d4be4cd84665e89,2021-07,Hertfordshire Constabulary,Hertfordshire Constabulary,-0.387751,51.685231,On or near FIRST AVENUE,E01023875,Watford 003C,Unable to prosecute suspect
ba6746d86c5b09a7253534ede59a654e43992d106d2b93ae5fe7f980660ba0c4,2021-07,Hertfordshire Constabulary,Hertfordshire Constabulary,-0.335621,51.735920,On or near LECTERN LANE,E01023738,St Albans 017B,Unable to prosecute suspect
d7d47e7afc763f456b9d1b995d496111a2ca6fd69a46da133a040f835f491be1,2021-07,Hertfordshire Constabulary,Hertfordshire Constabulary,-0.523481,51.644897,On or near LITTLE HILL,E01023815,Three Rivers 005A,Suspect charged
7b6469f2fec1682015ed259b75a76541937c6487288c7f984906fbe46da908a6,2021-07,Hertfordshire Constabulary,Hertfordshire Constabulary,-0.188917,51.914167,On or near Pedestrian Subway,E01023781,Stevenage 006D,Unable to prosecute suspect
eda7210426cd4ec82a474036c8b27077bcbb165b1f7ee4fe4ce0f2fbe35d5174,2021-07,Hertfordshire Constabulary,Hertfordshire Constabulary,-0.452204,51.765163,On or near EUROPA ROAD,E01023402,Dacorum 008B,Suspect charged
a2feb8a695ba0f86d1e39cad8b83ea986a3ba8c7e21b85d0a6b388465cb670a1,2021-07,Hertfordshire Constabulary,Hertfordshire Constabulary,-0.376287,51.663969,On or near SCOTTSWOOD CLOSE,E01023552,Hertsmere 008A,Unable to prosecute suspect
a1b966f4bd7a1a6c775a6b9f63e0f8304321b5e217d2733e980874f9234a82e8,2021-07,Hertfordshire Constabulary,Hertfordshire Constabulary,-0.029332,51.818291,On or near CLARKS CLOSE,E01023517,East Hertfordshire 013E,Unable to prosecute suspect
069d751fde601abded128979b9c9ea29545ce9791d8b2a54cba4be159c5189ea,2021-07,Hertfordshire Constabulary,Hertfordshire Constabulary,-0.374525,51.649377,On or near GRANGE ROAD,E01023559,Hertsmere 012B,Investigation complete; no suspect identified
8317aede0c5cd64ff8a7d432e1d257dc1d052a7adb8ffef7f3da1e5b3b84d8eb,2021-07,Hertfordshire Constabulary,Hertfordshire Constabulary,-0.201301,51.895708,On or near TIPPET COURT,E01023786,Stevenage 011D,Suspect charged
eb7005f427c3efbd5a6c035c8b9497cb703804726a853b00f997b5ea049c5c0f,2021-07,Hertfordshire Constabulary,Hertfordshire Constabulary,-0.195441,51.786140,On or near HOLLYBUSH LANE,E01023940,Welwyn Hatfield 009B,Unable to prosecute suspect
0ddc5ec85d766fbe66c1f5a8b2f0132d06979bf978ddf9945ce2d8e69a75f3de,2021-07,Hertfordshire Constabulary,Hertfordshire Constabulary,-0.220417,51.776333,On or near Supermarket,E01033311,Welwyn Hatfield 010F,Investigation complete; no suspect identified
26a47ce40a56ef8de65a173c2f4c8534632c01501cbca81527e15afad2b74e01,2021-07,Hertfordshire Constabulary,Hertfordshire Constabulary,-0.494728,51.635019,On or near SPRINGWELL AVENUE,E01023836,Three Rivers 009B,Unable to prosecute suspect
8f1379411e40f58a5dd8c0efeefd694bdc101515c6f4928737105fb129dc1dad,2021-07,Hertfordshire Constabulary,Hertfordshire Constabulary,0.166122,51.867153,On or near LONDON ROAD,E01023441,East Hertfordshire 005D,Unable to prosecute suspect
9069accfb5e50e520e7053d6d3f0497c3f131571fce921cfd5b756e901c931f5,2021-07,Hertfordshire Constabulary,Hertfordshire Constabulary,-0.199926,51.891209,On or near Park/Open Space,E01023786,Stevenage 011D,Suspect charged
6cb38eb668ad04813e606a584c16fea4888f1a7528ab04e589144b82dc465c61,2021-07,Hertfordshire Constabulary,Hertfordshire Constabulary,-0.044224,51.800070,On or near Petrol Station,E01023484,East Hertfordshire 016C,Unable to prosecute suspect
2b874f0df4603ee8a9a21c7dd6be09effba65d65d15c31bf6dd07c9140b40fea,2021-07,Hertfordshire Constabulary,Hertfordshire Constabulary,-0.454156,51.775458,On or near MERSEY PLACE,E01023394,Dacorum 007B,Investigation complete; no suspect identified
574dcdbf7217a2e84951f7ee294120bcc8bb261b5fc95134b2259488720422da,2021-07,Hertfordshire Constabulary,Hertfordshire Constabulary,-0.432334,51.745550,On or near MISSDEN DRIVE,E01023410,Dacorum 017B,Suspect charged
b7471069236949774292165401115b372d25870e8d585c7bac51b4e400cc77a3,2021-07,Hertfordshire Constabulary,Hertfordshire Constabulary,-0.473102,51.750106,On or near Nightclub,E01023398,Dacorum 015D,Unable to prosecute suspect
d9cf87c24359cfb0258702ce1a4c86068de7df2aa463f515deacd7ff50480985,2021-07,Hertfordshire Constabulary,Hertfordshire Constabulary,-0.258286,51.957026,On or near GREEN LANE,E01023619,North Hertfordshire 011C,Unable to prosecute suspect
d4ab57c377945703a7a6cbbb051cdbcfbf269fd9c6b4ebfc669a1080b33cc353,2021-07,Hertfordshire Constabulary,Hertfordshire Constabulary,-0.414056,51.687118,On or near JORDAN CLOSE,E01023907,Watford 001D,Unable to prosecute suspect
41eabb32636d5aa80b686a0e714ca9084bb2d58da03f9397cba3381f1996959a,2021-07,Hertfordshire Constabulary,Hertfordshire Constabulary,-0.389951,51.679470,On or near Supermarket,E01023896,Watford 005B,Unable to prosecute suspect
b1a4325bbe9ec0ae880108f40237d2e2329392fe26e555771e85880009f6c56c,2021-07,Hertfordshire Constabulary,Hertfordshire Constabulary,-0.552582,51.758512,On or near PAXTON ROAD,E01023362,Dacorum 009B,Unable to prosecute suspect
40c54f6ae0cfe15c3f8a79fd89b5856009dbf660d2f586029c4f3b0036b54a52,2021-07,Hertfordshire Constabulary,Hertfordshire Constabulary,-0.008208,51.760645,On or near Supermarket,E01023320,Broxbourne 003A,Investigation complete; no suspect identified
7964abcf0d322c5f0383ac49ecd2f08b389fa75d127aca92cc5a7e99a3e549c8,2021-07,Hertfordshire Constabulary,Hertfordshire Constabulary,-0.354985,51.649699,On or near MEADOW ROAD,E01023560,Hertsmere 012C,Unable to prosecute suspect
e45d2d0bb99e9dd69c58c0901b020144a09e8ddeda10112762675b1b982335f2,2021-07,Hertfordshire Constabulary,Hertfordshire Constabulary,-0.025405,51.705579,On or near DELAMARE ROAD,E01023299,Broxbourne 010C,Investigation complete; no suspect identified
bb5b91d54e0405242ae2b8dc4832204977d52e2190315fc30aa21e8dd893ab78,2021-07,Hertfordshire Constabulary,Hertfordshire Constabulary,-0.474722,51.750603,On or near Parking Area,E01023398,Dacorum 015D,Unable to prosecute suspect
b096a74c8a3bc89ab54f1bf258bf5d9122af3ea62f3e47c1a20180be0fb6034d,2021-07,Hertfordshire Constabulary,Hertfordshire Constabulary,-0.289566,51.956144,On or near NORTH PLACE,E01023613,North Hertfordshire 012C,Investigation complete; no suspect identified
ac1d0a7c69538b1a8c05ba60ee36fc49f60bdfa56527fc23780c44687a19db58,2021-07,Hertfordshire Constabulary,Hertfordshire Constabulary,-0.339522,51.749616,On or near RYDER SEED MEWS,E01023726,St Albans 012A,Investigation complete; no suspect identified
e872997f2ebcca999d1e4e75111bf90f3c824839034324cd83dcce6054297f57,2021-07,Hertfordshire Constabulary,Hertfordshire Constabulary,-0.202041,51.896474,On or near BYRD COURT,E01023786,Stevenage 011D,Action to be taken by another organisation
506ead503f4da5b09b8fc6ae28ca1141a003da840ed9a10edfe4c43a2251c09c,2021-07,Hertfordshire Constabulary,Hertfordshire Constabulary,-0.024410,51.724770,On or near Further/Higher Educational Building,E01023342,Broxbourne 005C,Investigation complete; no suspect identified
62fba84313c3f1e9e52e30a66402367be670cf3045fde7d7fa68d49a7d452cdb,2021-07,Hertfordshire Constabulary,Hertfordshire Constabulary,-0.241235,51.763599,On or near Supermarket,E01033308,Welwyn Hatfield 010E,Local resolution
0b05df7dee76ad32968cb9888f3ae4534327faa051af440d1a91774cfbd71a86,2021-07,Hertfordshire Constabulary,Hertfordshire Constabulary,-0.329531,51.753386,On or near HATFIELD ROAD,E01023727,St Albans 012B,Unable to prosecute suspect
452735d1563d2844d88cf50f0b6c6bca5fed1f34f4b93e32e03d2cef6dc476fa,2021-07,Hertfordshire Constabulary,Hertfordshire Constabulary,-0.275384,51.947620,On or near HOLLOW LANE,E01023616,North Hertfordshire 012F,Unable to prosecute suspect
ec3fbeba030e86e1a06d06f5f6f029db2528070a500a452e66d835ade35afdf2,2021-07,Hertfordshire Constabulary,Hertfordshire Constabulary,-0.030124,51.815094,On or near GOLDSTONE CLOSE,E01023519,East Hertfordshire 012E,Unable to prosecute suspect
c40366e02de993a60b46e92e3a02cb6ec3b2a80ee8b6c0e54047cc81ab5691b8,2021-07,Hertfordshire Constabulary,Hertfordshire Constabulary,-0.256742,51.645350,On or near SADDLERS CLOSE,E01023543,Hertsmere 011E,Investigation complete; no suspect identified
6810243099bcf0dcadac1afec0e429487b4adccc27e43c73ac4023cfecfa059c,2021-07,Hertfordshire Constabulary,Hertfordshire Constabulary,-0.349243,51.722157,On or near GROVEBURY GARDENS,E01023718,St Albans 019A,Investigation complete; no suspect identified
30ae5c0a1030b78e3fc45c97ee84638c9ea071b75bbb8a327745084ab325af32,2021-07,Hertfordshire Constabulary,Hertfordshire Constabulary,-0.418370,51.675010,On or near RIDGEFIELD,E01023878,Watford 007A,Suspect charged
5061628a5f859e7e5b8daa25c18b21b2a693b37719bb517fa07fef1f36472f5b,2021-07,Hertfordshire Constabulary,Hertfordshire Constabulary,-0.260982,51.655025,On or near MANOR WAY,E01023541,Hertsmere 011C,Action to be taken by another organisation
639a61d4e7ecf093b8027bf2eac68d7d6f2299dba6c55ffae06ac7e0d1310083,2021-07,Hertfordshire Constabulary,Hertfordshire Constabulary,-0.285566,51.668623,On or near BELFORD ROAD,E01023536,Hertsmere 006C,Investigation complete; no suspect identified
2f0dbf3f2297c67d2bd70475f8d484191c03b8676661c3eb5a8b53e7b89edf9e,2021-07,Hertfordshire Constabulary,Hertfordshire Constabulary,-0.191982,51.784190,On or near RYELANDS,E01023942,Welwyn Hatfield 009D,Investigation complete; no suspect identified
49b4a1ad9cd45ff35a6adeafbe919c54a8da6b07998c2cabd766fa7f750a4dc2,2021-07,Hertfordshire Constabulary,Hertfordshire Constabulary,-0.032211,51.686494,On or near Supermarket,E01023337,Broxbourne 013B,Investigation complete; no suspect identified
3baafc83216f14b553737e13080d6ccf1f8105a3eb556c7b844a4886ad20b3db,2021-07,Hertfordshire Constabulary,Hertfordshire Constabulary,-0.220590,51.984633,On or near FURMSTON COURT,E01023633,North Hertfordshire 006D,Unable to prosecute suspect
b14ee1698e310d6bec4b3f9192999d1d440b71059a3c6bd16d0bfb1566cb42d1,2021-07,Hertfordshire Constabulary,Hertfordshire Constabulary,-0.378779,51.629384,On or near CARPENDERS AVENUE,E01023810,Three Rivers 010C,Investigation complete; no suspect identified
048cf7c878c77db588c4a015cefed5a43c3fb3b5321047067b3ebaebe11bd3bc,2021-07,Hertfordshire Constabulary,Hertfordshire Constabulary,-0.360879,51.660599,On or near Sports/Recreation Area,E01023555,Hertsmere 008D,Investigation complete; no suspect identified
d861ec05400efcf2a79328728949b726fda02c66487303852cb23664c6925b3a,2021-07,Hertfordshire Constabulary,Hertfordshire Constabulary,-0.245630,51.953888,On or near KINGSWOOD AVENUE,E01023617,North Hertfordshire 011A,Unable to prosecute suspect
8aa972fbfbd877f95abff8669f7ea269eafb3722c32b36824e87ff6eb57e755c,2021-07,Hertfordshire Constabulary,Hertfordshire Constabulary,-0.044869,51.783472,On or near OLIVERS WAY,E01023480,East Hertfordshire 018C,Offender given a caution
b5fb5e0e99db070811cc7db6c299d22f0697d01b3e07e54f1847ce4c310b1301,2021-07,Hertfordshire Constabulary,Hertfordshire Constabulary,-0.390956,51.622933,On or near REDWOOD CLOSE,E01023843,Three Rivers 012C,Investigation complete; no suspect identified
8a25952b5836a0bf74e46c07f7ccc58b1decfe7b296b945b3f0df5141c985639,2021-07,Hertfordshire Constabulary,Hertfordshire Constabulary,-0.345171,51.805509,On or near LOIRE MEWS,E01023697,St Albans 005C,Unable to prosecute suspect
27942a379151bd1f3145e805a0eba585342590faea2f323dbfbb68ef8c951f2d,2021-07,Hertfordshire Constabulary,Hertfordshire Constabulary,-0.469520,51.762639,On or near CHURCH STREET,E01023404,Dacorum 008D,Unable to prosecute suspect
3464ac3395c0af12fc561711784e10e48120ac6471b5cf90e143b828f1badfdc,2021-07,Hertfordshire Constabulary,Hertfordshire Constabulary,,,No location,,,Further action is not in the public interest
7114971a64cf8ee318b20fbc336567b9a3591c2bef5558b6370048f2bfe3d0cd,2021-07,Hertfordshire Constabulary,Hertfordshire Constabulary,-0.167763,51.693408,On or near WAYSIDE,E01023572,Hertsmere 003B,Unable to prosecute suspect
08e39b097e95f8b4b09aa549071a0eb67383de33f5188cfd002d3722728d9cc2,2021-07,Hertfordshire Constabulary,Hertfordshire Constabulary,-0.489318,51.753858,On or near GULLBROOK,E01023381,Dacorum 018E,Unable to prosecute suspect
580eaf1568e01f2493dbf550e1ab01d3d8b4ee677cd9041ae98dd127a3ee0e56,2021-07,Hertfordshire Constabulary,Hertfordshire Constabulary,-0.395311,51.619081,On or near KENILWORTH GARDENS,E01023806,Three Rivers 012A,Unable to prosecute suspect
00988d7bbe3068ff4dc2ffbb1d8d58480ac24b45da7edace4b21fa71e13f7326,2021-07,Hertfordshire Constabulary,Hertfordshire Constabulary,-0.297074,51.721898,On or near BLUETT ROAD,E01023708,St Albans 018E,Investigation complete; no suspect identified
24ec180f96ed4e0356f0798bfe058763d93f074b58461f68a24c9e4d84ddc4be,2021-07,Hertfordshire Constabulary,Hertfordshire Constabulary,-0.386524,51.686761,On or near SIXTH AVENUE,E01023875,Watford 003C,Unable to prosecute suspect
1b1b073342cee50474519a9998aa80083e30c6e1bdecccf8dfb6425a9732732e,2021-07,Hertfordshire Constabulary,Hertfordshire Constabulary,-0.030300,51.691857,On or near TRINITY LANE,E01023335,Broxbourne 012D,Local resolution
dcefd24a07b559614e2bd9d2f3db281d276640bfa857b46668b5db168e0f8b90,2021-07,Hertfordshire Constabulary,Hertfordshire Constabulary,-0.258004,51.942527,On or near ASTON RISE,E01023607,North Hertfordshire 013B,Unable to prosecute suspect
2e768454c38dce44afa0cb3af941f162ec97582ebe6633524e5b60bf379ccb3a,2021-07,Hertfordshire Constabulary,Hertfordshire Constabulary,0.152696,51.862813,On or near BENHOOKS AVENUE,E01023447,East Hertfordshire 007E,Offender given a caution
f0e729cca001ef1bab85a953d3481e5ee78537fa40a73cda7c28b34a59df7f19,2021-07,Hertfordshire Constabulary,Hertfordshire Constabulary,-0.050614,51.802217,On or near COCKBUSH AVENUE,E01023484,East Hertfordshire 016C,Unable to prosecute suspect
b861b490ba0fceefff5243044b4a38618ca5ce29a049a84387e20a39fd97e1be,2021-07,Hertfordshire Constabulary,Hertfordshire Constabulary,0.001181,51.688160,On or near CROOKED MILE,E01021812,Epping Forest 009B,Suspect charged
a758ea043cb8dfd1dcd4c76438cdfc52433ed93e89dea2e76962774b0ea9eb38,2021-07,Hertfordshire Constabulary,Hertfordshire Constabulary,-0.293487,51.723725,On or near CHANTRY LANE,E01023706,St Albans 018C,Unable to prosecute suspect
08b4190090c10d34df3b029a5994520843b7aabafa25b91a1015c6815cdd2506,2021-07,Hertfordshire Constabulary,Hertfordshire Constabulary,-0.212322,51.911351,On or near BRIDGE ROAD,E01023776,Stevenage 002A,Suspect charged
a2feb8a695ba0f86d1e39cad8b83ea986a3ba8c7e21b85d0a6b388465cb670a1,2021-07,Hertfordshire Constabulary,Hertfordshire Constabulary,-0.376287,51.663969,On or near SCOTTSWOOD CLOSE,E01023552,Hertsmere 008A,Unable to prosecute suspect
eee0abfe9587f393e5c221dcd76a2ff7554235f52390ce37bfd96108b24a1eee,2021-07,Hertfordshire Constabulary,Hertfordshire Constabulary,-0.398289,51.655926,On or near WELLSTONES,E01023861,Watford 009C,Unable to prosecute suspect
2f1ca31914db769fc524f58f5fe41fa6a78da1523cde32084ac920d39a85487f,2021-07,Hertfordshire Constabulary,Hertfordshire Constabulary,-0.236111,51.979526,On or near Petrol Station,E01023649,North Hertfordshire 007A,Unable to prosecute suspect
432bcf6aa62ae1276f020e4625bfc2c2fd089705d44104571cf7c7cdaff32d4b,2021-07,Hertfordshire Constabulary,Hertfordshire Constabulary,-0.184987,51.909943,On or near ARCHER ROAD,E01023781,Stevenage 006D,Investigation complete; no suspect identified
df48b20bf3b0b084524e90dbde32e7b2ca50eabe3016761f4ca9eb8d38591adb,2021-07,Hertfordshire Constabulary,Hertfordshire Constabulary,-0.219175,51.733116,On or near DIXONS HILL ROAD,E01023963,Welwyn Hatfield 014B,Investigation complete; no suspect identified
840f34357a270bc087df1a3c4e6566c00ee695fa85ac427e01b98f6044921038,2021-07,Hertfordshire Constabulary,Hertfordshire Constabulary,-0.262817,51.953900,On or near ST MICHAEL'S MOUNT,E01023619,North Hertfordshire 011C,Suspect charged
fad0f71a02a7b76efe5546b919840c87963b8c4d26878fdfa822dca5505ffb6f,2021-07,Hertfordshire Constabulary,Hertfordshire Constabulary,,,No location,,,Unable to prosecute suspect
cc17dd59549e61e7649cb976f3cca517e00a50b64bec43bc36eb7f21f87c7884,2021-07,Hertfordshire Constabulary,Hertfordshire Constabulary,-0.658316,51.795463,On or near Petrol Station,E01023421,Dacorum 004B,Investigation complete; no suspect identified
7afeb0e0d0788f0cb81b31b0ce2771a62ab6a190b8f340c311419c6cbaa9fcaf,2021-07,Hertfordshire Constabulary,Hertfordshire Constabulary,-0.449475,51.764013,On or near DELLCUT ROAD,E01023346,Dacorum 013B,Unable to prosecute suspect
9aaa311d6757c077f5e49fc451be5e0a11cc52a54f19329a8cab26cedd0d74ac,2021-07,Hertfordshire Constabulary,Hertfordshire Constabulary,-0.197149,51.804034,On or near BESSEMER ROAD,E01023954,Welwyn Hatfield 007A,Unable to prosecute suspect
9aa50e352eb4abdf6c462d2bdf86790c73f8440b9bdffcaa8d312a2e1660c642,2021-07,Hertfordshire Constabulary,Hertfordshire Constabulary,-0.471724,51.750133,On or near KING HARRY STREET,E01023398,Dacorum 015D,Unable to prosecute suspect
b94759f4035da7e84e365daeb4c2e0847bc2a1a5ccdf64c5cdce63821a6dc534,2021-07,Hertfordshire Constabulary,Hertfordshire Constabulary,-0.438695,51.774471,On or near MEDWICK MEWS,E01023434,Dacorum 005A,Unable to prosecute suspect
cf9be66276d142113569e1bd3358b10b1461f0feeb650bd8809581edb599d477,2021-07,Hertfordshire Constabulary,Hertfordshire Constabulary,-0.390458,51.622333,On or near HELEN WAY,E01023843,Three Rivers 012C,Investigation complete; no suspect identified
a9d602f0617cf0df8847ef104ade9d15b2bb85c566890f6adb0dc35b7835af32,2021-07,Hertfordshire Constabulary,Hertfordshire Constabulary,-0.386570,51.627675,On or near Petrol Station,E01023805,Three Rivers 010A,Suspect charged
90a62ecb794f379841b5860b2ab7245d1a3861449fcb5d037b3ab42d903e2872,2021-07,Hertfordshire Constabulary,Hertfordshire Constabulary,-0.445730,51.749441,On or near Parking Area,E01023411,Dacorum 017C,Unable to prosecute suspect
677497adccaf695ad919b7634f8ba9435616e3730250ba4942b0aff97f0ff04e,2021-07,Hertfordshire Constabulary,Hertfordshire Constabulary,-0.191161,51.696270,On or near Parking Area,E01023577,Hertsmere 001B,Unable to prosecute suspect
1a5d0c8ee12df7296da845f6dc6ff512ca5d518e756cfe1f37ff405a1c688342,2021-07,Hertfordshire Constabulary,Hertfordshire Constabulary,-0.031745,51.811515,On or near Supermarket,E01023514,East Hertfordshire 012C,Investigation complete; no suspect identified
d83432620a92a47642c9d3e9eff9e0ffcd120799686b28e9485fe0c013b0feed,2021-07,Hertfordshire Constabulary,Hertfordshire Constabulary,-0.397793,51.657286,On or near WATFORD HOUSE LANE,E01023861,Watford 009C,Suspect charged
104f629efef78130c9f380d46d43ae0985bc7a55de9799fb6ac406da01deec53,2021-07,Hertfordshire Constabulary,Hertfordshire Constabulary,-0.349083,51.760343,On or near LADIES GROVE,E01023669,St Albans 009A,Suspect charged
6093efaa6901172ea024c6e6eb5e0a633eacc994047f7e1ad9f7cd79657ad822,2021-07,Hertfordshire Constabulary,Hertfordshire Constabulary,-0.235213,51.752296,On or near ROBERTS WAY,E01023935,Welwyn Hatfield 013C,Local resolution
e628d51f3e2dd34770cf25084105c35a066919847fb85e4bfb7b1bc2f095e918,2021-07,Hertfordshire Constabulary,Hertfordshire Constabulary,-0.168816,51.896474,On or near PARKER'S FIELD,E01023752,Stevenage 009C,Suspect charged
93217ca70b5101165b8935454c71fa6cfc50f93596bb7db28d7281e5a9acf3dc,2021-07,Hertfordshire Constabulary,Hertfordshire Constabulary,-0.449134,51.740135,On or near CANDLEFIELD ROAD,E01023359,Dacorum 020C,Investigation complete; no suspect identified
bd976bb2ba660f419de9cd4b24cf5e66d833f3032e9034624f3951c7d5c2e194,2021-07,Hertfordshire Constabulary,Hertfordshire Constabulary,-0.349176,51.757386,On or near WELLS CLOSE,E01023669,St Albans 009A,Suspect charged
38e5680900710f09ef8b23dd5260d806ab766196b9f80034e1dabcec5f854f53,2021-07,Hertfordshire Constabulary,Hertfordshire Constabulary,-0.293787,51.750751,On or near GRESFORD CLOSE,E01023664,St Albans 013A,Suspect charged
36bac03ef05a5934175e28eaaacfbc06752b8c7114079efdd6e9df407e9e0de9,2021-07,Hertfordshire Constabulary,Hertfordshire Constabulary,-0.394087,51.699120,On or near BOUNDARY WAY,E01023905,Watford 001B,Unable to prosecute suspect
ac3f88a037e28d9aea50f41aaf8bbd124f08733d364c0d52f0ca4131321cd316,2021-07,Hertfordshire Constabulary,Hertfordshire Constabulary,-0.338793,51.737080,On or near MANDEVILLE DRIVE,E01023739,St Albans 017C,Unable to prosecute suspect
330d0eee7da06f6bdac89b5de744e7344942ff05268e874a9a1610625ff16431,2021-07,Hertfordshire Constabulary,Hertfordshire Constabulary,-0.262048,51.922957,On or near LONDON ROAD,E01023622,North Hertfordshire 014B,Investigation complete; no suspect identified
956e5a297f972b36f573674f6b4935e6f0016d18511e207b540d703ba872f2b2,2021-07,Hertfordshire Constabulary,Hertfordshire Constabulary,-0.190217,51.699259,On or near DARKES LANE,E01023578,Hertsmere 001C,Investigation complete; no suspect identified
b10c8ee30bd5b975a8e8cf52503b6dfc9261a89b16158f601590ad6a3d1197f1,2021-07,Hertfordshire Constabulary,Hertfordshire Constabulary,-0.168574,51.921720,On or near MARTINS WAY,E01023789,Stevenage 001C,Unable to prosecute suspect
73a7ea9a1cefce41a5f318e518a171850d54d880627db1e74e38a644be242f2b,2021-07,Hertfordshire Constabulary,Hertfordshire Constabulary,-0.189031,51.884234,On or near ROEBUCK GATE,E01023783,Stevenage 011A,Investigation complete; no suspect identified
91025fa1b5f698453285b173e472fc4e6082ef8f1e596efc653fd9c53d87acfd,2021-07,Hertfordshire Constabulary,Hertfordshire Constabulary,-0.499438,51.754500,On or near VALLEYSIDE,E01023385,Dacorum 016C,Investigation complete; no suspect identified
96228298cfd056afad751b833a6f90503dfd5e1f1257f6db879d26ca41764fb6,2021-07,Hertfordshire Constabulary,Hertfordshire Constabulary,-0.501664,51.650376,On or near THE BEECHES,E01023814,Three Rivers 004C,Suspect charged
a8850bc602fc9e5b431faaf95c093e134a24d1f14fc0d47e57c50bd41ebc33e5,2021-07,Hertfordshire Constabulary,Hertfordshire Constabulary,-0.200289,51.789281,On or near RAYMONDS CLOSE,E01023940,Welwyn Hatfield 009B,Unable to prosecute suspect
21c034f91e193c4602baf4765425b6106e2af6ea48f93e430f5c6f5256648b44,2021-07,Hertfordshire Constabulary,Hertfordshire Constabulary,-0.469669,51.735521,On or near EDWARD COURT,E01033023,Dacorum 018H,Investigation complete; no suspect identified
416ee3b6403e6ecc292e2922a8286de987f29dda04c47e23dccc31c9125bf3a1,2021-07,Hertfordshire Constabulary,Hertfordshire Constabulary,-0.438111,51.646428,On or near HAZELBANK,E01023825,Three Rivers 006E,Unable to prosecute suspect
3737fc377a8fe531ab8cbd83c7a30517b15c55128d56690fb90975e6c0f90298,2021-07,Hertfordshire Constabulary,Hertfordshire Constabulary,-0.438248,51.771066,On or near Parking Area,E01023346,Dacorum 013B,Unable to prosecute suspect
d4b814ce1bbd19c658f9da8a3493ae83ca2a3ee96a696d06ca0f1276513ec19a,2021-07,Hertfordshire Constabulary,Hertfordshire Constabulary,-0.207334,51.911733,On or near CHURCH LANE,E01023775,Stevenage 006A,Local resolution
ef7ca340dee66a59b4705d37f22bcf96ad09ceae6fd38d5b5e0cab635daea229,2021-07,Hertfordshire Constabulary,Hertfordshire Constabulary,-0.470828,51.753952,On or near Supermarket,E01023398,Dacorum 015D,Suspect charged
4a0db3013d511ffcf9a6911cf187fd4aa7088569a2d6e16cf313b945943c8df3,2021-07,Hertfordshire Constabulary,Hertfordshire Constabulary,-0.201702,51.807359,On or near GRESLEY CLOSE,E01023959,Welwyn Hatfield 003A,Investigation complete; no suspect identified
44b2cef72beb958accda9e41ca0455ba707b5d70e299f1ab8515a6bbdbefb867,2021-07,Hertfordshire Constabulary,Hertfordshire Constabulary,-0.339165,51.753028,On or near WADDINGTON ROAD,E01023727,St Albans 012B,Investigation complete; no suspect identified
44ac65f13661cc2e638c78101a2081b7886194cfe48c949ea718ef2cd393b496,2021-07,Hertfordshire Constabulary,Hertfordshire Constabulary,-0.452592,51.766526,On or near SATURN WAY,E01023403,Dacorum 008C,Suspect charged
8b8f073bf085f94786552be9d4c03d8515a5d0d2b339be11db4aef85ac7bf673,2021-07,Hertfordshire Constabulary,Hertfordshire Constabulary,0.005400,51.788137,On or near Supermarket,E01023505,East Hertfordshire 018F,Suspect charged
01f520df2ce244244b1bee469499a455d8a0ec60e977e185be66d69f582caf8a,2021-07,Hertfordshire Constabulary,Hertfordshire Constabulary,-0.238284,51.762350,On or near COMET ROAD,E01023921,Welwyn Hatfield 012B,Unable to prosecute suspect
8826939b73e06db865cd655bb2ad9b1a31613a949c5bde015b33d7332a97ddc4,2021-07,Hertfordshire Constabulary,Hertfordshire Constabulary,-0.027385,51.696997,On or near GARLAND CLOSE,E01023333,Broxbourne 012B,Local resolution
4bed87bfc5058b3d154547e35dfee064163232f4ed5da2e54684ad6f68e0de29,2021-07,Hertfordshire Constabulary,Hertfordshire Constabulary,-0.205708,51.914235,On or near Sports/Recreation Area,E01023777,Stevenage 002B,Suspect charged
f01ba0a7555a9110b7b23774d8d816f805fe2c3e264caff6065467dd67d36ab8,2021-07,Hertfordshire Constabulary,Hertfordshire Constabulary,-0.658316,51.795463,On or near Petrol Station,E01023421,Dacorum 004B,Investigation complete; no suspect identified
5b1b181216c489926c99cf26261ed0266a9b63d811ad90f3129384a1fb72e83d,2021-07,Hertfordshire Constabulary,Hertfordshire Constabulary,-0.236916,51.758400,On or near ALDYKES,E01023923,Welwyn Hatfield 012D,Unable to prosecute suspect
46a43b27bd4a6a74d79a986d81b9b49b64342d5a6ca640d5f430e8e4b1131e49,2021-07,Hertfordshire Constabulary,Hertfordshire Constabulary,-0.214864,51.823745,On or near Petrol Station,E01023970,Welwyn Hatfield 002D,Investigation complete; no suspect identified
0332554905ac9de0d397653f005002580ae0f9bdfd96347670686f5407d7ee1b,2021-07,Hertfordshire Constabulary,Hertfordshire Constabulary,-0.169751,51.901354,On or near Pedestrian Subway,E01023752,Stevenage 009C,Unable to prosecute suspect
b08f942a5a7c4ea2d44756d381d8dacf3c65a4d460ddf9c78e074573487d32dd,2021-07,Hertfordshire Constabulary,Hertfordshire Constabulary,-0.197320,51.894595,On or near JENNINGS CLOSE,E01023755,Stevenage 008A,Investigation complete; no suspect identified
3b4d6a06ac0f3663723682d9c0927a5947cc8522d56f8d93b5bd491463192998,2021-07,Hertfordshire Constabulary,Hertfordshire Constabulary,-0.249644,51.762762,On or near ALBATROSS WAY,E01033314,Welwyn Hatfield 010G,Local resolution
c312457e67e2ae9f0fa0f24f537eb41f4371eef305d9e05353335462090a8745,2021-07,Hertfordshire Constabulary,Hertfordshire Constabulary,-0.202041,51.896474,On or near BYRD COURT,E01023786,Stevenage 011D,Action to be taken by another organisation
6c459bf90c5d2eec070351e4996f2162b4659fa43222dcd519eacd17834b2fbd,2021-07,Hertfordshire Constabulary,Hertfordshire Constabulary,-0.469545,51.756336,On or near BROAD STREET,E01023400,Dacorum 015E,Unable to prosecute suspect
4e8e6693dc8fec013dbd11b9ca8d6cbe181adfaf6f68b30c1bc30af03efd29d7,2021-07,Hertfordshire Constabulary,Hertfordshire Constabulary,-0.407817,51.669922,On or near Further/Higher Educational Building,E01023879,Watford 007B,Unable to prosecute suspect
f4ccc807a0f20c22c57097076706e1ed4abe19bf7dffde58b2d2619d2adb5607,2021-07,Hertfordshire Constabulary,Hertfordshire Constabulary,-0.041955,51.714138,On or near ALDERMERE AVENUE,E01023310,Broxbourne 006D,Unable to prosecute suspect
e2e54a47b7fc574da4ebb65876f8d16f503b3fa05ffb19765bb2895dfcfff1fe,2021-07,Hertfordshire Constabulary,Hertfordshire Constabulary,-0.055454,52.216394,On or near OXFORD WAY,E01033119,South Cambridgeshire 020E,Unable to prosecute suspect
ee04d799be2bcf3b62a8a05ebff62f2a1691759dded95c61dfe83ea56485d469,2021-07,Hertfordshire Constabulary,Hertfordshire Constabulary,-0.072935,51.798835,On or near RAILWAY STREET,E01023478,East Hertfordshire 017D,Unable to prosecute suspect
67980159a868d49cffe2163975cb159f49748e4090dcae132e7dec2412ba9316,2021-07,Hertfordshire Constabulary,Hertfordshire Constabulary,-0.183703,51.985689,On or near PINNOCKS CLOSE,E01023589,North Hertfordshire 004C,Investigation complete; no suspect identified
cbe07e662efb9e2aa17311d89766ce73db25d8cda9089305d5573606071df860,2021-07,Hertfordshire Constabulary,Hertfordshire Constabulary,-0.491737,51.757324,On or near GRASSY CLOSE,E01023429,Dacorum 011D,Investigation complete; no suspect identified
29ea86d03221edf44c8d13aeb97e29e028e5e27f44c0f1047b15a07f0f61d233,2021-07,Hertfordshire Constabulary,Hertfordshire Constabulary,-0.230403,51.748213,On or near CHILTERNS,E01023937,Welwyn Hatfield 013E,Unable to prosecute suspect
ce70f9ba48a7bd97b28074f59e9679044c0a3110d3fd85a5c22192e6d5e41058,2021-07,Hertfordshire Constabulary,Hertfordshire Constabulary,-0.333102,51.736667,On or near GORHAM DRIVE,E01023738,St Albans 017B,Suspect charged
55dd248d98dcd233cda4fec25a2a13865713f0605f3bb489237090f8d519103f,2021-07,Hertfordshire Constabulary,Hertfordshire Constabulary,0.038192,52.021748,On or near SMITH'S END LANE,E01023597,North Hertfordshire 005C,Investigation complete; no suspect identified
66352943c1627728e5739c820139b657f59e31f8f40c5222b4850280558cd6bb,2021-07,Hertfordshire Constabulary,Hertfordshire Constabulary,-0.333237,51.749941,On or near LATTIMORE ROAD,E01023726,St Albans 012A,Suspect charged
cedfd5a1650184ed37ce6310d6527d58e6e6c8e84ef86cc274445ea5cd5027a4,2021-07,Hertfordshire Constabulary,Hertfordshire Constabulary,-0.348178,51.733921,On or near BUTT FIELD VIEW,E01023744,St Albans 014C,Investigation complete; no suspect identified
307c653ba3624cea11eddeb5cebfa39843ba61f7c1f1fdd70e0eccecb09726eb,2021-07,Hertfordshire Constabulary,Hertfordshire Constabulary,-0.318711,51.748646,On or near HAWKSHILL,E01023666,St Albans 011A,Unable to prosecute suspect
0f6069b4bed9454f06d6c24d58c66db2ca96898aa0dc34e15bb0a844737c975d,2021-07,Hertfordshire Constabulary,Hertfordshire Constabulary,-0.099141,51.801978,On or near TUDOR WAY,E01023487,East Hertfordshire 015A,Investigation complete; no suspect identified
f5b8e6037f1cc755f4328bc66b2e1cbae6b7f913fe38787f6a063eb227f8e5bd,2021-07,Hertfordshire Constabulary,Hertfordshire Constabulary,-0.483585,51.659774,On or near LOUDWATER HEIGHTS,E01023813,Three Rivers 004B,Unable to prosecute suspect
8cd9e5f8d89d9b43f3d9c5ed83314134e90f3c6448c2fc9fa7fde3d4be48821c,2021-07,Hertfordshire Constabulary,Hertfordshire Constabulary,-0.321005,51.686355,On or near PARK ROAD,E01023526,Hertsmere 005D,Unable to prosecute suspect
9cf21a30ee7e4fe787b8c5b2fd970b22a44920a6351e036821e9b0abaedb043b,2021-07,Hertfordshire Constabulary,Hertfordshire Constabulary,-0.337202,51.754385,On or near Parking Area,E01023727,St Albans 012B,Investigation complete; no suspect identified
238e5b124cfc5423b549ad068fa3e04541b559ecc7f8211e6ea3b39cd2e22b82,2021-07,Hertfordshire Constabulary,Hertfordshire Constabulary,-0.303267,51.834072,On or near DALE AVENUE,E01023748,St Albans 004C,Investigation complete; no suspect identified
0e00897d6b2bc48e265b716dd98859479445e1be057be7d2307aeb84a5a04e00,2021-07,Hertfordshire Constabulary,Hertfordshire Constabulary,-0.260263,51.941670,On or near Sports/Recreation Area,E01023608,North Hertfordshire 013C,Investigation complete; no suspect identified
629a38291a7ae02a1e87df8df71b6c13a5a7178ad9db8c32dadb850dbd06e58c,2021-07,Hertfordshire Constabulary,Hertfordshire Constabulary,-0.162785,51.926728,On or near LOWES CLOSE,E01033024,North Hertfordshire 005H,Unable to prosecute suspect
f93abd66e033c71e21bdb549170c722d9b7146d9a3dc8d9474251d47638b8275,2021-07,Hertfordshire Constabulary,Hertfordshire Constabulary,-0.010139,51.761874,On or near BELL LANE,E01023323,Broxbourne 003D,Unable to prosecute suspect
ea6698132080659f12386e5f1cbff7211d210ad9d4a9dae13eb2ff075393274a,2021-07,Hertfordshire Constabulary,Hertfordshire Constabulary,-0.032779,51.700082,On or near GUINEVERE GARDENS,E01023300,Broxbourne 010D,Investigation complete; no suspect identified
b8088902a9933d77f8ef1dcdc406b8df962f1a8151313bd56002be5569d6491d,2021-07,Hertfordshire Constabulary,Hertfordshire Constabulary,-0.197943,51.680719,On or near DANCERS HILL ROAD,E01023576,Hertsmere 001A,Investigation complete; no suspect identified
e6f9d23d8e876a6c355b094fd610b0e4479b4ca072590c31d8acedf50af97875,2021-07,Hertfordshire Constabulary,Hertfordshire Constabulary,-0.401548,51.686975,On or near FERN WAY,E01023892,Watford 002C,Investigation complete; no suspect identified
2b9d4155ba79ed73d4c35a509582d03da77c9aea08ded1515feb505783196df5,2021-07,Hertfordshire Constabulary,Hertfordshire Constabulary,-0.173602,51.893491,On or near HYDE GREEN NORTH,E01023791,Stevenage 010A,Unable to prosecute suspect
ad6e06947678265cfb88cf90bd0e6a71709dfd8a31125841e59d3e66924c9498,2021-07,Hertfordshire Constabulary,Hertfordshire Constabulary,-0.477709,51.757854,On or near WARNERS END ROAD,E01023400,Dacorum 015E,Unable to prosecute suspect
45f95148a71bd205fc62c7a843f47a2e5240f45afeb10cc1589723946de97a6b,2021-07,Hertfordshire Constabulary,Hertfordshire Constabulary,-0.179316,51.918236,On or near Supermarket,E01023774,Stevenage 003D,Suspect charged
907d3f2c6a5d795803c5d7d63246a528dea93db8ef9dbb2c1b3293a8ea2df0df,2021-07,Hertfordshire Constabulary,Hertfordshire Constabulary,-0.398009,51.656903,On or near Shopping Area,E01023861,Watford 009C,Investigation complete; no suspect identified
7556ca5c6bd64cbf62e584af7dadb15a8980b08028a6cb1adec433270b37629e,2021-07,Hertfordshire Constabulary,Hertfordshire Constabulary,0.156203,51.862650,On or near BEECHLANDS,E01023444,East Hertfordshire 007B,Suspect charged
d6e50332eac0de3cf2cf3eb84e0d3b3c989e362b7f8b35f8dad57cee46395103,2021-07,Hertfordshire Constabulary,Hertfordshire Constabulary,-0.221676,51.828740,On or near HAWBUSH CLOSE,E01023969,Welwyn Hatfield 002C,Unable to prosecute suspect
dc51c2982cd90ab09f196f523f481c7b5646ffe7f2b80335693535011905f59c,2021-07,Hertfordshire Constabulary,Hertfordshire Constabulary,-0.339346,51.767436,On or near THERFIELD ROAD,E01023672,St Albans 009D,Action to be taken by another organisation
3e6c2131f79317fa0640aa8d7fb1dab1c75a20c50cdb04f0468c40e705571334,2021-07,Hertfordshire Constabulary,Hertfordshire Constabulary,-0.209960,51.905317,On or near KILBY ROAD,E01023776,Stevenage 002A,Unable to prosecute suspect
5fc7831838e95310085768ecf4a567acd604678523837c1c301d3b936bf0301d,2021-07,Hertfordshire Constabulary,Hertfordshire Constabulary,-0.403825,51.630033,On or near FRINTON CLOSE,E01023827,Three Rivers 008A,Investigation complete; no suspect identified
9e1c857dda12650cfd92bcdae0734357297f567f8f3ba323dcf9f32e5fc1821a,2021-07,Hertfordshire Constabulary,Hertfordshire Constabulary,-0.282697,51.668024,On or near Supermarket,E01023536,Hertsmere 006C,Action to be taken by another organisation
b99e76cd32ce3c8fd3d86182355dbfb2baaf5091eb4a1fad329b8952247d1585,2021-07,Hertfordshire Constabulary,Hertfordshire Constabulary,-0.311359,51.723983,On or near NORRIS CLOSE,E01033029,St Albans 018G,Suspect charged
1905720a6bd94dfb4c4fa39405ab3f2777e025b87e6c006c05d2210e3d240425,2021-07,Hertfordshire Constabulary,Hertfordshire Constabulary,-0.389951,51.679470,On or near Supermarket,E01023896,Watford 005B,Suspect charged
6c3ffbfe09f739844aa5ced2f2ad1ad3aebe4ace343946bb65ba6dd280fbfba8,2021-07,Hertfordshire Constabulary,Hertfordshire Constabulary,-0.461828,51.761693,On or near THUMPERS,E01023405,Dacorum 008E,Investigation complete; no suspect identified
ba3234b91a0c7be20a0b21ea6a57cccdcc62cea3bdde261fd3bb1431b52c6100,2021-07,Hertfordshire Constabulary,Hertfordshire Constabulary,-0.482078,51.693636,On or near QUICKMOOR LANE,E01023854,Three Rivers 003D,Unable to prosecute suspect
4964369daf8b29f413d787b1756ebfc02447abfe733397ba3196b129979576b7,2021-07,Hertfordshire Constabulary,Hertfordshire Constabulary,-0.290133,51.668690,On or near ROSSINGTON AVENUE,E01023533,Hertsmere 007E,Investigation complete; no suspect identified
157e340f45cf1eb9bc0ee3b25b8b49d32ed72ca768ad362dcd57c08a4f820d1e,2021-07,Hertfordshire Constabulary,Hertfordshire Constabulary,-0.441683,51.710857,On or near WANDER WHARF,E01023808,Three Rivers 001E,Unable to prosecute suspect
52ab63114c2368313df979708f34566facabd1d2cd90ca95a8e1153487a7c26e,2021-07,Hertfordshire Constabulary,Hertfordshire Constabulary,-0.403386,51.673800,On or near BRIGHTON ROAD,E01023856,Watford 006B,Investigation complete; no suspect identified
724935b7d80537edbaa18cdac7d30fa17b55a1890ba9d421baf87d7d6a7e44ab,2021-07,Hertfordshire Constabulary,Hertfordshire Constabulary,-0.464452,51.747988,On or near FERN DRIVE,E01023388,Dacorum 019C,Investigation complete; no suspect identified
0bff2b86930001ab0952e9f38d61f978038d50c01e08b079b141808b46467e02,2021-07,Hertfordshire Constabulary,Hertfordshire Constabulary,-0.218783,51.768144,On or near CECIL CRESCENT,E01023930,Welwyn Hatfield 010B,Suspect charged
c3dfb8b5988a1c1ade47824a3476a7e61b9227c1fa51feb529d04c359916c4b4,2021-07,Hertfordshire Constabulary,Hertfordshire Constabulary,-0.431999,51.748549,On or near LEASIDE,E01023410,Dacorum 017B,Suspect charged
de9e7bcbea34e9630c6df10de2b634eeb05310348b3cffa7d88f728b13964c0e,2021-07,Hertfordshire Constabulary,Hertfordshire Constabulary,-0.306360,51.948070,On or near MANLEY HIGHWAY,E01023615,North Hertfordshire 012E,Investigation complete; no suspect identified
a5c559a99f86116e68e9768d1cd94d93558e8011e70392948e0af3406049a52d,2021-07,Hertfordshire Constabulary,Hertfordshire Constabulary,0.146498,51.858304,On or near Pedestrian Subway,E01023443,East Hertfordshire 007A,Unable to prosecute suspect
f0bd0d0f5b611deee177c19637b3445a9ef77eaecc352f746976b973101ebcc8,2021-07,Hertfordshire Constabulary,Hertfordshire Constabulary,-0.310570,51.751344,On or near SUTTON ROAD,E01023674,St Albans 011B,Investigation complete; no suspect identified
4a235b7e8f63a4407572beee9528a4f58a7756409f4b9a56e1853a03e1a4c5a4,2021-07,Hertfordshire Constabulary,Hertfordshire Constabulary,-0.053394,51.712044,On or near WHEATCROFT,E01023326,Broxbourne 009D,Unable to prosecute suspect
7541e64c508d5d71891527f7fcb0e8b1846bdea20ba7c56fcb008839f788b11d,2021-07,Hertfordshire Constabulary,Hertfordshire Constabulary,-0.398272,51.663785,On or near STATION ROAD,E01023861,Watford 009C,Suspect charged
515e12e7091124d4260bf9cc73e6a10dd33882e0dd210860e7b3776de63fe7e9,2021-07,Hertfordshire Constabulary,Hertfordshire Constabulary,-0.181912,51.690930,On or near BEECHWOOD AVENUE,E01023573,Hertsmere 003C,Suspect charged
3a39356dd070411a96554bb130d814c9b28552a55efd7d977518f5e96c721dda,2021-07,Hertfordshire Constabulary,Hertfordshire Constabulary,-0.662846,51.793815,On or near PARSONAGE PLACE,E01023420,Dacorum 003C,Suspect charged
6ace4b9ff6ad23713490e7d51138f955379fe0b5314439ca8b603786446384b6,2021-07,Hertfordshire Constabulary,Hertfordshire Constabulary,-0.095139,51.715174,On or near THE CREST,E01023313,Broxbourne 007C,Unable to prosecute suspect
777016d27dcbf55693185f191a0885e223d9a2ee119a47b748958f7dc8c62fcc,2021-07,Hertfordshire Constabulary,Hertfordshire Constabulary,-0.394682,51.623802,On or near NEWBIGGIN PATH,E01023842,Three Rivers 012B,Unable to prosecute suspect
8fa0bfdbeadbff624551d1174074df2895f932b5edf9a2761f151994732271ac,2021-07,Hertfordshire Constabulary,Hertfordshire Constabulary,-0.204425,51.968248,On or near UPPER MAYLINS,E01023640,North Hertfordshire 009B,Suspect charged
50c136a99811e980ff649c1cf936bc4387008f331e6adbc9dd3c74a3f7d7d18c,2021-07,Hertfordshire Constabulary,Hertfordshire Constabulary,-0.290695,51.958229,On or near FREEMANS CLOSE,E01023611,North Hertfordshire 012A,Unable to prosecute suspect
cef7286eec73753856d4343b6583168d13931abb7d0c5a8a994519eef05bd8a9,2021-07,Hertfordshire Constabulary,Hertfordshire Constabulary,-0.400073,51.639747,On or near EASTBURY ROAD,E01023846,Three Rivers 008D,Suspect charged
a531005182790f0a1fd15d6785567e93f8c65b8e5645d94def23078013318500,2021-07,Hertfordshire Constabulary,Hertfordshire Constabulary,-0.112543,51.708144,On or near Supermarket,E01023947,Welwyn Hatfield 016A,Investigation complete; no suspect identified
ae0a5a059c1e0d8f81619e37381000c06bea86aee27642eb341e66d90ed59462,2021-07,Hertfordshire Constabulary,Hertfordshire Constabulary,-0.395758,51.655118,On or near HIGH STREET,E01023862,Watford 009D,Suspect charged
1eacf45a6787e1f803f952a54162f8c6745cf732c20cca59115614aefd749d0c,2021-07,Hertfordshire Constabulary,Hertfordshire Constabulary,-0.261542,51.666849,On or near GRENFELL CLOSE,E01023544,Hertsmere 009A,Unable to prosecute suspect
6d49eb5eba8a8af7a04918627811424a2aa0c490c59bb4987126f680d13dee3d,2021-07,Hertfordshire Constabulary,Hertfordshire Constabulary,-0.413116,51.670146,On or near FAIRLAWNS,E01023878,Watford 007A,Investigation complete; no suspect identified
52b571ef811ce32986271618c8fa8e7aadb056f7b1a10e18308c444359bf9217,2021-07,Hertfordshire Constabulary,Hertfordshire Constabulary,-0.037456,51.708370,On or near Supermarket,E01023303,Broxbourne 008B,Investigation complete; no suspect identified
78a1437fb64a0e4bb9909fcbc18e9718d6eac1c14586ebd073a91a9f621e2a75,2021-07,Hertfordshire Constabulary,Hertfordshire Constabulary,-0.235897,51.746254,On or near ROBINS WAY,E01023934,Welwyn Hatfield 013B,Investigation complete; no suspect identified
3f4fdff43ab46f3d2b6825e06ef51117c0cd727e723f33b4fda725108d7cce58,2021-07,Hertfordshire Constabulary,Hertfordshire Constabulary,-0.230403,51.748213,On or near CHILTERNS,E01023937,Welwyn Hatfield 013E,Unable to prosecute suspect
e57ded9734e16aad9b23e556168008689d4612f0c5dbada909affd3a687fd1d3,2021-07,Hertfordshire Constabulary,Hertfordshire Constabulary,-0.397080,51.657007,On or near Theatre/Concert Hall,E01023861,Watford 009C,Investigation complete; no suspect identified
c830690aeffc86e9e52064a0c45ad32768e56b6cbfa5e3642f1dd9cb208b2595,2021-07,Hertfordshire Constabulary,Hertfordshire Constabulary,-0.204120,51.793602,On or near CHEQUERS,E01023954,Welwyn Hatfield 007A,Investigation complete; no suspect identified
0ccf925c369ea33012bd1cd385d17b7ae431a45ba0b8284613984052fcaaafe3,2021-07,Hertfordshire Constabulary,Hertfordshire Constabulary,-0.237817,51.765040,On or near GOLDSMITH WAY,E01033308,Welwyn Hatfield 010E,Suspect charged
ca7285fad7d005d660eef4e8fb570da6e5ea80dd0ee3117fd89ce0fbf4fcd34a,2021-07,Hertfordshire Constabulary,Hertfordshire Constabulary,-0.406476,51.669400,On or near GRANGE CLOSE,E01023879,Watford 007B,Investigation complete; no suspect identified
1fdd7f6f87236b551f0512775d164a6771034aae0fda3eae597d72355eea6283,2021-07,Hertfordshire Constabulary,Hertfordshire Constabulary,-0.372036,51.665591,On or near BUSHEY MILL LANE,E01023555,Hertsmere 008D,Unable to prosecute suspect
b7862bca3366b0ca407fa8a6faf96e6017d14e1f1e6334b6cf2759e2003d7c08,2021-07,Hertfordshire Constabulary,Hertfordshire Constabulary,-0.191955,51.908405,On or near Pedestrian Subway,E01023782,Stevenage 006E,Unable to prosecute suspect
38011f92cdc973d81720e08ba0e0f0ddd768f78e6fed93988ad7d4c846e01f19,2021-07,Hertfordshire Constabulary,Hertfordshire Constabulary,-0.241235,51.763599,On or near Supermarket,E01033308,Welwyn Hatfield 010E,Investigation complete; no suspect identified
fbed7fce88ce7c814047080c88b3d49aeb912c19a98a6cac8a09037fd40739c2,2021-07,Hertfordshire Constabulary,Hertfordshire Constabulary,-0.407817,51.669922,On or near Further/Higher Educational Building,E01023879,Watford 007B,Suspect charged
55486be797bf40d59fe45923999daf5b31d371a9ec9cea19a79ca38fd7f8fbc5,2021-07,Hertfordshire Constabulary,Hertfordshire Constabulary,-0.376724,51.650118,On or near BELMONT ROAD,E01023559,Hertsmere 012B,Suspect charged
b2d4707ec1ec8d55ab46d00db314d7176555286146d1de772ed452c64cb63211,2021-07,Hertfordshire Constabulary,Hertfordshire Constabulary,-0.183081,51.928347,On or near OLD BOURNE WAY,E01023801,Stevenage 002F,Unable to prosecute suspect
01a2a274a80696ec6cfbac8ca63d56d1048db983a4998976e5db70a27e675426,2021-07,Hertfordshire Constabulary,Hertfordshire Constabulary,-0.566948,51.761970,On or near Supermarket,E01023361,Dacorum 009A,Unable to prosecute suspect
4cd64154f30c6ea435119c01fb7b7e98abc384839da734f4bf046ea95db48c44,2021-07,Hertfordshire Constabulary,Hertfordshire Constabulary,-0.355190,51.737419,On or near ALLANDALE,E01023744,St Albans 014C,Unable to prosecute suspect
d84fca94444aedbf39e43fdc3887a4ebcc8c3ff55d639787c779534f545e7f0f,2021-07,Hertfordshire Constabulary,Hertfordshire Constabulary,-0.025326,52.047585,On or near Parking Area,E01023656,North Hertfordshire 002C,Unable to prosecute suspect
a731a76914ad1dcc148fb3b07ab6a65b33c903f5a63a972649ff9c7fab70d04f,2021-07,Hertfordshire Constabulary,Hertfordshire Constabulary,-0.238045,51.774818,On or near CLOVER WALK,E01033310,Welwyn Hatfield 002E,Suspect charged
42109b7e0be8bbd01b03f6f2e8c7617a7229838d543b92bf3ff0eecc4e801582,2021-07,Hertfordshire Constabulary,Hertfordshire Constabulary,-0.414656,51.616898,On or near EASTBURY AVENUE,E01023840,Three Rivers 011B,Investigation complete; no suspect identified
09ff290da8bafb39e9d08f0ed43280dd255db5e2e8fa394ad1ebb5954466c9c3,2021-07,Hertfordshire Constabulary,Hertfordshire Constabulary,-0.192195,51.794093,On or near ROSEMOOR CLOSE,E01023955,Welwyn Hatfield 007B,Investigation complete; no suspect identified
61fd05c693b82250081443c82580d358723b8007a63592b19785db21e08fb2b3,2021-07,Hertfordshire Constabulary,Hertfordshire Constabulary,-0.275532,51.649530,On or near AUDEN DRIVE,E01023539,Hertsmere 011A,Unable to prosecute suspect
e5ea95d25b4899ae05f14f1c5bd8a19518ecf3c8748432183936b1550f20e4ad,2021-07,Hertfordshire Constabulary,Hertfordshire Constabulary,-0.178906,51.876606,On or near TINTERN CLOSE,E01023785,Stevenage 011C,Investigation complete; no suspect identified
3ed3e5e3644bd4073183d882787caa06232b971f6e65195939cfde5290980b51,2021-07,Hertfordshire Constabulary,Hertfordshire Constabulary,-0.173931,51.908315,On or near SCOTT ROAD,E01023762,Stevenage 007D,Investigation complete; no suspect identified
92ce492760ca5068257d34f94ae275b31239b9fe50408429ee1e27eef16617d3,2021-07,Hertfordshire Constabulary,Hertfordshire Constabulary,-0.099948,51.802098,On or near HAWTHORN CLOSE,E01023487,East Hertfordshire 015A,Unable to prosecute suspect
e984a26574caced22e069868b1340606ef445b18dcb4457cf2e3ad7a8d48ad88,2021-07,Hertfordshire Constabulary,Hertfordshire Constabulary,-0.414551,51.653090,On or near MILDRED AVENUE,E01023900,Watford 010B,Investigation complete; no suspect identified
68aef1123a8021c6e72cdfb545991387184615106d94169d6747577719246269,2021-07,Hertfordshire Constabulary,Hertfordshire Constabulary,-0.408629,51.800981,On or near TASSELL HALL,E01023723,St Albans 006B,Investigation complete; no suspect identified
217b4301a1388f86788f31278193ef8b19958d7a56812d7f5f081b57a7d1e9bf,2021-07,Hertfordshire Constabulary,Hertfordshire Constabulary,-0.375373,51.653543,On or near THE MOORINGS,E01023559,Hertsmere 012B,Unable to prosecute suspect
21022a7f91a6373c6a329e519c21dd51a11d118b378b694eb93acad13574cc36,2021-07,Hertfordshire Constabulary,Hertfordshire Constabulary,-0.036275,51.716920,On or near Parking Area,E01023305,Broxbourne 008D,Investigation complete; no suspect identified
f445181487b9c68bf62ed2995d0a3d331bfe93eea80ed205195019a7e4304b51,2021-07,Hertfordshire Constabulary,Hertfordshire Constabulary,-0.446653,51.737719,On or near MARKET OAK LANE,E01023415,Dacorum 020F,Investigation complete; no suspect identified
766251fa5f0b8aaf62828c8535012324c79666341b99ade41a927fc2d5a54d03,2021-07,Hertfordshire Constabulary,Hertfordshire Constabulary,-0.538133,51.723175,On or near HOWARD AGNE CLOSE,E01023373,Dacorum 021A,Investigation complete; no suspect identified
fc83be368b79c53a75d8dba597559af0cfbead84d0d29b5364679cee1293fbc3,2021-07,Hertfordshire Constabulary,Hertfordshire Constabulary,-0.525924,51.740655,On or near A41,E01023377,Dacorum 021E,Unable to prosecute suspect
85030e2d1d223ae791c56da891035a1c1574607eeea36009f3420e6a9d57a2b0,2021-07,Hertfordshire Constabulary,Hertfordshire Constabulary,-0.185896,51.918059,On or near Pedestrian Subway,E01023772,Stevenage 003B,Local resolution
fe9401450e505fd29a5ffc2cac0c6d4cfce6740cbeeb7db6d9b01ed961e2a42d,2021-07,Hertfordshire Constabulary,Hertfordshire Constabulary,-0.024886,51.807480,On or near CRANE MEAD,E01023511,East Hertfordshire 013B,Investigation complete; no suspect identified
1b2f6afb2b349d051f4d0b7109940ed857bf179d55e527221cc8f18f3ae1b6d9,2021-07,Hertfordshire Constabulary,Hertfordshire Constabulary,-0.264074,51.955627,On or near COOKS WAY,E01023619,North Hertfordshire 011C,Unable to prosecute suspect
a4cef30044d3cbefdf4388fee7248ea05121d4b97cadee7854d24cc5c8f4a1ee,2021-07,Hertfordshire Constabulary,Hertfordshire Constabulary,-0.340262,51.632883,On or near Petrol Station,E01023550,Hertsmere 013C,Suspect charged
341851e8964fc82c62105096fbe7b7f7f7bca2675c0920f732741bb7962f64bc,2021-07,Hertfordshire Constabulary,Hertfordshire Constabulary,-0.400547,51.661604,On or near Petrol Station,E01023861,Watford 009C,Unable to prosecute suspect
e3e18db7153e76b56513a551934293d3465b44d278de6631e85c1dc37047b572,2021-07,Hertfordshire Constabulary,Hertfordshire Constabulary,-0.040629,51.821097,On or near DOVEDALE,E01023516,East Hertfordshire 013D,Suspect charged
13199d5a1122a1025936a99896cfed978aefd90bccf5ce209f0c22cdc3665bd7,2021-07,Hertfordshire Constabulary,Hertfordshire Constabulary,-0.398279,51.643895,On or near CROSSMEAD,E01023883,Watford 012B,Unable to prosecute suspect
2a8ae5053f8d59eb506cc0cae8dee7131e55f1f8cf9461fd60fdae89a9db0944,2021-07,Hertfordshire Constabulary,Hertfordshire Constabulary,-0.261189,51.651135,On or near ARUNDEL DRIVE,E01023542,Hertsmere 011D,Unable to prosecute suspect
1bd1851a16b523cdd31e4dc8d86f22efb3d55be22527b7c5b0fedcf35efd4d49,2021-07,Hertfordshire Constabulary,Hertfordshire Constabulary,-0.396888,51.697666,On or near COBB GREEN,E01023904,Watford 001A,Unable to prosecute suspect
574f067c687b48e486a14ed3117e7944b30c8c595e11707bac1cb314cd1bbcf2,2021-07,Hertfordshire Constabulary,Hertfordshire Constabulary,-0.241813,51.973721,On or near CHILTERN VIEW,E01023646,North Hertfordshire 008C,Suspect charged
dd7157a12257054965e481f9f9406ddc0ea29f97a4a9befc47d14aafe36db795,2021-07,Hertfordshire Constabulary,Hertfordshire Constabulary,-0.248549,51.737496,On or near ADMIRALS CLOSE,E01023679,St Albans 015C,Unable to prosecute suspect
6272cdd223ffa36eb9baee6aacb28e8f053aa45da5b7d89ee37bdc7db81b3357,2021-07,Hertfordshire Constabulary,Hertfordshire Constabulary,-0.038168,51.687241,On or near BRUCE WAY,E01023339,Broxbourne 013D,Investigation complete; no suspect identified
8e87e121e3a587cae6299ddeb3231a52a3cd3968a268dc26b40799cf851a9ca2,2021-07,Hertfordshire Constabulary,Hertfordshire Constabulary,-0.449158,51.742401,On or near KIMPS WAY,E01023358,Dacorum 020B,Local resolution
a9c251e82c6335cc7975d01cfeeac6ec0dcd08594dc11e3f1a87057649bd5f8e,2021-07,Hertfordshire Constabulary,Hertfordshire Constabulary,-0.031306,51.717008,On or near HERONGATE ROAD,E01023305,Broxbourne 008D,Unable to prosecute suspect
113e53445bc8f4ecbd9aa87dcba3d24e91d4a4a47063550711f7e2ff750563cd,2021-07,Hertfordshire Constabulary,Hertfordshire Constabulary,-0.254782,51.652712,On or near BALMORAL DRIVE,E01023546,Hertsmere 009C,Unable to prosecute suspect
3f8b52ed35438e278d1ea3879ac4d6f929eaabbb2dfb216910d437bd33684147,2021-07,Hertfordshire Constabulary,Hertfordshire Constabulary,-0.031099,51.745753,On or near HICKMAN CLOSE,E01023289,Broxbourne 004A,Investigation complete; no suspect identified
dbd179235bd2afda1af353d06602cf614617649e0984a161fbf205efe7d19d17,2021-07,Hertfordshire Constabulary,Hertfordshire Constabulary,-0.399926,51.657468,On or near Nightclub,E01023861,Watford 009C,Investigation complete; no suspect identified
e01ed4d697bd6f2287f39cc81ae4110c864593f35ed1db98a1060deef0bec18c,2021-07,Hertfordshire Constabulary,Hertfordshire Constabulary,-0.316499,51.725136,On or near LOVETT ROAD,E01033029,St Albans 018G,Unable to prosecute suspect
1db3f3a095610267a889341e992042cdaa6c4a05b52ef4d91788ac2184c15a0b,2021-07,Hertfordshire Constabulary,Hertfordshire Constabulary,-0.389794,51.666771,On or near COLONIAL WAY,E01023895,Watford 005A,Investigation complete; no suspect identified
c52a709a07f7e35bb7b05bc829f21d930801a440e7b6edfc9acb8aa31e704d8c,2021-07,Hertfordshire Constabulary,Hertfordshire Constabulary,-0.471010,51.749413,On or near WOLSEY ROAD,E01023398,Dacorum 015D,Investigation complete; no suspect identified
21fb28be198a0acc0c83f33ac1afcee8fbc7590c41f488d873456583ff223ba9,2021-07,Hertfordshire Constabulary,Hertfordshire Constabulary,-0.290691,51.955280,On or near REDHILL ROAD,E01023612,North Hertfordshire 012B,Local resolution
fe289a96f783f1f0edc0ca0394d24093c1a2108bb94d68a8679a2874d9c5c2e8,2021-07,Hertfordshire Constabulary,Hertfordshire Constabulary,-0.445899,51.650317,On or near BARTON WAY,E01023822,Three Rivers 006D,Unable to prosecute suspect
2822211390d678eb618a0aaab2a39cded60a3717b770325a5ccb1c98167d6b1c,2021-07,Hertfordshire Constabulary,Hertfordshire Constabulary,-0.348263,51.756205,On or near Petrol Station,E01023728,St Albans 012C,Local resolution
cffe430e0513c17acf1890018b6da803a3d2bda306001374787ced0c259fd29d,2021-07,Hertfordshire Constabulary,Hertfordshire Constabulary,-0.391129,51.620921,On or near ST ANNES CLOSE,E01023843,Three Rivers 012C,Suspect charged
6d358649512ac056adb8703c44a700f3a86be4d61aeb7c1b28cb3841eeb9587d,2021-07,Hertfordshire Constabulary,Hertfordshire Constabulary,-0.239023,51.763458,On or near HARPSFIELD BROADWAY,E01033308,Welwyn Hatfield 010E,Unable to prosecute suspect
18ac1573ea38bc5efd0c2eee86ef8b2ae081b414d6d11e99429eb77ff7e4fbea,2021-07,Hertfordshire Constabulary,Hertfordshire Constabulary,-0.022424,52.057490,On or near Sports/Recreation Area,E01023661,North Hertfordshire 001B,Unable to prosecute suspect
007b53a73ee211940f989e7bd2c47a7725d5e7bda9eb32464a76cf36a82bcbe1,2021-07,Hertfordshire Constabulary,Hertfordshire Constabulary,-0.209673,51.988145,On or near GREEN LANE,E01023632,North Hertfordshire 006C,Investigation complete; no suspect identified
19270b01c70caa2551aa45bd196f0e2614f38e92e7e911c0d8906e0fb9785c39,2021-07,Hertfordshire Constabulary,Hertfordshire Constabulary,-0.013650,51.759811,On or near Supermarket,E01023320,Broxbourne 003A,Suspect charged
23a3dea4090ed0dd8140314da6bbe296ec30a8acdf616389379916946acaebc1,2021-07,Hertfordshire Constabulary,Hertfordshire Constabulary,-0.574470,51.764669,On or near SHELDON WAY,E01023370,Dacorum 012B,Investigation complete; no suspect identified
ba812770d59de625a7500fb9431ad4903c7284b9a5d953183611cbd02285ff32,2021-07,Hertfordshire Constabulary,Hertfordshire Constabulary,-0.191008,51.901574,On or near HARPER COURT,E01023757,Stevenage 008C,Investigation complete; no suspect identified
194a8d48a861bb86aa5ec73bd432631c60d57b5dda3274fc6eb4107a1e0d5d8f,2021-07,Hertfordshire Constabulary,Hertfordshire Constabulary,-0.022477,51.724926,On or near ROBINIA ROAD,E01023342,Broxbourne 005C,Suspect charged
d0025e8ad7fb2019888a25e5ba0f31a719c51cb0011b0787dd286fbe240b4319,2021-07,Hertfordshire Constabulary,Hertfordshire Constabulary,-0.278190,51.655675,On or near Supermarket,E01023530,Hertsmere 007B,Investigation complete; no suspect identified
a6a6debc73f0038e48d85ca9eefcf34c5c76c00aa84b024d53ec8c1af19e608f,2021-07,Hertfordshire Constabulary,Hertfordshire Constabulary,-0.387679,51.651411,On or near Supermarket,E01023860,Watford 009B,Investigation complete; no suspect identified
96334db9f40376301c05226a6a14d395c632ce6c9212228aa4ca36d31dc64803,2021-07,Hertfordshire Constabulary,Hertfordshire Constabulary,-0.386570,51.627675,On or near Petrol Station,E01023805,Three Rivers 010A,Suspect charged
462d0076927443d5a0ba8daddfb3ad747d28aa6ba79709c63508bdd4d1156cc2,2021-07,Hertfordshire Constabulary,Hertfordshire Constabulary,-0.241763,51.764551,On or near Bus/Coach Station,E01033308,Welwyn Hatfield 010E,Suspect charged
579bae9e5b6c80b5f9598b20ce1b2627ac7442a1f03ed2d3af14e8aed2e8f5dd,2021-07,Hertfordshire Constabulary,Hertfordshire Constabulary,-0.200675,51.901929,On or near MARKET SQUARE,E01023758,Stevenage 008D,Suspect charged
14ff6c80d8ab0e7d19fa1823097fb63b4579fbd91a28876c66b9679ae9629db2,2021-07,Hertfordshire Constabulary,Hertfordshire Constabulary,-0.020659,51.949188,On or near HIGH STREET,E01023465,East Hertfordshire 001C,Unable to prosecute suspect
ab52ee4076545c9018983b57c31c29955c2b17382b1a386f985351fd75ba27be,2021-07,Hertfordshire Constabulary,Hertfordshire Constabulary,-0.307419,51.764328,On or near THE QUADRANT,E01023712,St Albans 008D,Investigation complete; no suspect identified
80e17fcabbb522b44b8c87a31a2cd0cac38052461670e2864ec5c25619657121,2021-07,Hertfordshire Constabulary,Hertfordshire Constabulary,-0.249811,51.738190,On or near HALL GARDENS,E01023679,St Albans 015C,Suspect charged
5dd3fa215d2ea8f85982d46d5331cc4957f3ea3333b6db41f238788e13022934,2021-07,Hertfordshire Constabulary,Hertfordshire Constabulary,-0.352775,51.826890,On or near MASEFIELD ROAD,E01023692,St Albans 001C,Unable to prosecute suspect
2dae8f5fd297e09e9e818c2da1c4ee350992b41a685ca6c9c60d5f16f4a1524a,2021-07,Hertfordshire Constabulary,Hertfordshire Constabulary,-0.402521,51.654383,On or near ADDISCOMBE ROAD,E01023899,Watford 010A,Investigation complete; no suspect identified
faff4f95ef041fa74a95207c68b4ac63ca3910525924d24f6234e30da6e27563,2021-07,Hertfordshire Constabulary,Hertfordshire Constabulary,-0.341349,51.740057,On or near CYRILS WAY,E01023737,St Albans 017A,Investigation complete; no suspect identified
58b570d4b0f1844bbf5d940bcc9485356c9be24cd33105736584e302cf7d8a5d,2021-07,Hertfordshire Constabulary,Hertfordshire Constabulary,-0.367562,51.646844,On or near FALCONER ROAD,E01023563,Hertsmere 012F,Unable to prosecute suspect
e311bea38872d30a7d5720ea1d88a7c48b99d515c83e6fc72c3db7491d6cb7cb,2021-07,Hertfordshire Constabulary,Hertfordshire Constabulary,-0.008800,51.871602,On or near RIGERY LANE,E01023507,East Hertfordshire 006C,Suspect charged
6237e0d6519d3b3c3860e7b6fe6c27f02ef1c76a3196d665691bd7be6fe76b1c,2021-07,Hertfordshire Constabulary,Hertfordshire Constabulary,-0.387511,51.682188,On or near CEZANNE ROAD,E01023875,Watford 003C,Suspect charged
bff8fd074990c9e8f02e60ee2f2f897d0955e12b71d92d2a6d8043e0ca2aa881,2021-07,Hertfordshire Constabulary,Hertfordshire Constabulary,-0.220889,51.790871,On or near AMETHYST WALK,E01023916,Welwyn Hatfield 006A,Unable to prosecute suspect
85ba616e20b197445a93b3df352801e2565a25bf9b45a211b6d7251f9c7f36f7,2021-07,Hertfordshire Constabulary,Hertfordshire Constabulary,-0.205363,51.904294,On or near Petrol Station,E01023758,Stevenage 008D,Unable to prosecute suspect
ae662c2983fcd3d6d20361103fc2688a1b27c8567c05780ea3ce9aec02169449,2021-07,Hertfordshire Constabulary,Hertfordshire Constabulary,-0.403932,51.650446,On or near BANBURY STREET,E01023901,Watford 010C,Suspect charged
328e967f850a02b446d5d02ab23637ab12b7dca412620c9bdd9358cccd663b29,2021-07,Hertfordshire Constabulary,Hertfordshire Constabulary,-0.030254,51.721882,On or near MICHIGAN CLOSE,E01023342,Broxbourne 005C,Investigation complete; no suspect identified
69c7d2a4db5be2bc3286eccf4f45cdeae582fde63dc22e268877fd8574cacaff,2021-07,Hertfordshire Constabulary,Hertfordshire Constabulary,-0.364564,51.664669,On or near HARTSWOOD CLOSE,E01023555,Hertsmere 008D,Investigation complete; no suspect identified
5e2ae0e99f906b2e17b03f1c3ceb63c27914ea1908b454277ccea441a1448c75,2021-07,Hertfordshire Constabulary,Hertfordshire Constabulary,-0.165651,51.695542,On or near STAMFORD CLOSE,E01023571,Hertsmere 003A,Investigation complete; no suspect identified
69126d68f58d16317dc8249e0f7fb841b53537db1f75c005de23cb6c67daa538,2021-07,Hertfordshire Constabulary,Hertfordshire Constabulary,,,No location,,,Investigation complete; no suspect identified
b0babe5ab0b70538e1ea2e5a8cdf269a373f584ce85ca26648de701d9d14ff5f,2021-07,Hertfordshire Constabulary,Hertfordshire Constabulary,-0.378747,51.653797,On or near GROVE HALL ROAD,E01023553,Hertsmere 008B,Investigation complete; no suspect identified
dd0777fdf4512cd1a3ac571adeaf44c415e3ec8ed9cb49b651fc3e2f7916c13e,2021-07,Hertfordshire Constabulary,Hertfordshire Constabulary,-0.393603,51.661689,On or near ORPHANAGE ROAD,E01023861,Watford 009C,Unable to prosecute suspect
63e0c0a646bde4633025071cc1ef9225ea67f43a6f6c593ec6b211a8368a6766,2021-07,Hertfordshire Constabulary,Hertfordshire Constabulary,-0.228835,51.763107,On or near Supermarket,E01023920,Welwyn Hatfield 012A,Offender given a caution
8eba5649039f10667c16e04bdf3efdd91db46772c740d5fb617871034ef39979,2021-07,Hertfordshire Constabulary,Hertfordshire Constabulary,-0.398009,51.656903,On or near Shopping Area,E01023861,Watford 009C,Unable to prosecute suspect
76aa637f25a743efa5a96b7d68e93e4f5979d082bd9097222d4b68ccec4cab38,2021-07,Hertfordshire Constabulary,Hertfordshire Constabulary,-0.268446,51.945288,On or near ACRE PIECE,E01023609,North Hertfordshire 013D,Investigation complete; no suspect identified
86ceff50eb416700738a29dd4c0b3bc87ed01347aad1d54417ef594c359a2b1c,2021-07,Hertfordshire Constabulary,Hertfordshire Constabulary,0.104608,51.869996,On or near FARM PLACE,E01023493,East Hertfordshire 003F,Investigation complete; no suspect identified
2f299e3930a6373c677e6c536d34c82bcc1b743ca06827acf3f6a2a06555d032,2021-07,Hertfordshire Constabulary,Hertfordshire Constabulary,-0.002783,52.039337,On or near B1039,E01023654,North Hertfordshire 002A,Unable to prosecute suspect
818d6a825d819ecf76709cde1ba0c7b65d2026c03e84ce2509320a79f7323e48,2021-07,Hertfordshire Constabulary,Hertfordshire Constabulary,-0.419945,51.699579,On or near PINEHURST CLOSE,E01023830,Three Rivers 002B,Unable to prosecute suspect
8eea771a2352da88da066a9e135f30f408c8c3c6ab92e22be2c946cdcf8ec0f6,2021-07,Hertfordshire Constabulary,Hertfordshire Constabulary,-0.408096,51.697018,On or near HURRICANE WAY,E01023833,Three Rivers 002D,Investigation complete; no suspect identified
b9885d39be1c90da680cd0c516673628dd9f59f625a6c7f20094aa00cfe75125,2021-07,Hertfordshire Constabulary,Hertfordshire Constabulary,-0.207334,51.911733,On or near CHURCH LANE,E01023775,Stevenage 006A,Unable to prosecute suspect
d9a91d24b50207a8c2dad30374250a5289f5e54c3c5f8724fdd36815e19b5b79,2021-07,Hertfordshire Constabulary,Hertfordshire Constabulary,-0.396955,51.653579,On or near Pedestrian Subway,E01023862,Watford 009D,Unable to prosecute suspect
71cd346fc2d4da7aae729964c6540865ea017aef89eb6b80fe1363a5e51a7e1c,2021-07,Hertfordshire Constabulary,Hertfordshire Constabulary,-0.370176,51.665431,On or near FRIARS WAY,E01023555,Hertsmere 008D,Unable to prosecute suspect
5e4eca59e12364a9b7a96358a7803e967b92fda2178f9dbb37378ad567c5b710,2021-07,Hertfordshire Constabulary,Hertfordshire Constabulary,-0.404472,51.649051,On or near Hospital,E01023902,Watford 010D,Unable to prosecute suspect
42b1315909ec05a5912588f0c4101dac95997f1eedf8f780a5349583bf412b8b,2021-07,Hertfordshire Constabulary,Hertfordshire Constabulary,-0.035893,52.047402,On or near Park/Open Space,E01023598,North Hertfordshire 005D,Local resolution
550190794770308972a617c6dce59db246c908badcdef7f0ce372daa8b29dd5a,2021-07,Hertfordshire Constabulary,Hertfordshire Constabulary,-0.296476,51.752453,On or near WYNCHES FARM DRIVE,E01023664,St Albans 013A,Unable to prosecute suspect
3d020f3850d5f06b5921dbc0229dd8824ec8605acb19123c987c1163749ffbcf,2021-07,Hertfordshire Constabulary,Hertfordshire Constabulary,-0.363533,51.824748,On or near HILLSIDE ROAD,E01023692,St Albans 001C,Unable to prosecute suspect
d650d6f59c687ae0a1f69e2279eba5eb87376224c9523b63dd96b5757e4d686c,2021-07,Hertfordshire Constabulary,Hertfordshire Constabulary,-0.393625,51.626306,On or near OTLEY WAY,E01023844,Three Rivers 012D,Suspect charged
0dffdf51bb295edba41e3bfe2637b474008bb5f819fd6a10aa3644f6dc75913f,2021-07,Hertfordshire Constabulary,Hertfordshire Constabulary,-0.350999,51.716894,On or near WITHY PLACE,E01023719,St Albans 019B,Unable to prosecute suspect
274204483c251079919934f7f4a0e58f458843e94c732ca82e00ff19738acad4,2021-07,Hertfordshire Constabulary,Hertfordshire Constabulary,-0.233440,51.760596,On or near CROFT FIELD,E01023922,Welwyn Hatfield 012C,Unable to prosecute suspect
3b3800eba3add93ddb1474e69b5c84ed8538dfe285e72d827ee4793665c7326c,2021-07,Hertfordshire Constabulary,Hertfordshire Constabulary,-0.275182,51.661403,On or near CANTERBURY ROAD,E01023530,Hertsmere 007B,Suspect charged
ed412692965f534f455a36d8fa7164ea8cb684b9eb7f46599e52d245d6a1dc4b,2021-07,Hertfordshire Constabulary,Hertfordshire Constabulary,-0.400600,51.654744,On or near FRANCIS ROAD,E01023861,Watford 009C,Unable to prosecute suspect
2a257b6f8e0b761060a9e9e042323e79e9f3e4c8b7cab10bafe90cedb03e7ea2,2021-07,Hertfordshire Constabulary,Hertfordshire Constabulary,-0.317867,51.736270,On or near Shopping Area,E01023684,St Albans 016D,Investigation complete; no suspect identified
a62b2e8f5db6713036d0704c124cb6ef33b43d17a846cb23609635b617d33a4f,2021-07,Hertfordshire Constabulary,Hertfordshire Constabulary,-0.471724,51.750133,On or near KING HARRY STREET,E01023398,Dacorum 015D,Investigation complete; no suspect identified
e3adc3282131e20ef96cc7474a015b31816ec73c251741a96703b42811fcffc7,2021-07,Hertfordshire Constabulary,Hertfordshire Constabulary,-0.475525,51.735795,On or near MANORVILLE ROAD,E01023354,Dacorum 018B,Unable to prosecute suspect
aeecf4dc9f23cdeed4c532a21b57b4feeb427802de3ab29550d464d3be8ba3c4,2021-07,Hertfordshire Constabulary,Hertfordshire Constabulary,-0.206089,51.901769,On or near LYTTON WAY,E01023758,Stevenage 008D,Unable to prosecute suspect
f15f3b168c39010481e2278d3cf08f9ea1e66f112537fda82beebff9850e6895,2021-07,Hertfordshire Constabulary,Hertfordshire Constabulary,0.158202,51.869816,On or near Parking Area,E01023446,East Hertfordshire 007D,Investigation complete; no suspect identified
4e7f0b023d5e14051a205c0f1de2257f4b1ff84eaa53dafbda37ea5cbc3443cc,2021-07,Hertfordshire Constabulary,Hertfordshire Constabulary,-0.179316,51.918236,On or near Supermarket,E01023774,Stevenage 003D,Investigation complete; no suspect identified
4ecd4d208e7db7b60ad0cf982fc08954218eac21dd3b831832f2303924550819,2021-07,Hertfordshire Constabulary,Hertfordshire Constabulary,-0.222268,51.984551,On or near NORTON WAY NORTH,E01023633,North Hertfordshire 006D,Investigation complete; no suspect identified
4d1b861112e93588ec939a162cfacd2c4de946a0a097dcd9f1c32840199e27cc,2021-07,Hertfordshire Constabulary,Hertfordshire Constabulary,-0.285010,51.669550,On or near ALLERTON CLOSE,E01023536,Hertsmere 006C,Suspect charged
2dd7833136892545479b85fd84f84e43ca66b4dcab61746af3aeded25a506e3a,2021-07,Hertfordshire Constabulary,Hertfordshire Constabulary,-0.333481,51.823561,On or near COMMON LANE,E01023688,St Albans 002D,Unable to prosecute suspect
317bedd950c28044e6decdc13ba4cd73e1d47f03907733c205292fa1ce0408de,2021-07,Hertfordshire Constabulary,Hertfordshire Constabulary,-0.236980,51.689395,On or near BLANCHE LANE,E01023584,Hertsmere 004D,Unable to prosecute suspect
49602e82a00875f95c08cef4c3a1d00e60a37c629db7a09ea163ded855deb504,2021-07,Hertfordshire Constabulary,Hertfordshire Constabulary,-0.183031,51.785751,On or near HOWLANDS,E01023946,Welwyn Hatfield 008D,Unable to prosecute suspect
6f789f4708f9b6334cc63b2c7e03690693e9062ebd8f356fea9b308f9bc522e1,2021-07,Hertfordshire Constabulary,Hertfordshire Constabulary,-0.471424,51.749149,On or near Shopping Area,E01023398,Dacorum 015D,Investigation complete; no suspect identified
36e7b675049b369456dbc20f27b99e16650299e00eb86514c9564222322acb76,2021-07,Hertfordshire Constabulary,Hertfordshire Constabulary,-0.393132,51.648437,On or near CANNON ROAD,E01023862,Watford 009D,Investigation complete; no suspect identified
d05ef06b03cbd90d115c31eed5440bdb7661e7d5d9d5d1609797a08f0330a80e,2021-07,Hertfordshire Constabulary,Hertfordshire Constabulary,-0.473034,51.747821,On or near Shopping Area,E01023398,Dacorum 015D,Unable to prosecute suspect
de33646ffd615d6322cbcf71a3a91f620fff522f7c1569dd28bf281542ec95a0,2021-07,Hertfordshire Constabulary,Hertfordshire Constabulary,-0.039866,52.047908,On or near BALDOCK ROAD,E01023598,North Hertfordshire 005D,Investigation complete; no suspect identified
83de0c5c27a1abbcb784feed4430526f653c2189763de4289e2faf20143453e0,2021-07,Hertfordshire Constabulary,Hertfordshire Constabulary,-0.659642,51.796233,On or near PLAITERS CLOSE,E01023420,Dacorum 003C,Offender given a caution
50d3c5b8dd607f78b508b29a1e31415be8420a99b825925f60d9b32734b10b2a,2021-07,Hertfordshire Constabulary,Hertfordshire Constabulary,-0.437052,51.774216,On or near HUNTERS OAK,E01023434,Dacorum 005A,Unable to prosecute suspect
cb9572cd8acc75b798dc7af6737683630e4cf40f76feed938181a92c1d8d5979,2021-07,Hertfordshire Constabulary,Hertfordshire Constabulary,-0.044224,51.800070,On or near Petrol Station,E01023484,East Hertfordshire 016C,Investigation complete; no suspect identified
6d64339585f12f0c45cce584d216914ae07cf909e5609164d96a94ebc89f305b,2021-07,Hertfordshire Constabulary,Hertfordshire Constabulary,-0.519833,51.620223,On or near BUTTLEHIDE,E01023838,Three Rivers 009D,Investigation complete; no suspect identified
3f60012ef66344145a07eb558499d52e609032ac8541fe6e0ab89771cb344bf5,2021-07,Hertfordshire Constabulary,Hertfordshire Constabulary,-0.396503,51.669246,On or near HATFIELD ROAD,E01023855,Watford 006A,Investigation complete; no suspect identified
6003fdd1cfc4b70e1a4dbb2d5ae191337ab0341f7cdff4c7548454058b69f316,2021-07,Hertfordshire Constabulary,Hertfordshire Constabulary,-0.211379,51.906903,On or near BRICKKILN ROAD,E01023776,Stevenage 002A,Investigation complete; no suspect identified
2f67e81bd01628b095d637fd9dbe09fcb8bedafd2148456691bb02a16aa71951,2021-07,Hertfordshire Constabulary,Hertfordshire Constabulary,-0.197168,51.797740,On or near PEARTREE CLOSE,E01023954,Welwyn Hatfield 007A,Unable to prosecute suspect
064fbc85dc585b140f42f4900dbecfc631d7ecd4cfba7498440dd38780fdfe85,2021-07,Hertfordshire Constabulary,Hertfordshire Constabulary,-0.024931,51.686561,On or near BRYANSTONE ROAD,E01023338,Broxbourne 013C,Unable to prosecute suspect
a24136ee2b251941ec0eab478815d6f4802f0a60ec23fa705ab253dae33d6874,2021-07,Hertfordshire Constabulary,Hertfordshire Constabulary,-0.246361,51.981414,On or near HALL MEAD,E01023650,North Hertfordshire 007B,Unable to prosecute suspect
ee8249d4908114cdec3cbe33f7186ed00f9157ea0bda610da1df7bb3baadc6f8,2021-07,Hertfordshire Constabulary,Hertfordshire Constabulary,-0.030048,52.060252,On or near Petrol Station,E01023656,North Hertfordshire 002C,Investigation complete; no suspect identified
739b03ad10aed440087c2b2ddb9ec796c52c440ed1485a4f859a3ecf41faae9f,2021-07,Hertfordshire Constabulary,Hertfordshire Constabulary,-0.340262,51.632883,On or near Petrol Station,E01023550,Hertsmere 013C,Investigation complete; no suspect identified
7866189a04e45fd521571a0a8dd4b82f7719729e86077f49f64524780e1adf7f,2021-07,Hertfordshire Constabulary,Hertfordshire Constabulary,-0.397080,51.657007,On or near Theatre/Concert Hall,E01023861,Watford 009C,Suspect charged
ce072a1c25b81c0afa5da447d96bd938e24b630952c0c7455d69b658e2becbca,2021-07,Hertfordshire Constabulary,Hertfordshire Constabulary,,,No location,,,Investigation complete; no suspect identified
867e3a78836845c4625904066fc6d96c2fe2f9f540fbec080445885c0ca4e1b1,2021-07,Hertfordshire Constabulary,Hertfordshire Constabulary,-0.465908,51.760604,On or near GROVER CLOSE,E01023401,Dacorum 008A,Unable to prosecute suspect
7b0cff63745cad71b098432ab5b0eebae78117a3ff15cce8646a5ca298593fb0,2021-07,Hertfordshire Constabulary,Hertfordshire Constabulary,-0.304488,51.637057,On or near A41,E01023564,Hertsmere 010B,Investigation complete; no suspect identified
d9fc9951367e7f84dfb756efc9cd35467843bd28d0b2504a61fd9dbf5940fd1b,2021-07,Hertfordshire Constabulary,Hertfordshire Constabulary,-0.385308,51.694109,On or near Pedestrian Subway,E01023905,Watford 001B,Suspect charged
4fce8831a89070f587e728b3f0477e92902c07833749500f151bb00a37bd3ced,2021-07,Hertfordshire Constabulary,Hertfordshire Constabulary,-0.211892,51.918151,On or near Pedestrian Subway,E01023800,Stevenage 002E,Suspect charged
a48da69bf78515e80db10f1ec671a9aa50500408cc5457bbb776d313ac7cd517,2021-07,Hertfordshire Constabulary,Hertfordshire Constabulary,-0.230638,51.745168,On or near CHERRY WAY,E01023933,Welwyn Hatfield 014A,Offender given a caution
a22a703c827a6526dbc6fd793a4d6702a3a5c7c62030e2df9bb44f5ced068c6d,2021-07,Hertfordshire Constabulary,Hertfordshire Constabulary,-0.199597,51.813936,On or near HARWOOD HILL,E01023961,Welwyn Hatfield 003C,Investigation complete; no suspect identified
0df2787d3ef1e89cd8a578547488a2bbb5f556ea0322fe6de66717c28c88fbf8,2021-07,Hertfordshire Constabulary,Hertfordshire Constabulary,-0.235261,51.749572,On or near RYECROFT,E01023937,Welwyn Hatfield 013E,Investigation complete; no suspect identified
aa3b2cccba6555c1b0676287b3714dafad13001077c8f87541384e8edc7b2191,2021-07,Hertfordshire Constabulary,Hertfordshire Constabulary,-0.407128,51.685864,On or near HEMMING WAY,E01023891,Watford 002B,Investigation complete; no suspect identified
163f80db7756a9828fbb3d716f3bbfc475cbe997e368cd34c88ad86bf3cc4127,2021-07,Hertfordshire Constabulary,Hertfordshire Constabulary,-0.418543,51.653836,On or near OBSERVER DRIVE,E01023886,Watford 008A,Unable to prosecute suspect
75ed0419674997ca8388a1daf491f6d902a0d4f3957563e45cf9585e1352d0b2,2021-07,Hertfordshire Constabulary,Hertfordshire Constabulary,-0.234913,51.750682,On or near Further/Higher Educational Building,E01023937,Welwyn Hatfield 013E,Unable to prosecute suspect
41a894bb74c15b1b6c3d43380464df81bc9b853055481b35846964f4cd9fc1f7,2021-07,Hertfordshire Constabulary,Hertfordshire Constabulary,-0.416602,51.706206,On or near Supermarket,E01023804,Three Rivers 001C,Unable to prosecute suspect
9704156e48afbf6aee8357f618f7fc0cce84c6e31f39c56f478c45b6b087a459,2021-07,Hertfordshire Constabulary,Hertfordshire Constabulary,-0.385005,51.657102,On or near WOOLMERDINE COURT,E01023554,Hertsmere 008C,Formal action is not in the public interest
bcbf6aee338e1ae3dbbcaf0fb1162ca2e7ddeaa3f54ef2203e3d929fefe81c69,2021-07,Hertfordshire Constabulary,Hertfordshire Constabulary,-0.339165,51.753028,On or near WADDINGTON ROAD,E01023727,St Albans 012B,Suspect charged
e95d94050addceadda00dcd619c1d70f3b2d8e34c7517587b4ea0e9a6fb53b8f,2021-07,Hertfordshire Constabulary,Hertfordshire Constabulary,-0.339165,51.753028,On or near WADDINGTON ROAD,E01023727,St Albans 012B,Investigation complete; no suspect identified
89d4ead74b1ab6fd8f4c4dc26631a6e4fb43fe1dc0218e37f14a1075d95ab682,2021-07,Hertfordshire Constabulary,Hertfordshire Constabulary,-0.446578,51.758067,On or near SARACENS HEAD,E01023347,Dacorum 013C,Unable to prosecute suspect
5f6c4395a59c6c0b45df0923301ec7674c822ab37ca32043536b0ab6d9eeeb46,2021-07,Hertfordshire Constabulary,Hertfordshire Constabulary,-0.204272,51.909771,On or near LETCHMORE CLOSE,E01023775,Stevenage 006A,Suspect charged
dee47c207abfb38a3b6782cbc22f863bc366e814fe630d2548029dc7ccb003b1,2021-07,Hertfordshire Constabulary,Hertfordshire Constabulary,-0.281175,51.660080,On or near CHANDOS ROAD,E01023532,Hertsmere 007D,Suspect charged
9948594768f5d6aa7e91e5742eec16b40a0107add46f5e1e86536a581fb7e4e9,2021-07,Hertfordshire Constabulary,Hertfordshire Constabulary,-0.167119,51.923154,On or near ADMIRAL DRIVE,E01023789,Stevenage 001C,Investigation complete; no suspect identified
58f0c5ba60c06a3ab7c3665e7d09a7682d5db06c2ee0114a84ff17f5f5d67c52,2021-07,Hertfordshire Constabulary,Hertfordshire Constabulary,-0.177520,51.687175,On or near Hospital,E01023575,Hertsmere 003E,Investigation complete; no suspect identified
090c86b70c27b1a8729ace3d1de7729c06f9f60f68b5418bd1d0c552ea6b3300,2021-07,Hertfordshire Constabulary,Hertfordshire Constabulary,-0.457991,51.771822,On or near AYCLIFFE DRIVE,E01023393,Dacorum 007A,Unable to prosecute suspect
68b2e40838e89b287c7dbed03af5a921a203ac7fea191bf4e2f329dde36b9c9f,2021-07,Hertfordshire Constabulary,Hertfordshire Constabulary,0.166112,51.859689,On or near TWYFORD CLOSE,E01023458,East Hertfordshire 008C,Investigation complete; no suspect identified
192093a80723f8be83b596ae75fb29403a162d58821b2a9f919e50bb59c8ac19,2021-07,Hertfordshire Constabulary,Hertfordshire Constabulary,-0.165141,51.692405,On or near CONINGSBY DRIVE,E01023574,Hertsmere 003D,Local resolution
00846943d54c873b58147e16a962b01786faff622b8cfd6750f172016256d141,2021-07,Hertfordshire Constabulary,Hertfordshire Constabulary,-0.530650,51.646669,On or near BULLSLAND GARDENS,E01023815,Three Rivers 005A,Unable to prosecute suspect
9cd52632cc0c953c9aad66ebfbf6e392e886bb6e41c967414435b209b9c2de29,2021-07,Hertfordshire Constabulary,Hertfordshire Constabulary,-0.396503,51.669246,On or near HATFIELD ROAD,E01023855,Watford 006A,Investigation complete; no suspect identified
3c9fbc08fddb875327c11e11656040975d5802c609a03b0b8bd1fa2f209bf007,2021-07,Hertfordshire Constabulary,Hertfordshire Constabulary,-0.090178,51.708556,On or near GOFFS CRESCENT,E01023311,Broxbourne 007A,Investigation complete; no suspect identified
b8bee22b885bada3fcd3beb5c304ca843b7b16224af3fd28290485728cb60b00,2021-07,Hertfordshire Constabulary,Hertfordshire Constabulary,-0.404029,51.696235,On or near HOPE GREEN,E01023906,Watford 001C,Investigation complete; no suspect identified
bf6db2cebb66697e70c657ab1fcff5bcfc027a69df37fadff4dccd965d67efda,2021-07,Hertfordshire Constabulary,Hertfordshire Constabulary,-0.378290,51.648782,On or near HILLSIDE ROAD,E01023559,Hertsmere 012B,Unable to prosecute suspect
0258daa95202d704e9bb42478eb954d7bce2ccb62e5f435810f714313673cbcf,2021-07,Hertfordshire Constabulary,Hertfordshire Constabulary,-0.063990,51.837696,On or near CHAPPELL COURT,E01023485,East Hertfordshire 010A,Unable to prosecute suspect
ef06c3e5a907b13ecc1934701d1a6a462a6ec9661d8d1028e39e957f6cdc38c7,2021-07,Hertfordshire Constabulary,Hertfordshire Constabulary,-0.196510,51.895589,On or near ELDER WAY,E01023755,Stevenage 008A,Investigation complete; no suspect identified
ba04dae0150411d01ae6ca6a54ba71a639e9f471078c562089e2080ff9564a43,2021-07,Hertfordshire Constabulary,Hertfordshire Constabulary,-0.011780,51.753557,On or near ST CROSS COURT,E01023321,Broxbourne 003B,Unable to prosecute suspect
0a534f551543c2474553cedfd492d2dabf21dc482f67105c5cd38716afc090c6,2021-07,Hertfordshire Constabulary,Hertfordshire Constabulary,-0.204608,51.899535,On or near Police Station,E01023758,Stevenage 008D,Formal action is not in the public interest
be57c740c9cd3152c21866eb2cd659fd3301d87aec77b803ff6eacac823fd2d3,2021-07,Hertfordshire Constabulary,Hertfordshire Constabulary,-0.399725,51.658248,On or near Nightclub,E01023861,Watford 009C,Suspect charged
28078036b5b5c34c3a1d4b3a4f45f36105858acadc4f3a5ec7569f9f96ccf235,2021-07,Hertfordshire Constabulary,Hertfordshire Constabulary,-0.474584,51.739227,On or near RIVERSEND ROAD,E01023354,Dacorum 018B,Unable to prosecute suspect
d21222db0510547b3c4b04ac85e200806588523fb9f43e3a9dd17d5d807ad068,2021-07,Hertfordshire Constabulary,Hertfordshire Constabulary,-0.225427,51.687369,On or near BIGNELLS CORNER,E01023584,Hertsmere 004D,Investigation complete; no suspect identified
59abb7ecdbd6011629bacab5eed5865afd7f8b5a638044ec9d7f78412b8f91f7,2021-07,Hertfordshire Constabulary,Hertfordshire Constabulary,-0.345762,51.637007,On or near ST PETER'S CLOSE,E01023549,Hertsmere 013B,Unable to prosecute suspect
1ddb23219f90b1e757b77c460088b0e7f5abfeee2fa9bbbdd50d332a01023cdd,2021-07,Hertfordshire Constabulary,Hertfordshire Constabulary,-0.054993,51.825840,On or near WESTMILL ROAD,E01023471,East Hertfordshire 014B,Unable to prosecute suspect
b8b37ba7fe851a41138f45ceee2965d5125468414e2260bc2901f56a13b7075e,2021-07,Hertfordshire Constabulary,Hertfordshire Constabulary,-0.657328,51.799444,On or near SHUGARS GREEN,E01023421,Dacorum 004B,Unable to prosecute suspect
0f7d864f92d67e1ec57aefb611b4fac12ea8c2e730f31470b0b365f8c18c3517,2021-07,Hertfordshire Constabulary,Hertfordshire Constabulary,-0.048287,51.683714,On or near Pedestrian Subway,E01001551,Enfield 002E,Suspect charged
774239a94661cbeb64cf6f1d6a0ce9bd5f871cafeab3a7f0d765818e5fe0f8b0,2021-07,Hertfordshire Constabulary,Hertfordshire Constabulary,-0.440712,51.707095,On or near HOME PARK MILL LINK ROAD,E01023808,Three Rivers 001E,Investigation complete; no suspect identified
8cd6415751e31d9c00563b8d6e692f22ca3592bbb048754c25a034f6b8b5dc77,2021-07,Hertfordshire Constabulary,Hertfordshire Constabulary,-0.252990,51.651966,On or near HOWARD DRIVE,E01023547,Hertsmere 009D,Suspect charged
af04e3b245a940fa3c404c5612b345ff5cf757daa6492112130c1e32ccf4dbd3,2021-07,Hertfordshire Constabulary,Hertfordshire Constabulary,-0.202790,51.901746,On or near Bus/Coach Station,E01023758,Stevenage 008D,Suspect charged
d3cad5a980139342b036aacc38c86e98b3769f82f73bb1eff217041145d9c6d6,2021-07,Hertfordshire Constabulary,Hertfordshire Constabulary,-0.236781,51.757400,On or near Parking Area,E01023923,Welwyn Hatfield 012D,Unable to prosecute suspect
aaf2f2b13829e88baeeea7e217e5270b667e222fee30cba46129c383434c3373,2021-07,Hertfordshire Constabulary,Hertfordshire Constabulary,-0.422678,51.654251,On or near ROYAL COURT,E01023886,Watford 008A,Action to be taken by another organisation
ee64ab9d34db7327d160601840c24cd01a1f5660577d196ee8e337cc33bb3782,2021-07,Hertfordshire Constabulary,Hertfordshire Constabulary,-0.426685,51.647894,On or near HATTERS LANE,E01023866,Watford 011D,Investigation complete; no suspect identified
c6725d788bc80badcacea9da08ade5f8f03fe562ffb64b4340508b67c39797cb,2021-07,Hertfordshire Constabulary,Hertfordshire Constabulary,-0.194696,51.914372,On or near LEGGETT GROVE,E01023778,Stevenage 002C,Unable to prosecute suspect
f3232157d0627d71871a1e171022b672010e0877f996148721c0887f76b23793,2021-07,Hertfordshire Constabulary,Hertfordshire Constabulary,-0.661266,51.798697,On or near KINGSLEY WALK,E01023418,Dacorum 003A,Unable to prosecute suspect
3888bed49d240ae91b41d98f2c3194bcfc3980e4c0346cf1d973591f729c89fa,2021-07,Hertfordshire Constabulary,Hertfordshire Constabulary,-0.394857,51.655268,On or near Shopping Area,E01023860,Watford 009B,Unable to prosecute suspect
bd730ab1f6ef20a0d8cd52a65f3329cb150dc244190ab60dd21ae6c90ece0098,2021-07,Hertfordshire Constabulary,Hertfordshire Constabulary,-0.179760,51.919133,On or near Parking Area,E01023774,Stevenage 003D,Unable to prosecute suspect
bf49b27d84a9a9639469150d041b004e9e8440617759b7a66c026f1878b23ab5,2021-07,Hertfordshire Constabulary,Hertfordshire Constabulary,-0.189227,51.795783,On or near SHORTLANDS GREEN,E01023958,Welwyn Hatfield 007E,Unable to prosecute suspect
21f56febd9e23b452b63a68d60445764c198188066e3bab5e5e88034cac906d3,2021-07,Hertfordshire Constabulary,Hertfordshire Constabulary,-0.163369,51.921324,On or near GRESLEY WAY,E01023789,Stevenage 001C,Unable to prosecute suspect
83089fdd732a3f4ee3a1d9d2180d3c78695e4abe57c0a1a365d3d55f6aea50a5,2021-07,Hertfordshire Constabulary,Hertfordshire Constabulary,-0.176917,51.914989,On or near FAIRLANDS WAY,E01023769,Stevenage 004C,Investigation complete; no suspect identified
a6759d8f73307b2c7d035364d061de748ad4257fa1b5ca9ce55ee48522c4586e,2021-07,Hertfordshire Constabulary,Hertfordshire Constabulary,-0.152316,52.039187,On or near MOULES YARD,E01023586,North Hertfordshire 005B,Investigation complete; no suspect identified
55bfbe89c173c980afd7c0b0dd5728a1c1130c1cf08bb3053422930f9d181b49,2021-07,Hertfordshire Constabulary,Hertfordshire Constabulary,-0.031567,51.813949,On or near PRINCES STREET,E01023514,East Hertfordshire 012C,Investigation complete; no suspect identified
4b8a301480be9698d2097a99de86d1a20b76467262fa76de845c09d70b17aa2c,2021-07,Hertfordshire Constabulary,Hertfordshire Constabulary,-0.028640,51.734022,On or near Sports/Recreation Area,E01023341,Broxbourne 005B,Unable to prosecute suspect
be762f19640a82213eea14554318f9005a9a9e0322fc86d7024015d64de8d6de,2021-07,Hertfordshire Constabulary,Hertfordshire Constabulary,-0.394598,51.671990,On or near BALMORAL ROAD,E01023858,Watford 006D,Unable to prosecute suspect
bc20cd30c73679e867f6013c63caa0dcb042c01fc04be5b76527f01aa84da9b3,2021-07,Hertfordshire Constabulary,Hertfordshire Constabulary,-0.194407,51.782645,On or near CAMFIELD,E01023942,Welwyn Hatfield 009D,Unable to prosecute suspect
ceb53f51ee5ccb70f928ff11fcbfd4706df0d6e0da40b13de62fb15712f94ab1,2021-07,Hertfordshire Constabulary,Hertfordshire Constabulary,-0.391555,51.648883,On or near MURIEL AVENUE,E01023862,Watford 009D,Investigation complete; no suspect identified
10c4f3fa163c8a3ba748f2d6b0cc99d8b01c52144d26109bb1a5db228f747ead,2021-07,Hertfordshire Constabulary,Hertfordshire Constabulary,0.160443,51.878381,On or near Parking Area,E01023450,East Hertfordshire 004B,Unable to prosecute suspect
6e1bae239b7f8e36c0f0c89c6c5b97a07a80da89ba479f45c5fca147956f01c2,2021-07,Hertfordshire Constabulary,Hertfordshire Constabulary,-0.283125,51.968558,On or near TURNPIKE LANE,E01023594,North Hertfordshire 014A,Unable to prosecute suspect
a2feb8a695ba0f86d1e39cad8b83ea986a3ba8c7e21b85d0a6b388465cb670a1,2021-07,Hertfordshire Constabulary,Hertfordshire Constabulary,-0.376287,51.663969,On or near SCOTTSWOOD CLOSE,E01023552,Hertsmere 008A,Unable to prosecute suspect
551dc471a389bcf8364d31031df1943580a52bf257c674e9b67e51d0b9f1904f,2021-07,Hertfordshire Constabulary,Hertfordshire Constabulary,-0.180756,51.895194,On or near HADWELL CLOSE,E01023794,Stevenage 010D,Investigation complete; no suspect identified
5ca991b5f2e140f306ce4dffb8b5af31747ce42d693a19a20d6dfc9dcb933489,2021-07,Hertfordshire Constabulary,Hertfordshire Constabulary,-0.441352,51.755003,On or near NEW PARK DRIVE,E01023345,Dacorum 013A,Investigation complete; no suspect identified
bcc8df13e521fc3ddff52fd4011d675e0099336bb5d573001ba6db492a97a1b9,2021-07,Hertfordshire Constabulary,Hertfordshire Constabulary,-0.200675,51.901929,On or near MARKET SQUARE,E01023758,Stevenage 008D,Investigation complete; no suspect identified
94d5b71a07d9d175bde958d1a977c5785024de8ef046a0c3ea69581296aac8e8,2021-07,Hertfordshire Constabulary,Hertfordshire Constabulary,-0.268620,51.664769,On or near NORTHFIELD ROAD,E01023537,Hertsmere 006D,Investigation complete; no suspect identified
e9dffcf4ebfd08af1ce8c4a5fd1dd0e742dc6c2b915958231a252543d0071c9c,2021-07,Hertfordshire Constabulary,Hertfordshire Constabulary,-0.382035,51.647512,On or near THE LARCHES,E01023884,Watford 012C,Investigation complete; no suspect identified
78545eb4d993ca59ceb7b05d0c25e399ea9b61f1b94ecba472fddcea82d7de38,2021-07,Hertfordshire Constabulary,Hertfordshire Constabulary,0.160804,51.869238,On or near Shopping Area,E01023450,East Hertfordshire 004B,Investigation complete; no suspect identified
9e2b7103f6577f6de990f7c9f93deec6281e2b6d697422f3231fbb5423c54f2e,2021-07,Hertfordshire Constabulary,Hertfordshire Constabulary,-0.178844,51.882099,On or near Supermarket,E01023784,Stevenage 011B,Investigation complete; no suspect identified
bc0db6b3ac6d1f810157949ad26fd9fe2ea4989bbba0e4b8b6dca899f80b1cc0,2021-07,Hertfordshire Constabulary,Hertfordshire Constabulary,-0.239254,51.974753,On or near WESTBURY PLACE,E01023646,North Hertfordshire 008C,Unable to prosecute suspect
eac6a3aa34c56a623ea8d4ee4e0fcfc0ba2afec03e3d620fd92bbf94761c2235,2021-07,Hertfordshire Constabulary,Hertfordshire Constabulary,-0.175413,51.926268,On or near Pedestrian Subway,E01023801,Stevenage 002F,Offender given a caution
e132a21668bb7f940b4d08a8b6c7053a8c75042124316010405bde8689459e78,2021-07,Hertfordshire Constabulary,Hertfordshire Constabulary,-0.492391,51.765973,On or near MIDDLEKNIGHTS HILL,E01023392,Dacorum 011A,Unable to prosecute suspect
df9aa7497818e8a809c830b6c0ed36706e1015a57fb808caf8d136258003a890,2021-07,Hertfordshire Constabulary,Hertfordshire Constabulary,-0.008556,52.050503,On or near NEWMAN AVENUE,E01023658,North Hertfordshire 002E,Investigation complete; no suspect identified
0b7f8593e17eafc2ccfa2ffcfe453f346d0d9010b306d1075fd9a56ec6882023,2021-07,Hertfordshire Constabulary,Hertfordshire Constabulary,-0.399814,51.678706,On or near BEECHWOOD RISE,E01023872,Watford 004E,Investigation complete; no suspect identified
f1a24582b0d811b7fa593ce2ab47bb3b9928227e4ed185e0ed19a8ca5129d71e,2021-07,Hertfordshire Constabulary,Hertfordshire Constabulary,-0.452204,51.765163,On or near EUROPA ROAD,E01023402,Dacorum 008B,Suspect charged
58cf146cbdae0e79f41e6fd8f37ce7f631d5d4994e5527d5f838704981eb76cc,2021-07,Hertfordshire Constabulary,Hertfordshire Constabulary,-0.354565,51.822770,On or near PIGEONWICK,E01023689,St Albans 002E,Unable to prosecute suspect
b3689efb5c087a666f19e092d16979e2ba3dff7cd99ba964d10478f4a5a3b46c,2021-07,Hertfordshire Constabulary,Hertfordshire Constabulary,0.143495,51.853800,On or near Sports/Recreation Area,E01023459,East Hertfordshire 008D,Investigation complete; no suspect identified
4658b4ade49ffff4500fd8a2f41b38ce435ebe71e1c252bf9a17022619151692,2021-07,Hertfordshire Constabulary,Hertfordshire Constabulary,-0.469105,51.737204,On or near AVIA CLOSE,E01033023,Dacorum 018H,Unable to prosecute suspect
c73d4dd11c8ccb3717076000f4f37d92301d9d78a4b898cf6008c4e2abfda871,2021-07,Hertfordshire Constabulary,Hertfordshire Constabulary,-0.502266,51.651427,On or near SOUTH COTTAGE DRIVE,E01023814,Three Rivers 004C,Unable to prosecute suspect
1c1e1ecdc63587bac2a94f2d875ddca455d75db465cc63bbfb42f15a506b54c4,2021-07,Hertfordshire Constabulary,Hertfordshire Constabulary,-0.301625,51.746485,On or near HILL END LANE,E01023677,St Albans 015A,Unable to prosecute suspect
6ec26a65ed6b3024f91cc4cf2a83fae3f3d459174ce92fab1d5ef2752d088969,2021-07,Hertfordshire Constabulary,Hertfordshire Constabulary,-0.471424,51.749149,On or near Shopping Area,E01023398,Dacorum 015D,Investigation complete; no suspect identified
564b9253db556a036ac2a33d06f1e6052612ecd1a17c98f31a8aaf560a588734,2021-07,Hertfordshire Constabulary,Hertfordshire Constabulary,-0.044280,51.713583,On or near LAKESIDE ROAD,E01023310,Broxbourne 006D,Unable to prosecute suspect
58271637ff80b02ffaf80743fb8e18f84cba44f88320728b8cea583c4fe098dc,2021-07,Hertfordshire Constabulary,Hertfordshire Constabulary,-0.171676,51.912659,On or near COOK ROAD,E01023769,Stevenage 004C,Unable to prosecute suspect
5506953123ce4cfce064f2d0e6506b07ae767f53b6f721a2887ab85149c44a93,2021-07,Hertfordshire Constabulary,Hertfordshire Constabulary,-0.390964,51.656609,On or near GLADSTONE ROAD,E01023860,Watford 009B,Offender given a caution
94cd15416ce20cf46f7762ef83dc594e6c952162329e17e7d94a103dd5326788,2021-07,Hertfordshire Constabulary,Hertfordshire Constabulary,,,No location,,,Investigation complete; no suspect identified
940bd4c608eb87e922a957623d7ccf35a61df25c71a26c1253c1c585513c1f9a,2021-07,Hertfordshire Constabulary,Hertfordshire Constabulary,-0.440801,51.781099,On or near BRAEMAR TURN,E01023435,Dacorum 005B,Unable to prosecute suspect
5abc1a65e28f7886e50fe7d3060e11f789b8374ee4c8b501fc3df6b54fe26211,2021-07,Hertfordshire Constabulary,Hertfordshire Constabulary,-0.394657,51.653970,On or near ST. MARYS VIEW,E01023862,Watford 009D,Suspect charged
c3bc8432e164975945a53031eb4c797ef32f794ab82afca31b659dd9c6f75a0e,2021-07,Hertfordshire Constabulary,Hertfordshire Constabulary,-0.494171,51.782181,On or near LEIGHTON BUZZARD ROAD,E01023431,Dacorum 001B,Investigation complete; no suspect identified
975241d6526b5f9047f6ed600fc68e1d3a94c9bb4954ab46c7841d4f31d11958,2021-07,Hertfordshire Constabulary,Hertfordshire Constabulary,-0.085431,51.787341,On or near HORNS CLOSE,E01023475,East Hertfordshire 017A,Unable to prosecute suspect
79cf9ad49ae046a8dbede47edb5d39d4a05f01a6da5f52679d29adcaa7cc725b,2021-07,Hertfordshire Constabulary,Hertfordshire Constabulary,0.154140,51.865961,On or near FIRLANDS,E01023447,East Hertfordshire 007E,Unable to prosecute suspect
3c2a71a9a954de9f6893424df04ebdb35dfe36721ce125ee6ed26e77d51ec440,2021-07,Hertfordshire Constabulary,Hertfordshire Constabulary,-0.201301,51.895708,On or near TIPPET COURT,E01023786,Stevenage 011D,Suspect charged
3ba26a2eb1de04a0289074d73ed862699f328f273c6cb659ae39343b596238f5,2021-07,Hertfordshire Constabulary,Hertfordshire Constabulary,-0.472544,51.754172,On or near MARLOWES,E01023398,Dacorum 015D,Suspect charged
a48da69bf78515e80db10f1ec671a9aa50500408cc5457bbb776d313ac7cd517,2021-07,Hertfordshire Constabulary,Hertfordshire Constabulary,-0.230638,51.745168,On or near CHERRY WAY,E01023933,Welwyn Hatfield 014A,Offender given a caution
87451467c96a170e8efa14a345f293ba7e563883539bb876941bd000534e1d27,2021-07,Hertfordshire Constabulary,Hertfordshire Constabulary,-0.364750,51.648657,On or near AVENUE RISE,E01023563,Hertsmere 012F,Suspect charged
2d9f867ccd93d30f98b6600f4a76191a219c18996ef80de117a51e917478759a,2021-07,Hertfordshire Constabulary,Hertfordshire Constabulary,-0.346667,51.759428,On or near TEMPLE VIEW,E01023669,St Albans 009A,Unable to prosecute suspect
a4422fdfe35af8d6900b2de90e6d9568bc6577e46979b255afbf10f2b22ba43e,2021-07,Hertfordshire Constabulary,Hertfordshire Constabulary,-0.397609,51.668245,On or near Supermarket,E01023855,Watford 006A,Investigation complete; no suspect identified
9234c10e69c5a03fdda7e08cbb3c3f2a0b9b7fa17a1368ca5075169e5a1ab040,2021-07,Hertfordshire Constabulary,Hertfordshire Constabulary,-0.410626,51.662388,On or near STRATFORD WAY,E01023889,Watford 008D,Investigation complete; no suspect identified
704fe0f94ec788301cc693f697613515ffec927e7c0f061187d1d25e4119fbbb,2021-07,Hertfordshire Constabulary,Hertfordshire Constabulary,-0.347419,51.783294,On or near CHILDWICK GREEN,E01023722,St Albans 006A,Investigation complete; no suspect identified
4ca4796593cad782c3fba6c2d246f06ef0a419a9912f02c7adac225a35347784,2021-07,Hertfordshire Constabulary,Hertfordshire Constabulary,-0.183438,51.905090,On or near HILLMEAD,E01023756,Stevenage 008B,Investigation complete; no suspect identified
5d426211b9547e3eb8d71440147200ebdd67b320712cd7e3026b6565b0eb12b5,2021-07,Hertfordshire Constabulary,Hertfordshire Constabulary,-0.342142,51.742154,On or near Shopping Area,E01023737,St Albans 017A,Investigation complete; no suspect identified
a8d26ecb9402bd9cac8d66bbf7e08f2e7800780b7ccd80569ffd127cb2723980,2021-07,Hertfordshire Constabulary,Hertfordshire Constabulary,-0.032881,51.703069,On or near FOSTER CLOSE,E01023299,Broxbourne 010C,Unable to prosecute suspect
cbce5de40ca2ada4564f6768a5861584cdbb0aeba849f7476e04b6db0f31634f,2021-07,Hertfordshire Constabulary,Hertfordshire Constabulary,-0.360879,51.660599,On or near Sports/Recreation Area,E01023555,Hertsmere 008D,Investigation complete; no suspect identified
2ffcf0d72e4649f399e11e84f506d59961ccd3159f982156703c657487484112,2021-07,Hertfordshire Constabulary,Hertfordshire Constabulary,-0.390695,51.653988,On or near LOWER DERBY ROAD,E01023860,Watford 009B,Unable to prosecute suspect
f813f2b2518d70ec5f9b82d36f58c068ccc22f0eeabfa53e4197d32e29c2e3ad,2021-07,Hertfordshire Constabulary,Hertfordshire Constabulary,-0.338796,51.720427,On or near BRANCH ROAD,E01023720,St Albans 019C,Action to be taken by another organisation
5014d87d3836d41cf695b2b13ca0bf762d4f67d2a4dcba2c70af0289b9e39fa3,2021-07,Hertfordshire Constabulary,Hertfordshire Constabulary,-0.222268,51.984551,On or near NORTON WAY NORTH,E01023633,North Hertfordshire 006D,Investigation complete; no suspect identified
f442d90b5296a31e157d43f1f740e8f905164368afb8bb1d50b24fffb94b7ed6,2021-07,Hertfordshire Constabulary,Hertfordshire Constabulary,-0.397609,51.668245,On or near Supermarket,E01023855,Watford 006A,Investigation complete; no suspect identified
7069d33a69c796b0a76699cfeef57cd56551945b761374be27271e4260d52091,2021-07,Hertfordshire Constabulary,Hertfordshire Constabulary,0.159079,51.872048,On or near BARRETT LANE,E01023449,East Hertfordshire 004A,Suspect charged
99c37d90a82f5d6436d94aca71b6328b23739e57c0fcf5081ff52c9a0a5450ca,2021-07,Hertfordshire Constabulary,Hertfordshire Constabulary,-0.317877,51.650522,On or near DAGGER LANE,E01023528,Hertsmere 010A,Action to be taken by another organisation
62388fb7d3b82a1f74ecca4edf9cfb64815ecf3d2101ea3eee47587386836e3a,2021-07,Hertfordshire Constabulary,Hertfordshire Constabulary,-0.028653,51.953386,On or near Sports/Recreation Area,E01023465,East Hertfordshire 001C,Unable to prosecute suspect
88009ac9e64226cc0a18a349ab2bf2475aa4697dcc12ccb4e37463a90f68e044,2021-07,Hertfordshire Constabulary,Hertfordshire Constabulary,-0.188703,51.986287,On or near MANSFIELD ROAD,E01023592,North Hertfordshire 004F,Unable to prosecute suspect
7410538aaa288e3aeb4348d48b2bb29803ab956b3100daf940e1b2d210e6d6e8,2021-07,Hertfordshire Constabulary,Hertfordshire Constabulary,-0.367562,51.646844,On or near FALCONER ROAD,E01023563,Hertsmere 012F,Investigation complete; no suspect identified
3a54e9a5cf29bbe155fa448b3ddb7afece496ddd0fd0c554993f43033208d136,2021-07,Hertfordshire Constabulary,Hertfordshire Constabulary,,,No location,,,Investigation complete; no suspect identified
2352acc2194cf45cdd3402720897438b1b0124cfe4353f33345a51de4fefc487,2021-07,Hertfordshire Constabulary,Hertfordshire Constabulary,-0.317646,51.684095,On or near WATLING STREET,E01023525,Hertsmere 005C,Investigation complete; no suspect identified
26e7c455b8f5710000403c195c243931708c047152ae761efc21e5c7d260e1f1,2021-07,Hertfordshire Constabulary,Hertfordshire Constabulary,-0.285756,51.659391,On or near HOLME PARK,E01023532,Hertsmere 007D,Investigation complete; no suspect identified
c122bc1dce2ce156f62d220ea5f6a0795253d64545fed9448adc108c81fdc16a,2021-07,Hertfordshire Constabulary,Hertfordshire Constabulary,-0.332406,51.638284,On or near WILLOW DENE,E01023551,Hertsmere 013D,Unable to prosecute suspect
37983bc4de628a8bf20b4e8f36b78f83cd6028c2d207b6762c8d7560d3445753,2021-07,Hertfordshire Constabulary,Hertfordshire Constabulary,-0.277322,51.949060,On or near Shopping Area,E01023616,North Hertfordshire 012F,Investigation complete; no suspect identified
14bc6392f30e98895df9032577266ad105af1ea85faca76edbbb23070233e159,2021-07,Hertfordshire Constabulary,Hertfordshire Constabulary,-0.438248,51.771066,On or near Parking Area,E01023346,Dacorum 013B,Unable to prosecute suspect
5350156f7e71a682352b79cd915825a58896be6137117d99502f39c3e57b2f31,2021-07,Hertfordshire Constabulary,Hertfordshire Constabulary,-0.378104,51.653177,On or near ASHLYN CLOSE,E01023553,Hertsmere 008B,Unable to prosecute suspect
ab761b10ab7c671afaf99f1f82368a30b537ca66695a80acf03e7d87614f9e14,2021-07,Hertfordshire Constabulary,Hertfordshire Constabulary,-0.396655,51.672728,On or near Parking Area,E01023857,Watford 006C,Unable to prosecute suspect
df6fd38dccf16c9a67157eca423619cf820a1438bf87ce162cfaa97ff5a2b70d,2021-07,Hertfordshire Constabulary,Hertfordshire Constabulary,-0.192136,51.697580,On or near Parking Area,E01023579,Hertsmere 001D,Unable to prosecute suspect
541bc03419d7b4f038a6b3a592cdd4e3773af3908d27ed3e8cc00a287ba23f48,2021-07,Hertfordshire Constabulary,Hertfordshire Constabulary,-0.188513,51.923845,On or near IONA CLOSE,E01023799,Stevenage 002D,Unable to prosecute suspect
33abaffe728f04d763d0cb7e495fd773ee4d6b9faef3dae44ac225a0ae13b9af,2021-07,Hertfordshire Constabulary,Hertfordshire Constabulary,-0.172916,51.799281,On or near WATCHLYTES,E01023952,Welwyn Hatfield 005C,Unable to prosecute suspect
920b5d98761acd04db965196382b9a83189e736fc3abcc3ac07c86e3488ea024,2021-07,Hertfordshire Constabulary,Hertfordshire Constabulary,-0.473806,51.756706,On or near Further/Higher Educational Building,E01023400,Dacorum 015E,Investigation complete; no suspect identified
cadf5d887a4e4836f66cdcec5f1fb68ef4caa9a9437e188a5ee13bc07804a078,2021-07,Hertfordshire Constabulary,Hertfordshire Constabulary,-0.342521,51.823554,On or near WAVENEY ROAD,E01023688,St Albans 002D,Unable to prosecute suspect
82927dc3c70af33efefdc1e5da3f3d8948bb31f194575a108109f391673bba16,2021-07,Hertfordshire Constabulary,Hertfordshire Constabulary,-0.404044,51.699913,On or near BALMORAL ROAD,E01023833,Three Rivers 002D,Unable to prosecute suspect
de3c790b1878250b182e50563ff7bfb52f47602395edb9a38135ff0e36fbbd64,2021-07,Hertfordshire Constabulary,Hertfordshire Constabulary,-0.254712,51.949357,On or near HARDY CLOSE,E01023621,North Hertfordshire 011E,Unable to prosecute suspect
eb5e05f28c2eed9d3634157ca3f1dba3d3eaf586ec2ff2c4a270465471e433bc,2021-07,Hertfordshire Constabulary,Hertfordshire Constabulary,-0.422678,51.654251,On or near ROYAL COURT,E01023886,Watford 008A,Unable to prosecute suspect
ede049717970bd61624b7864668f65ddd8652342ceecde739bb84be2877a5700,2021-07,Hertfordshire Constabulary,Hertfordshire Constabulary,-0.198110,51.916978,On or near WESTON ROAD,E01023777,Stevenage 002B,Unable to prosecute suspect
45548ca0411a05c73ff8a7c2e9460bb48b62f23eabdcab08ef82da77c1c0b9a4,2021-07,Hertfordshire Constabulary,Hertfordshire Constabulary,-0.030124,51.815094,On or near GOLDSTONE CLOSE,E01023519,East Hertfordshire 012E,Investigation complete; no suspect identified
40e48094a30904c6a0976e616c347cb79c0c554e395cba2282655c9fd08ca064,2021-07,Hertfordshire Constabulary,Hertfordshire Constabulary,-0.178267,51.688733,On or near BARNET ROAD,E01023575,Hertsmere 003E,Investigation complete; no suspect identified
d2e0aae60f2ff4ae9107f6376e56948ea7d68bd09b4934c589de14cb25faeb7f,2021-07,Hertfordshire Constabulary,Hertfordshire Constabulary,-0.076597,51.796629,On or near MARKET STREET,E01023478,East Hertfordshire 017D,Investigation complete; no suspect identified
8563a3588286bab938142c3793a609d4bcf4e2d3eb8872e55bf3450c599e67ec,2021-07,Hertfordshire Constabulary,Hertfordshire Constabulary,-0.473723,51.752721,On or near Bus/Coach Station,E01023398,Dacorum 015D,Suspect charged
a3da7a7daf32ff4508708c38e0875c94e7d112e5f4f17b846c4835cf6fd1f542,2021-07,Hertfordshire Constabulary,Hertfordshire Constabulary,-0.339165,51.753028,On or near WADDINGTON ROAD,E01023727,St Albans 012B,Investigation complete; no suspect identified
7c95750b92de515bc77f43b49dca2398cda3936c6665cc85b39e3fb3bbd1412a,2021-07,Hertfordshire Constabulary,Hertfordshire Constabulary,-0.235897,51.746254,On or near ROBINS WAY,E01023934,Welwyn Hatfield 013B,Unable to prosecute suspect
70689e82694a033ba472a2eb1613dd3c495140362ab08e854e4a35eaa22ee51c,2021-07,Hertfordshire Constabulary,Hertfordshire Constabulary,-0.075763,51.796463,On or near FORE STREET,E01023478,East Hertfordshire 017D,Unable to prosecute suspect
7082484452491112d4f16ccaab1152934a76fb340e969d1d4deee408d41494b7,2021-07,Hertfordshire Constabulary,Hertfordshire Constabulary,-0.033990,51.701856,On or near Supermarket,E01023301,Broxbourne 010E,Investigation complete; no suspect identified
f35a96565375bcfa259b5497c87eaa176e92dc89b44567c251410c095ca87b4d,2021-07,Hertfordshire Constabulary,Hertfordshire Constabulary,-0.382134,51.619548,On or near CHERRY HILLS,E01023805,Three Rivers 010A,Investigation complete; no suspect identified
a664e697d11b1420086337385f044d35d3ee35f7b23718d8b261ae7515e7bf52,2021-07,Hertfordshire Constabulary,Hertfordshire Constabulary,-0.309427,51.750545,On or near COACH MEWS,E01023665,St Albans 013B,Unable to prosecute suspect
8913ce2d5fa64619902194f2d4b88cdfe1dc3c8aa42b735f300d4dfe1c2aaae1,2021-07,Hertfordshire Constabulary,Hertfordshire Constabulary,-0.192136,51.697580,On or near Parking Area,E01023579,Hertsmere 001D,Local resolution
450eaa1296ee66cf6328afd500f7d6db0b40f33eefa8c2dbe08cb4ca4aff0077,2021-07,Hertfordshire Constabulary,Hertfordshire Constabulary,-0.202379,51.902935,On or near Shopping Area,E01023758,Stevenage 008D,Suspect charged
fdb451fa2a2260208042eaeb7e01f475528fb54c66cf218e180a9488ada4c713,2021-07,Hertfordshire Constabulary,Hertfordshire Constabulary,-0.110608,51.708032,On or near STATION ROAD,E01023947,Welwyn Hatfield 016A,Unable to prosecute suspect
e151bd14d8e6d0e22b2f62eaa398b856a1345694592f18cc80c1b7b45c3e1ca1,2021-07,Hertfordshire Constabulary,Hertfordshire Constabulary,-0.449158,51.742401,On or near KIMPS WAY,E01023358,Dacorum 020B,Unable to prosecute suspect
f75aae71fa8666de318c726dfc8c259d2e65ab26bd5ff26365786bfbcd4a38fe,2021-07,Hertfordshire Constabulary,Hertfordshire Constabulary,-0.571572,51.763294,On or near PARK STREET,E01023364,Dacorum 009D,Suspect charged
7fa29bddfa7e41b1f299009517780cae6b15f1fb85f2f1013f4a1ec10509df23,2021-07,Hertfordshire Constabulary,Hertfordshire Constabulary,-0.460025,51.835114,On or near CLEVELAND ROAD,E01023433,Dacorum 001D,Unable to prosecute suspect
aaea462dabce0b476a48c0cf6466d0e134bf15f3ff9f359c00db9c9a4de46133,2021-07,Hertfordshire Constabulary,Hertfordshire Constabulary,-0.320052,51.752721,On or near ST PAUL'S PLACE,E01023674,St Albans 011B,Unable to prosecute suspect
9775cd27d12fa4d7bd8b6a1821863580768ee7a485f3d311c425ad962f2d22ce,2021-07,Hertfordshire Constabulary,Hertfordshire Constabulary,-0.112543,51.708144,On or near Supermarket,E01023947,Welwyn Hatfield 016A,Investigation complete; no suspect identified
d9366ced250057f8e3cb383990f15a3d71a715ab6cb3df1157cadd3fabd90e59,2021-07,Hertfordshire Constabulary,Hertfordshire Constabulary,-0.190969,51.694208,On or near MUTTON LANE,E01023577,Hertsmere 001B,Investigation complete; no suspect identified
0b92ae7dfa728d4c538ccd3dfc1e05740805fd1258a4b952ffc52a888283d166,2021-07,Hertfordshire Constabulary,Hertfordshire Constabulary,-0.204608,51.899535,On or near Police Station,E01023758,Stevenage 008D,Suspect charged
d1eb17a26510dbcd431f315bb504f11f45879e89fa35070eece2ac0b3e6c2948,2021-07,Hertfordshire Constabulary,Hertfordshire Constabulary,0.006947,51.770720,On or near Park/Open Space,E01023504,East Hertfordshire 018E,Unable to prosecute suspect
2ec9146967679850378ee57818d4514cf9ad830c67fa54c3cbef5fe700338a62,2021-07,Hertfordshire Constabulary,Hertfordshire Constabulary,-0.186880,51.888212,On or near Petrol Station,E01023786,Stevenage 011D,Investigation complete; no suspect identified
b0a8c05cad5ca83442bcc5fc73d44a87d0ecee7cc120282c64dc1ba965e59b67,2021-07,Hertfordshire Constabulary,Hertfordshire Constabulary,-0.457668,51.772806,On or near Parking Area,E01023393,Dacorum 007A,Unable to prosecute suspect
27dace874c210ad59f073552da0d60e7e3922d53ccea5c43902ed34ae26385f9,2021-07,Hertfordshire Constabulary,Hertfordshire Constabulary,-0.260625,51.662843,On or near BUCHANAN COURT,E01023545,Hertsmere 009B,Unable to prosecute suspect
d34409231b65917dd41b8242c309aaa5eec12de000de56ed7a070788ab440b67,2021-07,Hertfordshire Constabulary,Hertfordshire Constabulary,-0.194823,51.792551,On or near BURGUNDY CROFT,E01023957,Welwyn Hatfield 007D,Suspect charged
a4708955dacc4a33be10de688433b0de38bd722c67b0c45149d6e53f817a7157,2021-07,Hertfordshire Constabulary,Hertfordshire Constabulary,-0.178101,51.686384,On or near BYERS CLOSE,E01023575,Hertsmere 003E,Unable to prosecute suspect
ceabc62f0e0841d75649bf729575397c1478fc752ad94990c8c51dd317db5d21,2021-07,Hertfordshire Constabulary,Hertfordshire Constabulary,,,No location,,,Unable to prosecute suspect
892fbba0d1dd1093e51bf2e0fd6da6217a9c452b82cfadf24f81fe72a598e654,2021-07,Hertfordshire Constabulary,Hertfordshire Constabulary,-0.412796,51.706200,On or near TIBBS HILL ROAD,E01023804,Three Rivers 001C,Suspect charged
7ca15b068534f79b04870882a9d6bebf01309548ffc69d1c86f58a3ed15c0a8c,2021-07,Hertfordshire Constabulary,Hertfordshire Constabulary,-0.279511,51.741380,On or near BARLEY MOW LANE,E01023678,St Albans 015B,Unable to prosecute suspect
235ff3d1bc62542b26033e55997c250d1343de22e2a3a81ab03715942a750530,2021-07,Hertfordshire Constabulary,Hertfordshire Constabulary,-0.196041,51.499063,On or near WYNNSTAY GARDENS,E01002817,Kensington and Chelsea 011D,Unable to prosecute suspect
354de8402c6ed058b965cb9fae4ccaf0792e3f163a72bfd660784d00af4a7851,2021-07,Hertfordshire Constabulary,Hertfordshire Constabulary,-0.180722,51.799554,On or near HALL BARNS,E01023944,Welwyn Hatfield 008B,Investigation complete; no suspect identified
a05d89c8dc858c78f54ea186dca60abe908976fb1bf3c0c3218ad9e3e3186bf9,2021-07,Hertfordshire Constabulary,Hertfordshire Constabulary,-0.168744,51.906805,On or near Sports/Recreation Area,E01023761,Stevenage 007C,Investigation complete; no suspect identified
6f49cfd15665fad766c80db90b6bf064b250a3a09146a63d87f49e8b5ee4b292,2021-07,Hertfordshire Constabulary,Hertfordshire Constabulary,-0.388862,51.626591,On or near Parking Area,E01023844,Three Rivers 012D,Unable to prosecute suspect
56c28fc2ad7a670710285fec2bbdc27f2511593fbfd2f0aa46584f8fc76b49dd,2021-07,Hertfordshire Constabulary,Hertfordshire Constabulary,-0.276557,51.655669,On or near KEYSTONE PASSAGE,E01023530,Hertsmere 007B,Suspect charged
ea4398d5887fa2d1d7b9aa3d3107019fc4445776dd3dc4cf7378cc2fde33584d,2021-07,Hertfordshire Constabulary,Hertfordshire Constabulary,-0.032236,51.686234,On or near Parking Area,E01023337,Broxbourne 013B,Investigation complete; no suspect identified
ff7515ca2717b7edbed7b615252db2879fe8d7dd48e2a1a402d06e0a0e3df69e,2021-07,Hertfordshire Constabulary,Hertfordshire Constabulary,-0.037456,51.708370,On or near Supermarket,E01023303,Broxbourne 008B,Investigation complete; no suspect identified
2f365722708b5cca8596bb93d0befb57ab4170b01c52833495c1fe13a9ed318a,2021-07,Hertfordshire Constabulary,Hertfordshire Constabulary,-0.392417,51.642088,On or near SEYMOUR GROVE,E01023885,Watford 012D,Investigation complete; no suspect identified
9504801d4b97cc9e12c14d1136e204a9526d4d3c8c13e321c9e8dbbd7a11c472,2021-07,Hertfordshire Constabulary,Hertfordshire Constabulary,-0.299318,51.809449,On or near BREWHOUSE HILL,E01023748,St Albans 004C,Unable to prosecute suspect
3c3dfce5557bac2b33603cc4da2750c7d7aaf2ad6a303ec6a38d6bfd35127dbc,2021-07,Hertfordshire Constabulary,Hertfordshire Constabulary,-0.037445,51.718001,On or near Supermarket,E01023305,Broxbourne 008D,Suspect charged
e88ffeb3a481b887d417454d144c203a7fdfda833cdb081bbe3da0508283fa5b,2021-07,Hertfordshire Constabulary,Hertfordshire Constabulary,-0.176966,51.694468,On or near Supermarket,E01023572,Hertsmere 003B,Investigation complete; no suspect identified
49ab8cea39c2003f3ffa70c9bf0177e0ce88191a00aae2441cf1582f0ee4f23f,2021-07,Hertfordshire Constabulary,Hertfordshire Constabulary,-0.267942,51.941361,On or near SUNNYSIDE ROAD,E01023606,North Hertfordshire 013A,Unable to prosecute suspect
d4d52dff1230919031ca2fd1ef521c7c196f80cc061108e4c0bbc7cafcc49a7d,2021-07,Hertfordshire Constabulary,Hertfordshire Constabulary,0.006447,51.767940,On or near COLTHURST GARDENS,E01023330,Broxbourne 002D,Unable to prosecute suspect
9a773db82022de823682ba401a283080b2bc2077e3596c2617e52712bcad5eb4,2021-07,Hertfordshire Constabulary,Hertfordshire Constabulary,-0.469545,51.756336,On or near BROAD STREET,E01023400,Dacorum 015E,Unable to prosecute suspect
96ff2ade4da274739b8ae4f23c299e270deaa4e1cb0a6aecf5bb8139ac966691,2021-07,Hertfordshire Constabulary,Hertfordshire Constabulary,-0.020557,51.946866,On or near MEETING HOUSE LANE,E01023466,East Hertfordshire 001D,Offender given a caution
c512446fc1478d6353f734237ee850902e98264912936d50dd473c0655491508,2021-07,Hertfordshire Constabulary,Hertfordshire Constabulary,-0.169310,51.879649,On or near BROADWATER CRESCENT,E01023766,Stevenage 012D,Unable to prosecute suspect
730b926d4f4b04265806abe2940f137043f60258ea0667db91764f833e39f84c,2021-07,Hertfordshire Constabulary,Hertfordshire Constabulary,-0.439494,51.776109,On or near DATCHET CLOSE,E01023434,Dacorum 005A,Unable to prosecute suspect
c86b843d7b9d26149aecfeb2a6b76d5d29b085691e60ae20e9c63413682e1c4e,2021-07,Hertfordshire Constabulary,Hertfordshire Constabulary,-0.228835,51.763107,On or near Supermarket,E01023920,Welwyn Hatfield 012A,Unable to prosecute suspect
5bdfcffcdf5077f2505cad85590d8f6ab773ecd0d8e07a247d0bd3260a25499c,2021-07,Hertfordshire Constabulary,Hertfordshire Constabulary,-0.196076,51.918764,On or near TRAFFORD CLOSE,E01023777,Stevenage 002B,Investigation complete; no suspect identified
8a97ffed69a0530ec57b2ffc6da741ff21606b0e793e6ad195a397a126410f9c,2021-07,Hertfordshire Constabulary,Hertfordshire Constabulary,-0.391555,51.648883,On or near MURIEL AVENUE,E01023862,Watford 009D,Investigation complete; no suspect identified
4838cd6663880b6376a6c83be656bf13968073f46f50bde0c5c5c3634bac0a0a,2021-07,Hertfordshire Constabulary,Hertfordshire Constabulary,-0.171782,51.898948,On or near DOVEDALE,E01023752,Stevenage 009C,Unable to prosecute suspect
88bb025d34ae4db7b53385342d4f9181a407aad34d8d2f98976a413954a1f1c2,2021-07,Hertfordshire Constabulary,Hertfordshire Constabulary,0.158059,51.876842,On or near GALLOWAY ROAD,E01023449,East Hertfordshire 004A,Unable to prosecute suspect
ee20698b2619f71d216c90749f192b1e2d4fe946793fd42355119c11b89edda3,2021-07,Hertfordshire Constabulary,Hertfordshire Constabulary,-0.112543,51.708144,On or near Supermarket,E01023947,Welwyn Hatfield 016A,Investigation complete; no suspect identified
fb8c44d29e11080a494dc5567e3928fec00d9f3c3664883fcadfb38ac5850b2d,2021-07,Hertfordshire Constabulary,Hertfordshire Constabulary,-0.221036,51.785658,On or near STANBOROUGH LANE,E01023916,Welwyn Hatfield 006A,Local resolution
7b899d41b3bb90721863323d32f6ae116c1278bfd912f42215178aa27ebd6a3d,2021-07,Hertfordshire Constabulary,Hertfordshire Constabulary,-0.438763,51.765795,On or near EATON ROAD,E01023345,Dacorum 013A,Investigation complete; no suspect identified
7ea17f3515d15909edac2c8f9664b2194e0227e03eef8550faba0b04c9e1b2af,2021-07,Hertfordshire Constabulary,Hertfordshire Constabulary,-0.659642,51.796233,On or near PLAITERS CLOSE,E01023420,Dacorum 003C,Unable to prosecute suspect
9d6fb0673c84b4d18f5cf4e690dfb07d61b5bf6ee1a433a244da9272879a47b3,2021-07,Hertfordshire Constabulary,Hertfordshire Constabulary,-0.417774,51.682987,On or near COURTLANDS DRIVE,E01023868,Watford 004A,Investigation complete; no suspect identified
a55f15e651a4f00fd6b76cea93f63d32bcbaf2fef704695cf9376b78b2275c88,2021-07,Hertfordshire Constabulary,Hertfordshire Constabulary,-0.249067,51.756684,On or near ELLENBROOK LANE,E01023938,Welwyn Hatfield 010D,Suspect charged
010741a4945d51e69d831b54c9ed24cda135f78a2e8001e958aa7aa5c2530fb2,2021-07,Hertfordshire Constabulary,Hertfordshire Constabulary,-0.664120,51.798793,On or near BETTY'S LANE,E01023418,Dacorum 003A,Unable to prosecute suspect
b4fbae4fd74550a3967f8cfb5413bc38a4e1ee1b23d00f57ccec837fd120ac48,2021-07,Hertfordshire Constabulary,Hertfordshire Constabulary,-0.010470,51.769181,On or near THURGOOD ROAD,E01023327,Broxbourne 002A,Local resolution
cae1c80a4c79c4604badab2741d603c12726341dedf98ca9f048ab28eeb5f7c9,2021-07,Hertfordshire Constabulary,Hertfordshire Constabulary,-0.534735,51.574631,On or near NEAL CLOSE,E01017818,South Bucks 002A,Local resolution
b7c88ec82fac94fcad0db28bdd734a218cd67fbdc153123c86f50a6c0914d738,2021-07,Hertfordshire Constabulary,Hertfordshire Constabulary,-0.320052,51.752721,On or near ST PAUL'S PLACE,E01023674,St Albans 011B,Action to be taken by another organisation
cade71efcba5a3dd2aacd699c5662807cc783fa45a3ed3b0bdc2ae83691fafa6,2021-07,Hertfordshire Constabulary,Hertfordshire Constabulary,-0.175413,51.926268,On or near Pedestrian Subway,E01023801,Stevenage 002F,Offender given a caution
bd976bb2ba660f419de9cd4b24cf5e66d833f3032e9034624f3951c7d5c2e194,2021-07,Hertfordshire Constabulary,Hertfordshire Constabulary,-0.349176,51.757386,On or near WELLS CLOSE,E01023669,St Albans 009A,Suspect charged
7541e64c508d5d71891527f7fcb0e8b1846bdea20ba7c56fcb008839f788b11d,2021-07,Hertfordshire Constabulary,Hertfordshire Constabulary,-0.398272,51.663785,On or near STATION ROAD,E01023861,Watford 009C,Suspect charged
976cc340e5faf55927260fbe5e4f40b9c3a69f9e165bd676d7833528122632cf,2021-07,Hertfordshire Constabulary,Hertfordshire Constabulary,-0.112543,51.708144,On or near Supermarket,E01023947,Welwyn Hatfield 016A,Investigation complete; no suspect identified
e39721386358e11b6b660fba4400929832b49c78466c2e4608ff2610396372ca,2021-07,Hertfordshire Constabulary,Hertfordshire Constabulary,-0.258046,51.674297,On or near HIGH CANONS,E01023583,Hertsmere 004C,Suspect charged
bfa4baafd0935f48ea44dfe91ff12a0c91c0c1cf76c27998624226f0c4e978f5,2021-07,Hertfordshire Constabulary,Hertfordshire Constabulary,-0.281212,51.648795,On or near DEACON'S HILL ROAD,E01023566,Hertsmere 010D,Action to be taken by another organisation
96793f3c037528f7d7f0256e4280616bcdccc789cb138a4562cbe90512272640,2021-07,Hertfordshire Constabulary,Hertfordshire Constabulary,-0.310570,51.751344,On or near SUTTON ROAD,E01023674,St Albans 011B,Investigation complete; no suspect identified
2363cea6b7be1789cfa317df214408af8e72c47878bb5a0dc2c07b4600c05857,2021-07,Hertfordshire Constabulary,Hertfordshire Constabulary,-0.270241,51.659038,On or near SHENLEY ROAD,E01023538,Hertsmere 006E,Investigation complete; no suspect identified
bafa9bd168e64ea4c586c91b3887d9beac7ac381304ea9ddf4ee0c645fa26bec,2021-07,Hertfordshire Constabulary,Hertfordshire Constabulary,-0.661663,51.793595,On or near HIGH STREET,E01023420,Dacorum 003C,Suspect charged
e14f1872c1bf3561908abb8d3d5de2f53d48836e3697598bfd18ed77ef0175f3,2021-07,Hertfordshire Constabulary,Hertfordshire Constabulary,-0.073426,51.799581,On or near MILL ROAD,E01023478,East Hertfordshire 017D,Investigation complete; no suspect identified
942510c83f3a0f2e56885665aaecb6883eb3a78fb438a4b156735619b15154ee,2021-07,Hertfordshire Constabulary,Hertfordshire Constabulary,-0.178859,51.924136,On or near Pedestrian Subway,E01023790,Stevenage 001D,Unable to prosecute suspect
a7c6455f64db03df341c54bb56f778a164c88a6cb94e266371c0e203af34c5f5,2021-07,Hertfordshire Constabulary,Hertfordshire Constabulary,-0.215849,51.925809,On or near Parking Area,E01023800,Stevenage 002E,Unable to prosecute suspect
e2532b20d4ca63d3bea24f544cfa3fb7bfc8e5a98c78d7a0d991044d6945c55c,2021-07,Hertfordshire Constabulary,Hertfordshire Constabulary,-0.470828,51.753952,On or near Supermarket,E01023398,Dacorum 015D,Suspect charged
6a4be205063ecf1a16491ed2d6183a00afe4354b0b956dad1d5c6bf930e53b7e,2021-07,Hertfordshire Constabulary,Hertfordshire Constabulary,-0.076597,51.796629,On or near MARKET STREET,E01023478,East Hertfordshire 017D,Unable to prosecute suspect
bd976bb2ba660f419de9cd4b24cf5e66d833f3032e9034624f3951c7d5c2e194,2021-07,Hertfordshire Constabulary,Hertfordshire Constabulary,-0.349176,51.757386,On or near WELLS CLOSE,E01023669,St Albans 009A,Suspect charged
d0f8319d92787891350c8d29e3676589558e4fa46e134016eba108b378bf5585,2021-07,Hertfordshire Constabulary,Hertfordshire Constabulary,-0.267140,51.660350,On or near Parking Area,E01023537,Hertsmere 006D,Investigation complete; no suspect identified
274340b21fbb548869378bc36aba7c4a9e1d9ad2a6b8613c6469a2d129f0243d,2021-07,Hertfordshire Constabulary,Hertfordshire Constabulary,-0.267833,51.952886,On or near DACRE ROAD,E01023601,North Hertfordshire 010A,Unable to prosecute suspect
297283f6d8d0dbcf723d873c1b12d06cd6bfb334c403ef08261e25d387252d27,2021-07,Hertfordshire Constabulary,Hertfordshire Constabulary,-0.204979,51.907723,On or near LINTOTT CLOSE,E01023779,Stevenage 006B,Unable to prosecute suspect
8f4079dd1ef951b5aff9c4b0e321b3e85661e982a2bb9cfe96c65db62a9c75d1,2021-07,Hertfordshire Constabulary,Hertfordshire Constabulary,-0.014917,51.686293,On or near STATION ROAD,E01023338,Broxbourne 013C,Investigation complete; no suspect identified
5c6590a944b4f9d946cce6cad540302c7660d6ff977b34f03070c911dce58368,2021-07,Hertfordshire Constabulary,Hertfordshire Constabulary,-0.008800,51.871602,On or near RIGERY LANE,E01023507,East Hertfordshire 006C,Investigation complete; no suspect identified
ac394e80e20537377b503cd97287ee452a69df1345dc3b57eecaf149caccd153,2021-07,Hertfordshire Constabulary,Hertfordshire Constabulary,-0.172920,51.907427,On or near DARWIN ROAD,E01023762,Stevenage 007D,Investigation complete; no suspect identified
429a87cc3525d14636d883715432c4894167d545c6c4040408f5c24c66880744,2021-07,Hertfordshire Constabulary,Hertfordshire Constabulary,-0.002800,51.765958,On or near GLADSTONE ROAD,E01023331,Broxbourne 002E,Investigation complete; no suspect identified
31948fa8a3b9f18c951341e808ad7d669703eab800b44004a47d9fb56fc40eda,2021-07,Hertfordshire Constabulary,Hertfordshire Constabulary,-0.275289,51.951224,On or near Supermarket,E01023601,North Hertfordshire 010A,Investigation complete; no suspect identified
a0dc4e614c6d119fee33aef930b30ff5de471c8651cebda6a51da6067ebdc504,2021-07,Hertfordshire Constabulary,Hertfordshire Constabulary,-0.219571,51.924373,On or near Petrol Station,E01023800,Stevenage 002E,Investigation complete; no suspect identified
5f39d47116c6f560db0ff37544791b646a758a0815b0d8ceb32b4b4182e5d06d,2021-07,Hertfordshire Constabulary,Hertfordshire Constabulary,-0.006847,51.763581,On or near PARROTTS FIELD,E01023323,Broxbourne 003D,Unable to prosecute suspect
840d8cde1915b32902610cc00db91fbdde07dcec59126ae710f845dbe5ff5d88,2021-07,Hertfordshire Constabulary,Hertfordshire Constabulary,-0.345714,51.743886,On or near TREVELYAN PLACE,E01023743,St Albans 014B,Investigation complete; no suspect identified
a18c7ceccddb7666cd2139fa84b3705e323a312c62e0d24439ce84961e954501,2021-07,Hertfordshire Constabulary,Hertfordshire Constabulary,-0.026455,51.857206,On or near DANE END ROAD,E01023506,East Hertfordshire 006B,Investigation complete; no suspect identified
762b2f017d76653f8ff711604cb9c635dcd01c06757e1feda3010094eb3fd1ec,2021-07,Hertfordshire Constabulary,Hertfordshire Constabulary,-0.328114,51.749796,On or near Parking Area,E01023729,St Albans 012D,Investigation complete; no suspect identified
9c277d41ed176d95bfef29e8dcb6e0ebd98a4bbab47ee0ded8b6134272487c50,2021-07,Hertfordshire Constabulary,Hertfordshire Constabulary,-0.493520,51.736414,On or near FELDEN DRIVE,E01023378,Dacorum 021F,Investigation complete; no suspect identified
3c2a71a9a954de9f6893424df04ebdb35dfe36721ce125ee6ed26e77d51ec440,2021-07,Hertfordshire Constabulary,Hertfordshire Constabulary,-0.201301,51.895708,On or near TIPPET COURT,E01023786,Stevenage 011D,Suspect charged
6dd654661ba796bf9b4951bce455117c0f4997d793cbe042c70b3aeb14c2240c,2021-07,Hertfordshire Constabulary,Hertfordshire Constabulary,-0.469105,51.737204,On or near AVIA CLOSE,E01033023,Dacorum 018H,Suspect charged
7506b854e3d4a0f425c7563d47987bc4368ca6b0e3c845ad8e38a9071b943f1f,2021-07,Hertfordshire Constabulary,Hertfordshire Constabulary,-0.175137,51.897930,On or near COLTS CORNER,E01023792,Stevenage 010B,Further investigation is not in the public interest
bf77287a063b8d9a012720a1a3979185a6f36d3eb102ef200c08659648bad01f,2021-07,Hertfordshire Constabulary,Hertfordshire Constabulary,-0.439493,51.754709,On or near THE FLAGS,E01023345,Dacorum 013A,Unable to prosecute suspect
895318c90c3db2324c7ac2c226827b6e4229134a25332fdfd2bd92134fb577ed,2021-07,Hertfordshire Constabulary,Hertfordshire Constabulary,-0.345597,51.641942,On or near IVINGHOE ROAD,E01023556,Hertsmere 013E,Investigation complete; no suspect identified
de6f9ddda0afbd55ae7865517934b3995bd9464adddd9a3556a523ae9c6f9ebc,2021-07,Hertfordshire Constabulary,Hertfordshire Constabulary,-0.273577,51.948061,On or near MOUNT GARRISON,E01023609,North Hertfordshire 013D,Offender given a caution
93553ef1c650492685e757a10069da8ef5824cda8b93d849c328a5247c3bdf0d,2021-07,Hertfordshire Constabulary,Hertfordshire Constabulary,0.166122,51.867153,On or near LONDON ROAD,E01023441,East Hertfordshire 005D,Unable to prosecute suspect
0c68fc06c9f1cc48d51f38b239c618b989734277bf551bcf1502bfba7553b26b,2021-07,Hertfordshire Constabulary,Hertfordshire Constabulary,-0.178859,51.924136,On or near Pedestrian Subway,E01023790,Stevenage 001D,Unable to prosecute suspect
265a62a8f8cdcfe87c6babfe2c828e03769597fb9315dca7f5150bac75a4dc1d,2021-07,Hertfordshire Constabulary,Hertfordshire Constabulary,-0.238373,51.746273,On or near LANE END,E01023934,Welwyn Hatfield 013B,Offender given a caution
b538e74995765280c5a0ac2de22e180d299dbd9c68b06fd7267bb730a3d8672f,2021-07,Hertfordshire Constabulary,Hertfordshire Constabulary,0.028185,51.883874,On or near STORTFORD ROAD,E01023507,East Hertfordshire 006C,Unable to prosecute suspect
7f5e5e80e2db597a40d09291d02c77cbac18a10237c198b0f8ba5e2732ec9781,2021-07,Hertfordshire Constabulary,Hertfordshire Constabulary,-0.438974,51.759665,On or near MAYLANDS AVENUE,E01023345,Dacorum 013A,Investigation complete; no suspect identified
cc6ff1526315fa8f2fd847877e5154e34a0a5b4ca99a624b5ba5874436f857ec,2021-07,Hertfordshire Constabulary,Hertfordshire Constabulary,-0.182406,51.912295,On or near Pedestrian Subway,E01023781,Stevenage 006D,Unable to prosecute suspect
03c6ac145c181c977dc61af825184cc0328777b50a69051844e4fab6116c46fc,2021-07,Hertfordshire Constabulary,Hertfordshire Constabulary,-0.377819,51.646168,On or near BRICK KILN CLOSE,E01023884,Watford 012C,Local resolution
bd92f99f8beb3c71cf09e92b9f94606eec4e12d726e966dc72bbe9ae8d3b6d78,2021-07,Hertfordshire Constabulary,Hertfordshire Constabulary,-0.229907,51.963652,On or near ST MARY'S CLOSE,E01023648,North Hertfordshire 008E,Unable to prosecute suspect
7436f9c1e8ac1627157d3e29ca44c8bbc26854c13238d3158b9c45e38ecb25b2,2021-07,Hertfordshire Constabulary,Hertfordshire Constabulary,-0.202267,51.972711,On or near NEWELLS,E01023641,North Hertfordshire 009C,Suspect charged
307be6c6b1a264e2e47108897da5fb06edb1c211a467ae730443a3c5c33ea4af,2021-07,Hertfordshire Constabulary,Hertfordshire Constabulary,-0.362530,51.646090,On or near HERKOMER ROAD,E01023563,Hertsmere 012F,Suspect charged
46e7afefdb47dbb076db166fd55f2bc2cf055176c07cc66620897a9803484d4d,2021-07,Hertfordshire Constabulary,Hertfordshire Constabulary,-0.169310,51.879649,On or near BROADWATER CRESCENT,E01023766,Stevenage 012D,Offender given a caution
fc1b62be77be342335de94374a126d560f735cb560dae17cb934463e81fed5d7,2021-07,Hertfordshire Constabulary,Hertfordshire Constabulary,-0.335951,51.715091,On or near HYDE LANE,E01023720,St Albans 019C,Unable to prosecute suspect
9ed5765c0734f98f580da6485226990eec51a9421b139cfc87c1880108f357e5,2021-07,Hertfordshire Constabulary,Hertfordshire Constabulary,-0.399807,51.696546,On or near THE BROW,E01023904,Watford 001A,Unable to prosecute suspect
0087c716917848690acd62da93d5f4ebc5f1a18f6516b1661d6fdec7547a3cbd,2021-07,Hertfordshire Constabulary,Hertfordshire Constabulary,-0.208910,51.969674,On or near Pedestrian Subway,E01023640,North Hertfordshire 009B,Unable to prosecute suspect
ee29bc97413db0e3f0101c42ce8255f95c69ff15cae187eb9d3d0016b88eea3f,2021-07,Hertfordshire Constabulary,Hertfordshire Constabulary,-0.208571,51.808623,On or near MANDEVILLE RISE,E01023959,Welwyn Hatfield 003A,Unable to prosecute suspect
f17f0e959650119696c0c0ff9676b3b3f431a2eca972921d609a1a35f427739a,2021-07,Hertfordshire Constabulary,Hertfordshire Constabulary,-0.355543,51.640256,On or near FAIR CLOSE,E01023558,Hertsmere 012A,Investigation complete; no suspect identified
9873fa16165074a7fe9cbc0fa7720bbf057de02b343bdc3d31af247a63a0ec47,2021-07,Hertfordshire Constabulary,Hertfordshire Constabulary,-0.466112,51.639037,On or near Parking Area,E01023851,Three Rivers 004D,Unable to prosecute suspect
adc7f37550fa385b5283d0052f48e0b16fee17997b4c91d31f4775073381ecd8,2021-07,Hertfordshire Constabulary,Hertfordshire Constabulary,-0.338894,51.748160,On or near BARDWELL ROAD,E01023727,St Albans 012B,Unable to prosecute suspect
bbedd1998dfe44752a932fb40b320b416637577d1067ccaf1137f075fc73661a,2021-07,Hertfordshire Constabulary,Hertfordshire Constabulary,-0.468815,51.746624,On or near SIMMONDS RISE,E01023388,Dacorum 019C,Offender given a caution
174a2d3e118da96966febf1cb4b72091adaf1718b589945d4ef762139fff416d,2021-07,Hertfordshire Constabulary,Hertfordshire Constabulary,-0.342494,51.810057,On or near ROWAN WAY,E01023703,St Albans 003E,Investigation complete; no suspect identified
a557c87e562fc4f833cc8b02369fddff47666a1046f5f7e3b27ecdb96d07a2fe,2021-07,Hertfordshire Constabulary,Hertfordshire Constabulary,-0.537260,51.725079,On or near THE BOURNE,E01023373,Dacorum 021A,Unable to prosecute suspect
1d56967e7f2224b62679c084afc6f2a56fdcf9096c531475cee3c4c8c2e59766,2021-07,Hertfordshire Constabulary,Hertfordshire Constabulary,-0.177045,51.919019,On or near Pedestrian Subway,E01023774,Stevenage 003D,Unable to prosecute suspect
f4710f55b2936fa2fbe13e379ec95e3cbb30ba4558d9ac71ebc577294d2daaca,2021-07,Hertfordshire Constabulary,Hertfordshire Constabulary,-0.190102,51.915435,On or near Pedestrian Subway,E01023782,Stevenage 006E,Suspect charged
2c37ea3aac1aa85917ce54c56273c3b0db0969cd21094ebc22cf69f2a05864f6,2021-07,Hertfordshire Constabulary,Hertfordshire Constabulary,-0.265253,51.659423,On or near Police Station,E01023541,Hertsmere 011C,Local resolution
ae5ec59be0bfc7ea5e743996c47441440dcadc14a149e94d18f09d12eaec204c,2021-07,Hertfordshire Constabulary,Hertfordshire Constabulary,-0.210254,51.815213,On or near CORN MEAD,E01023962,Welwyn Hatfield 003D,Unable to prosecute suspect
c4852eda63f74bbae61d4d4d4170037989fdab0393c62c078b91d54d3c3d75f8,2021-07,Hertfordshire Constabulary,Hertfordshire Constabulary,-0.439928,51.750506,On or near RITCROFT CLOSE,E01023411,Dacorum 017C,Investigation complete; no suspect identified
2ea84b4e632fe39786c2932b5df2198c0da274c5457cae26e964f669195c0ab6,2021-07,Hertfordshire Constabulary,Hertfordshire Constabulary,-0.340100,51.734617,On or near REMUS CLOSE,E01023739,St Albans 017C,Suspect charged
bc70a90f1aac8ff525711f45fbe3756283c4a6da2e6e351d120c93ba3ba356be,2021-07,Hertfordshire Constabulary,Hertfordshire Constabulary,-0.454568,51.738804,On or near BARNFIELD,E01023359,Dacorum 020C,Unable to prosecute suspect
219d839dcd59855fee2af37ea6313abfc3a6ccfc423937b92720128f4492f206,2021-07,Hertfordshire Constabulary,Hertfordshire Constabulary,-0.434735,51.778753,On or near BERKELEY SQUARE,E01023437,Dacorum 005D,Unable to prosecute suspect
29131db1f48c32a6b94736ababd514253c3e3934e346c4b47bc33dfb1ec5f046,2021-07,Hertfordshire Constabulary,Hertfordshire Constabulary,-0.186161,51.982157,On or near HILLCREST,E01023593,North Hertfordshire 004G,Unable to prosecute suspect
c987fb42f95afb62dc876788304497c17d34a22466a24b5b6ea2a0eece79b210,2021-07,Hertfordshire Constabulary,Hertfordshire Constabulary,-0.288935,51.639466,On or near EDGWAREBURY LANE,E01023566,Hertsmere 010D,Unable to prosecute suspect
1021191c91079b8a03030b02e7cb3436f72ccca8809202390d928fc918057797,2021-07,Hertfordshire Constabulary,Hertfordshire Constabulary,-0.374593,51.651914,On or near HEATHFIELD ROAD,E01023559,Hertsmere 012B,Suspect charged
e786c9e20ff062b0e14c6320c7988708425f401d20bd735512a00c08b21bd7fa,2021-07,Hertfordshire Constabulary,Hertfordshire Constabulary,-0.041675,51.690789,On or near Park/Open Space,E01023332,Broxbourne 012A,Unable to prosecute suspect
9306992f1e708deaf65a79a9a3f98b2a4ab86a24a4150c3852ab371294b51312,2021-07,Hertfordshire Constabulary,Hertfordshire Constabulary,0.154734,51.869286,On or near HURST CLOSE,E01023455,East Hertfordshire 003D,Unable to prosecute suspect
706c2fb3769bf2cb6e2ee6db55911467256eb18157084383b94a074ba85414c7,2021-07,Hertfordshire Constabulary,Hertfordshire Constabulary,-0.268241,51.647408,On or near LULLINGTON GARTH,E01023542,Hertsmere 011D,Unable to prosecute suspect
721539d68e5b17330d566662907928cf46eca2301f954265e5b04eba0eaa5608,2021-07,Hertfordshire Constabulary,Hertfordshire Constabulary,-0.006792,52.049844,On or near Sports/Recreation Area,E01023658,North Hertfordshire 002E,Unable to prosecute suspect
a800372a3f4673b1239728c5f45c197c0438ae631e23ad2f60e10d6e369d6539,2021-07,Hertfordshire Constabulary,Hertfordshire Constabulary,-0.276743,51.655716,On or near Shopping Area,E01023530,Hertsmere 007B,Unable to prosecute suspect
f2ca4ded25b103073f6e95668a28414f8d9f03bc2ac1b56991839f32ad632f56,2021-07,Hertfordshire Constabulary,Hertfordshire Constabulary,-0.469545,51.756336,On or near BROAD STREET,E01023400,Dacorum 015E,Unable to prosecute suspect
14a5afbc2ba0114bf045165457e24c5a9ca4088d7c89c8b6873c42cc96f823a1,2021-07,Hertfordshire Constabulary,Hertfordshire Constabulary,-0.434735,51.778753,On or near BERKELEY SQUARE,E01023437,Dacorum 005D,Unable to prosecute suspect
7ecb46a69442c3a5d18ea3992f42851505060c431bb1aa89c148b4420079178e,2021-07,Hertfordshire Constabulary,Hertfordshire Constabulary,-0.034245,51.700970,On or near LYNTON PARADE,E01023300,Broxbourne 010D,Investigation complete; no suspect identified
297dd7fc1ebeb583ceb3b7eeaa8fb5cb9e554a24719a59f65f2decd0e71908a1,2021-07,Hertfordshire Constabulary,Hertfordshire Constabulary,-0.438248,51.771066,On or near Parking Area,E01023346,Dacorum 013B,Unable to prosecute suspect
d828f6edb782cd6595ff06bea188543a09cb4334916a552ea5a616ec17b08751,2021-07,Hertfordshire Constabulary,Hertfordshire Constabulary,-0.312394,51.743619,On or near Supermarket,E01023683,St Albans 016C,Investigation complete; no suspect identified
c8979a48248a589a5c66e4646d23a7659994f2c67e3bd0cf6872d02533367419,2021-07,Hertfordshire Constabulary,Hertfordshire Constabulary,-0.361924,51.644868,On or near KOH-I-NOOR AVENUE,E01023563,Hertsmere 012F,Unable to prosecute suspect
c1a3bfc7fa2a28f716131cd6778f82c3df398355196e20a862b35b139ea6da51,2021-07,Hertfordshire Constabulary,Hertfordshire Constabulary,0.148975,51.806346,On or near KINGSMEAD,E01023503,East Hertfordshire 011E,Investigation complete; no suspect identified
192093f8c1b8f824fa4cb37e65406ce816381d50c5d62c1fbb1d95b7f8f4a225,2021-07,Hertfordshire Constabulary,Hertfordshire Constabulary,-0.380774,51.696294,On or near BRIDGER CLOSE,E01023834,Three Rivers 002E,Suspect charged
5cc92e48c54ed5f1cd466d43e9c6e7526fb6a3d19b10424d691bbf98dd3aecae,2021-07,Hertfordshire Constabulary,Hertfordshire Constabulary,-0.191360,51.702909,On or near THE AVENUE,E01023578,Hertsmere 001C,Unable to prosecute suspect
0f6eb9d5728d174edbc741ef21438b5f71602dc6a9f4c9692c79b9273bcf381f,2021-07,Hertfordshire Constabulary,Hertfordshire Constabulary,-0.502013,51.635831,On or near HOME WAY,E01023835,Three Rivers 009A,Suspect charged
021c28ab078363d3b50bcd60fd8b44b6c9a613701abc6eac9190fd79553e77f5,2021-07,Hertfordshire Constabulary,Hertfordshire Constabulary,-0.282190,51.653899,On or near HOLT CLOSE,E01023565,Hertsmere 010C,Unable to prosecute suspect
82a2599a023cf1ddf9af7d63211461736546a9fe2b0729bacc1afbdbca95cabd,2021-07,Hertfordshire Constabulary,Hertfordshire Constabulary,-0.188557,51.795494,On or near SALISBURY ROAD,E01023958,Welwyn Hatfield 007E,Unable to prosecute suspect
21814d30df050197c783b84909e40f3b484dea6a85a6599c325422d1fbf694fd,2021-07,Hertfordshire Constabulary,Hertfordshire Constabulary,-0.193677,51.811075,On or near BESSEMER ROAD,E01023915,Welwyn Hatfield 004D,Investigation complete; no suspect identified
30c35eef479d712808a020b622856f38b61419de45383d56ba87a24bdb003718,2021-07,Hertfordshire Constabulary,Hertfordshire Constabulary,-0.342282,51.730017,On or near WATLING STREET,E01023718,St Albans 019A,Investigation complete; no suspect identified
fb67eb7a188ad7ab8f9a6242e45ba0c4bc473ed7a0fbd5d1c7bc5f9d8ee6b728,2021-07,Hertfordshire Constabulary,Hertfordshire Constabulary,-0.469545,51.756336,On or near BROAD STREET,E01023400,Dacorum 015E,Unable to prosecute suspect
d3e0b1a81809fa8bc4fc688f9c4d60c6e0a97198a832fd62a9465ade5d1d258f,2021-07,Hertfordshire Constabulary,Hertfordshire Constabulary,-0.269328,51.655688,On or near Supermarket,E01023541,Hertsmere 011C,Suspect charged
41fab6ce188aa1d280378525ef8462b5c49f5bac81172f7b1bc99a28230cd5da,2021-07,Hertfordshire Constabulary,Hertfordshire Constabulary,-0.228835,51.763107,On or near Supermarket,E01023920,Welwyn Hatfield 012A,Unable to prosecute suspect
6e0cce84b640793e1cdf135e8a3893bf878b490c00bf34b6e25c916719f7076f,2021-07,Hertfordshire Constabulary,Hertfordshire Constabulary,-0.331409,51.736238,On or near CLOISTER GARTH,E01023738,St Albans 017B,Unable to prosecute suspect
8951154fc9779d54b48400e51154f550e4490d3137433a543669ee6af8bb35a2,2021-07,Hertfordshire Constabulary,Hertfordshire Constabulary,-0.260502,51.660018,On or near ELSTREE WAY,E01023545,Hertsmere 009B,Suspect charged
c43b699575cba36690a02c0b96e81dcbefc58cd5b6df0ed37099c27c0b3d08c1,2021-07,Hertfordshire Constabulary,Hertfordshire Constabulary,,,No location,,,Unable to prosecute suspect
f71b089db2677c0ecc0033aa62178fc08e193cb4771cf4c4f98917ef85fccb1a,2021-07,Hertfordshire Constabulary,Hertfordshire Constabulary,-0.336758,51.752293,On or near Police Station,E01023727,St Albans 012B,Investigation complete; no suspect identified
82daccc4fb64cd89e18d064915260f48c046c6dd483d283f7402deb74991db65,2021-07,Hertfordshire Constabulary,Hertfordshire Constabulary,-0.411620,51.682733,On or near LEGGATTS CLOSE,E01023871,Watford 004D,Unable to prosecute suspect
25b169611819b0616223433988a27ff97e6ed9b40434ce3928763b4efcf7d060,2021-07,Hertfordshire Constabulary,Hertfordshire Constabulary,-0.025910,51.816903,On or near MUSLEY HILL,E01023519,East Hertfordshire 012E,Investigation complete; no suspect identified
a88796bc072081051c61933b9213535f9938ffb5aa1aff3621ce51f7c0960823,2021-07,Hertfordshire Constabulary,Hertfordshire Constabulary,0.159521,51.870664,On or near POTTER STREET,E01023446,East Hertfordshire 007D,Suspect charged
ae9727523db4f106b2f17682308d1a382f18a6a68156b1c40d23d18890134149,2021-07,Hertfordshire Constabulary,Hertfordshire Constabulary,-0.215411,51.791526,On or near STANBOROUGH GREEN,E01023916,Welwyn Hatfield 006A,Suspect charged
37afebba1b9fab5ed720ce77bc754101a3ea7106cdbb9cde3412d39bc35269fd,2021-07,Hertfordshire Constabulary,Hertfordshire Constabulary,0.133677,51.871244,On or near CROMWELL CLOSE,E01023454,East Hertfordshire 003C,Unable to prosecute suspect
c3d4c10927202d3c12b68035cece62ca7016004efa96ef378b27eefac8130c24,2021-07,Hertfordshire Constabulary,Hertfordshire Constabulary,-0.099768,51.799470,On or near HUTTON CLOSE,E01023487,East Hertfordshire 015A,Unable to prosecute suspect
573935ca2e5c64356a98ead78723ee77d5abeb7cd779a382e8abff8ae4295199,2021-07,Hertfordshire Constabulary,Hertfordshire Constabulary,-0.190304,51.923441,On or near GUILDFORD CLOSE,E01023799,Stevenage 002D,Investigation complete; no suspect identified
928d82f03777794ea9b48eed15f8b9638ce5dbe42dc0a81f8c65a917168b4e26,2021-07,Hertfordshire Constabulary,Hertfordshire Constabulary,-0.396071,51.624550,On or near FERNDOWN ROAD,E01023842,Three Rivers 012B,Suspect charged
a30caf58a305a6e2d1bca825469ad912f681e63d08a5aff1b8838bd42f250059,2021-07,Hertfordshire Constabulary,Hertfordshire Constabulary,-0.392999,51.662023,On or near ORPHANAGE ROAD,E01023895,Watford 005A,Unable to prosecute suspect
643ff2fc26d0d6c9a790b0d48f4c6c8ff2eecc8f943fe4b752a2fd74db087ae9,2021-07,Hertfordshire Constabulary,Hertfordshire Constabulary,-0.275668,51.940584,On or near A602,E01023614,North Hertfordshire 012D,Unable to prosecute suspect
e4e99a7ffdaf47e92233d9e9126b0eacc691345592e519b1ad2e6526f0773d1d,2021-07,Hertfordshire Constabulary,Hertfordshire Constabulary,-0.043279,51.712307,On or near CHADWELL AVENUE,E01023310,Broxbourne 006D,Investigation complete; no suspect identified
45fbb03856642520006d017f60b42096da39770c0dd95aed40146759284495ad,2021-07,Hertfordshire Constabulary,Hertfordshire Constabulary,-0.246508,51.740451,On or near ROESTOCK GARDENS,E01023679,St Albans 015C,Investigation complete; no suspect identified
6dd654661ba796bf9b4951bce455117c0f4997d793cbe042c70b3aeb14c2240c,2021-07,Hertfordshire Constabulary,Hertfordshire Constabulary,-0.469105,51.737204,On or near AVIA CLOSE,E01033023,Dacorum 018H,Suspect charged
a7ae5bc89a6909e8dbde744f1f3b301de6c8c24afb797f15c1b433404dfa99bc,2021-07,Hertfordshire Constabulary,Hertfordshire Constabulary,-0.197256,51.900546,On or near PENN ROAD,E01023758,Stevenage 008D,Suspect charged
53a0b03fcfd07bc324e5582678f4928e0bb65fa04fb12072f539dcf29d96eb66,2021-07,Hertfordshire Constabulary,Hertfordshire Constabulary,-0.192136,51.697580,On or near Parking Area,E01023579,Hertsmere 001D,Unable to prosecute suspect
6f448e0106cd30f636b23a66e6a8eac14b5a581f53cfa06e770e96bd738ed74b,2021-07,Hertfordshire Constabulary,Hertfordshire Constabulary,-0.452800,51.778677,On or near OLD MAPLE,E01023394,Dacorum 007B,Investigation complete; no suspect identified
9126b2857fc1a80ce5d84124c7574261bdcc8a8eddb319320d2b3ecb738dd2d3,2021-07,Hertfordshire Constabulary,Hertfordshire Constabulary,-0.049057,51.701136,On or near PENGELLY CLOSE,E01023296,Broxbourne 011D,Unable to prosecute suspect
9ade5000a6ca6cdb6a8a8e2098ff60bb97a705918bd0a87195d8e2f36dfd3b0d,2021-07,Hertfordshire Constabulary,Hertfordshire Constabulary,-0.203302,51.903480,On or near Supermarket,E01023758,Stevenage 008D,Suspect charged
5363f5d9a30ebed87b28555c212976a6d968a6997089770b980f93b5ac2e10d6,2021-07,Hertfordshire Constabulary,Hertfordshire Constabulary,-0.398009,51.656903,On or near Shopping Area,E01023861,Watford 009C,Investigation complete; no suspect identified
fe3b35d7317d97d0315cc1890c46a94f72819f118c8d953fc78ff4d6d38ad065,2021-07,Hertfordshire Constabulary,Hertfordshire Constabulary,-0.206634,51.907784,On or near Pedestrian Subway,E01023775,Stevenage 006A,Unable to prosecute suspect
14be4d639397f53dc9ba6eff059a4290d426f97925f4f544a2946f574cc39214,2021-07,Hertfordshire Constabulary,Hertfordshire Constabulary,-0.291715,51.947490,On or near CROW FURLONG,E01023615,North Hertfordshire 012E,Investigation complete; no suspect identified
cf4f890967188d2cd890176313d8941f201c66dc838a58eb3f7578844db0d10c,2021-07,Hertfordshire Constabulary,Hertfordshire Constabulary,-0.345679,51.769818,On or near LAWRANCE ROAD,E01023671,St Albans 009C,Further investigation is not in the public interest
83656c216ad9a886a2ad5ea612e932c1532f5af05fbec3ef52ee872e94a6fd39,2021-07,Hertfordshire Constabulary,Hertfordshire Constabulary,-0.235196,51.771314,On or near MANOR ROAD,E01033308,Welwyn Hatfield 010E,Investigation complete; no suspect identified
6d6646310450e51211189d185ac6888fd04c9f51e990f0d141bdcd1f3559577d,2021-07,Hertfordshire Constabulary,Hertfordshire Constabulary,-0.257127,51.663574,On or near PINEWOOD CLOSE,E01023544,Hertsmere 009A,Action to be taken by another organisation
f1521dcade47867b72edea1999aac11650f9e5a96c19f0770b0f97377cf79149,2021-07,Hertfordshire Constabulary,Hertfordshire Constabulary,-0.023850,51.810592,On or near CROSS STREET,E01023512,East Hertfordshire 012A,Unable to prosecute suspect
f493952ddee6904090605a3528eb9aa40482fb0725f9087b0571be8069eb683a,2021-07,Hertfordshire Constabulary,Hertfordshire Constabulary,-0.469545,51.756336,On or near BROAD STREET,E01023400,Dacorum 015E,Unable to prosecute suspect
9078a18f6157eb4605e8b1d3d2692232e6699003ba68e3808eb8a0ce3a320ce3,2021-07,Hertfordshire Constabulary,Hertfordshire Constabulary,-0.469545,51.756336,On or near BROAD STREET,E01023400,Dacorum 015E,Unable to prosecute suspect
d484c656430de158a693b5d5289794078dca6fafba37fdce0ba6b26e1da97856,2021-07,Hertfordshire Constabulary,Hertfordshire Constabulary,-0.353153,51.638406,On or near SPARROWS HERNE,E01023558,Hertsmere 012A,Unable to prosecute suspect
f2b7eb35c21d6b70adab12660ca23fc5a8cadd04719074d63740bb0c4daa34ea,2021-07,Hertfordshire Constabulary,Hertfordshire Constabulary,0.087353,51.954057,On or near THE CAUSEWAY,E01023462,East Hertfordshire 001A,Suspect charged
2e49b956cc2b8c16846dcf427f9e387afc637db69161b939bc5d90abc555c4a7,2021-07,Hertfordshire Constabulary,Hertfordshire Constabulary,-0.235800,51.747629,On or near WILLOW WAY,E01023934,Welwyn Hatfield 013B,Unable to prosecute suspect
3268fac824f6129a266c43336665b49ab5778404b99ec3e5967cbd60e316277e,2021-07,Hertfordshire Constabulary,Hertfordshire Constabulary,-0.377819,51.646168,On or near BRICK KILN CLOSE,E01023884,Watford 012C,Unable to prosecute suspect
f888e87eb152f3974e5f86eb5a9218ce2e60dc7c8d3e859f24a8ceb802065b6b,2021-07,Hertfordshire Constabulary,Hertfordshire Constabulary,-0.396177,51.669889,On or near SALISBURY ROAD,E01023855,Watford 006A,Unable to prosecute suspect
6237e0d6519d3b3c3860e7b6fe6c27f02ef1c76a3196d665691bd7be6fe76b1c,2021-07,Hertfordshire Constabulary,Hertfordshire Constabulary,-0.387511,51.682188,On or near CEZANNE ROAD,E01023875,Watford 003C,Suspect charged
279bc086476c5bc3a7132d65db5afd44c3a869840b28a877354559efbc80e738,2021-07,Hertfordshire Constabulary,Hertfordshire Constabulary,-0.211912,51.924230,On or near Hospital,E01023800,Stevenage 002E,Unable to prosecute suspect
4935b8236bcd5f2b971f4c03a86ba7ffa630a38b3c49dae21d17a27a9ab47809,2021-07,Hertfordshire Constabulary,Hertfordshire Constabulary,-0.448286,51.648136,On or near Supermarket,E01023819,Three Rivers 006A,Investigation complete; no suspect identified
0f3c2a202d71b59d99da19b035bed1330f241a381e5c3caef3d4bf1dc2b2b16e,2021-07,Hertfordshire Constabulary,Hertfordshire Constabulary,-0.276557,51.655669,On or near KEYSTONE PASSAGE,E01023530,Hertsmere 007B,Suspect charged
c51b143da62a82d7524674ca0d9043213c123e839cd899961e3193dfb0088b62,2021-07,Hertfordshire Constabulary,Hertfordshire Constabulary,0.156203,51.862650,On or near BEECHLANDS,E01023444,East Hertfordshire 007B,Investigation complete; no suspect identified
dcc70fe8036c0b91c9c271beb23ef7ca0613a1b192e1bb37e2b2fdf61df6fa14,2021-07,Hertfordshire Constabulary,Hertfordshire Constabulary,-0.161711,51.903890,On or near MAGELLAN CLOSE,E01023760,Stevenage 007B,Investigation complete; no suspect identified
48ae51f6a1d6b9f40ce420ec23547be09a26d081a5ef1dd56c0a8f14953ac17c,2021-07,Hertfordshire Constabulary,Hertfordshire Constabulary,-0.196920,51.905298,On or near Pedestrian Subway,E01023758,Stevenage 008D,Unable to prosecute suspect
cca5f3bae58c5eb1a85cd5bbcde4eee7301714e26655de91968b4d2f6121b392,2021-07,Hertfordshire Constabulary,Hertfordshire Constabulary,-0.083799,51.796423,On or near NEAL COURT,E01023470,East Hertfordshire 014A,Unable to prosecute suspect
a08e57a65d4436bd1afc3d1751555380ed396c5415456ae2a0b73db576d1b024,2021-07,Hertfordshire Constabulary,Hertfordshire Constabulary,-0.471424,51.749149,On or near Shopping Area,E01023398,Dacorum 015D,Investigation complete; no suspect identified
37216ca94e7cf11c89a29dbe2639cda2f661c4705aaafd6b8010c3e1912d30e1,2021-07,Hertfordshire Constabulary,Hertfordshire Constabulary,-0.182853,51.865913,On or near Supermarket,E01023628,North Hertfordshire 015E,Suspect charged
033012b09806e217c7fb0905269fdd96c7335d0dea5890bbd763bf26de8abca6,2021-07,Hertfordshire Constabulary,Hertfordshire Constabulary,-0.204608,51.899535,On or near Police Station,E01023758,Stevenage 008D,Suspect charged
7264d5d941c66f046eec000a154bd23524221c7d818f5b753d2a93ce9d8ef1dd,2021-07,Hertfordshire Constabulary,Hertfordshire Constabulary,-0.196508,51.783036,On or near KENDALL CLOSE,E01023941,Welwyn Hatfield 009C,Investigation complete; no suspect identified
f019f9edf51f43dbb809c833322828e999a53bc18dbbbbe825424ead908ac6a9,2021-07,Hertfordshire Constabulary,Hertfordshire Constabulary,-0.271242,51.939916,On or near CONQUEST CLOSE,E01023614,North Hertfordshire 012D,Investigation complete; no suspect identified
438f58abc22550af8eadb7f1a7d17b9eb6090f78e661131878920d985d1e3424,2021-07,Hertfordshire Constabulary,Hertfordshire Constabulary,-0.394905,51.678450,On or near BUSHEY MILL CRESCENT,E01023896,Watford 005B,Investigation complete; no suspect identified
b30ee195d8f57b2d941ac531c108a09ba89adf4b0ede2b65178dba14440748a2,2021-07,Hertfordshire Constabulary,Hertfordshire Constabulary,-0.487235,51.748544,On or near COWPER ROAD,E01023379,Dacorum 018C,Local resolution
31ebc52d0dfd1114a874fdefa1e1e7b54f8aa4ccbe3b894b42072052cca6963a,2021-07,Hertfordshire Constabulary,Hertfordshire Constabulary,-0.260810,51.662181,On or near RUTHERFORD CLOSE,E01023545,Hertsmere 009B,Unable to prosecute suspect
e8d0c8069272a3c6c985ee0b3fb4275da6ac54545e50f16184b842693a909f3e,2021-07,Hertfordshire Constabulary,Hertfordshire Constabulary,-0.202379,51.902935,On or near Shopping Area,E01023758,Stevenage 008D,Suspect charged
e2707e5aed88ba21ed04e8ca1220347bb0062ebba249855d6de98446c07612ae,2021-07,Hertfordshire Constabulary,Hertfordshire Constabulary,-0.225416,51.915928,On or near HASTINGS CLOSE,E01023797,Stevenage 005C,Unable to prosecute suspect
d5984b0f6574165e2fe1c0206bbdb0d1ae39487457dfd025efaf9533b7e230df,2021-07,Hertfordshire Constabulary,Hertfordshire Constabulary,0.001794,51.767264,On or near FARM LANE,E01023330,Broxbourne 002D,Unable to prosecute suspect
256cae4b891b2ac01d7cbbfc96bab0b7ae56836e14fd47d2d628e3bdadc7c418,2021-07,Hertfordshire Constabulary,Hertfordshire Constabulary,-0.222268,51.984551,On or near NORTON WAY NORTH,E01023633,North Hertfordshire 006D,Investigation complete; no suspect identified
0f4955b6834c26cdc2ffee5eedddc663f16b8296b1c8fcb3fa5cda2e84f72f15,2021-07,Hertfordshire Constabulary,Hertfordshire Constabulary,-0.320946,51.740729,On or near ABBOTS PARK,E01023682,St Albans 016B,Unable to prosecute suspect
1c0440054c650fe3277311e187c82ce8a75d802d6db85ce38b9fc629d14f6c26,2021-07,Hertfordshire Constabulary,Hertfordshire Constabulary,-0.456228,51.713037,On or near FIVE ACRES,E01023408,Dacorum 022C,Unable to prosecute suspect
6ce12dd8d07d9ea4d120b0bd743487d4bfbb0fc12cda8418fac5a9ca28e6b08d,2021-07,Hertfordshire Constabulary,Hertfordshire Constabulary,-0.216156,51.924294,On or near TATES WAY,E01023800,Stevenage 002E,Action to be taken by another organisation
97f67cc3003715e96f6d680d5f50515afaa08d1c4d356410b2cc99cdee0f4e6f,2021-07,Hertfordshire Constabulary,Hertfordshire Constabulary,-0.215343,51.764584,On or near Parking Area,E01023926,Welwyn Hatfield 011C,Suspect charged
91ca01db9a76b0e1eb7fe633c7a9ad1ace352f9bd954bf2a29406f703590f2da,2021-07,Hertfordshire Constabulary,Hertfordshire Constabulary,-0.164530,51.692494,On or near HONEYWOOD CLOSE,E01023574,Hertsmere 003D,Suspect charged
a5c559a99f86116e68e9768d1cd94d93558e8011e70392948e0af3406049a52d,2021-07,Hertfordshire Constabulary,Hertfordshire Constabulary,0.146498,51.858304,On or near Pedestrian Subway,E01023443,East Hertfordshire 007A,Unable to prosecute suspect
7d94ce7e8bc8e15e8b7cad6ffdca41562a074edf4cbc7ec2c113a97616b1dac7,2021-07,Hertfordshire Constabulary,Hertfordshire Constabulary,-0.390789,51.658701,On or near OTTOMAN TERRACE,E01023859,Watford 009A,Unable to prosecute suspect
e0fa4214fafeddde34554715909c3a00f51189386b1297b2457f5b6e5f43dfec,2021-07,Hertfordshire Constabulary,Hertfordshire Constabulary,-0.032214,51.685082,On or near Supermarket,E01023337,Broxbourne 013B,Investigation complete; no suspect identified
6e1951d5586b3c7a480628646a60568e2e5897ca4968cf5ad01a2232b0fd00b3,2021-07,Hertfordshire Constabulary,Hertfordshire Constabulary,0.032328,51.740734,On or near HOE LANE,E01021794,Epping Forest 002D,Suspect charged
f3eff565ddb833da3242883f0beedbecc009704a3e6f89a6ab3402fb51369686,2021-07,Hertfordshire Constabulary,Hertfordshire Constabulary,-0.413116,51.670146,On or near FAIRLAWNS,E01023878,Watford 007A,Investigation complete; no suspect identified
e09ae973b4d3f7ac333cc1680cd1694ec17abfa507f99985a8747607379d5aeb,2021-07,Hertfordshire Constabulary,Hertfordshire Constabulary,-0.403932,51.650446,On or near BANBURY STREET,E01023901,Watford 010C,Suspect charged
22df6cedccdeba06cede19b1971f49570ed527c1141787ea6a637aafd9c811a3,2021-07,Hertfordshire Constabulary,Hertfordshire Constabulary,-0.460593,51.759681,On or near BOHEMIA,E01023403,Dacorum 008C,Unable to prosecute suspect
cb1b4b6ceb208d464034601d0553fbf18ccd090d5394bd793db8d23bfef5eb48,2021-07,Hertfordshire Constabulary,Hertfordshire Constabulary,-0.186716,51.924060,On or near Pedestrian Subway,E01023788,Stevenage 001B,Investigation complete; no suspect identified
44fd6bbf67330c7e0cc57b02ab6619c67115f020c10198c4ae3e050d2c25ad44,2021-07,Hertfordshire Constabulary,Hertfordshire Constabulary,-0.008208,51.760645,On or near Supermarket,E01023320,Broxbourne 003A,Investigation complete; no suspect identified
46c833eccbabcb30c1a109a4387d59fd1bdd9d83089e09dfad4cb39a2de1a8cc,2021-07,Hertfordshire Constabulary,Hertfordshire Constabulary,-0.396503,51.669246,On or near HATFIELD ROAD,E01023855,Watford 006A,Unable to prosecute suspect
76b365865230e008d90fad817f3fe384d175d3a357e48f00fb8e29bd3cc9ce65,2021-07,Hertfordshire Constabulary,Hertfordshire Constabulary,-0.294969,51.769381,On or near BEVERLEY GARDENS,E01023735,St Albans 007C,Unable to prosecute suspect
eef7e9e594880fc112a7682d2e3912d4ce8fc24225b910020a6eea827ecb309a,2021-07,Hertfordshire Constabulary,Hertfordshire Constabulary,-0.313092,51.738477,On or near PARKWAY COURT,E01023683,St Albans 016C,Unable to prosecute suspect
185303f6384450c525cb6f999629dfd60e416a3b6f7d3cdad99dd4da71bdedb7,2021-07,Hertfordshire Constabulary,Hertfordshire Constabulary,-0.237817,51.765040,On or near GOLDSMITH WAY,E01033308,Welwyn Hatfield 010E,Unable to prosecute suspect
caa87720cfea99d92277251ec5f495a107feefdea6998cbe536f7a057ba3d6aa,2021-07,Hertfordshire Constabulary,Hertfordshire Constabulary,-0.188286,51.861554,On or near CHERRY CLOSE,E01023629,North Hertfordshire 015F,Suspect charged
7d4974dd5b2abc4136cfaf3391da2e479343b7b5079fea5cc4da9ff9cc456c09,2021-07,Hertfordshire Constabulary,Hertfordshire Constabulary,-0.188030,51.884902,On or near Parking Area,E01023783,Stevenage 011A,Unable to prosecute suspect
2565b9c937ebb1bd820e65ade6136eb2908e01de8482a4a8c4a8d755e1c791a6,2021-07,Hertfordshire Constabulary,Hertfordshire Constabulary,-0.395758,51.655118,On or near HIGH STREET,E01023862,Watford 009D,Investigation complete; no suspect identified
e682e50da21176d194ab7c83a27d5544e3730eb58b46d1d6caccaeb49440f21e,2021-07,Hertfordshire Constabulary,Hertfordshire Constabulary,-0.249335,51.766984,On or near QUEEN BEE COURT,E01033314,Welwyn Hatfield 010G,Unable to prosecute suspect
0edb8fdf43c6e6d6c87b5a83be44cf5c545e45b026342b94bba13df308a09736,2021-07,Hertfordshire Constabulary,Hertfordshire Constabulary,-0.240992,51.747113,On or near TUDOR CLOSE,E01023934,Welwyn Hatfield 013B,Local resolution
2de2c8378d993ad4f4ba11e431be7d6b49ef32022e70a881390c651e8846beaa,2021-07,Hertfordshire Constabulary,Hertfordshire Constabulary,-0.439700,51.774350,On or near THE MELINGS,E01023434,Dacorum 005A,Unable to prosecute suspect
8c50b7a29b0df14302900cc4cd7122f3b3d5a4c70a6b714e78a1faa0e32738e5,2021-07,Hertfordshire Constabulary,Hertfordshire Constabulary,-0.230362,51.762977,On or near Further/Higher Educational Building,E01023920,Welwyn Hatfield 012A,Investigation complete; no suspect identified
fc19850cb72a8a32fdd19700be6a9ccf5db8f8a06aeca66b792989bfcabc3b7f,2021-07,Hertfordshire Constabulary,Hertfordshire Constabulary,0.022665,51.880345,On or near PAPER MILL LANE,E01023507,East Hertfordshire 006C,Suspect charged
fce81a217bcb4ef1a37d10bb8b4c0996714ea362a7e304c72916150b21f03d80,2021-07,Hertfordshire Constabulary,Hertfordshire Constabulary,-0.377954,51.678838,On or near WIDGEON WAY,E01023874,Watford 003B,Investigation complete; no suspect identified
41f12fa8e68bc5a78e5e32e0cccbc9978eb3fd5f22a97b5afdf8dc99a5ca3c3c,2021-07,Hertfordshire Constabulary,Hertfordshire Constabulary,-0.225427,51.687369,On or near BIGNELLS CORNER,E01023584,Hertsmere 004D,Investigation complete; no suspect identified
1e00a34a5ecf334c43ca52097391343e9775ba9e0fa7c966cbec299c4d0b0ccb,2021-07,Hertfordshire Constabulary,Hertfordshire Constabulary,-0.438974,51.759665,On or near MAYLANDS AVENUE,E01023345,Dacorum 013A,Investigation complete; no suspect identified
1a8e2b5953f271687ade239e1b59c8bd6f6f92d97aa18ca04bafc239cfd99f90,2021-07,Hertfordshire Constabulary,Hertfordshire Constabulary,0.152532,51.863634,On or near WAYTEMORE ROAD,E01023447,East Hertfordshire 007E,Unable to prosecute suspect
96f6bb7e6744ba20ed49ccc0a0aab9cfa8ff618078b9bdc132ccc110946e8a1d,2021-07,Hertfordshire Constabulary,Hertfordshire Constabulary,-0.256742,51.645350,On or near SADDLERS CLOSE,E01023543,Hertsmere 011E,Investigation complete; no suspect identified
1d513f5b260bd26d37025facec5a56904c225ee85a8a423e13e2918a91c48f77,2021-07,Hertfordshire Constabulary,Hertfordshire Constabulary,-0.227035,51.763934,On or near ROBIN HOOD LANE,E01023920,Welwyn Hatfield 012A,Investigation complete; no suspect identified
3dde748b84fc8837e587b18daa4195e71a3813049134428f25d3a881614761b0,2021-07,Hertfordshire Constabulary,Hertfordshire Constabulary,-0.071743,51.795507,On or near GWYNNS WALK,E01023477,East Hertfordshire 017C,Local resolution
ef2bb3e1f02d5794671c3f44146240fda6203407892284ecc188c19886c837d8,2021-07,Hertfordshire Constabulary,Hertfordshire Constabulary,-0.227088,51.763674,On or near Supermarket,E01023920,Welwyn Hatfield 012A,Unable to prosecute suspect
9fd9994271dbd9f4ade5fd7f1018aa1f7bfdf3f8256690f78626d9a334794fe2,2021-07,Hertfordshire Constabulary,Hertfordshire Constabulary,-0.182987,51.854288,On or near LONGMEAD,E01023967,Welwyn Hatfield 001C,Unable to prosecute suspect
786c00e6528f786eb0e9614975fc597c2fbd9042e0a2e6c72202521e2796d15e,2021-07,Hertfordshire Constabulary,Hertfordshire Constabulary,-0.363026,51.732592,On or near HAWTHORN WAY,E01023730,St Albans 020B,Unable to prosecute suspect
4f7683cd112556c5b79037501171dc680cf5378b1b7fc758da1ab356024b5673,2021-07,Hertfordshire Constabulary,Hertfordshire Constabulary,-0.223091,51.763245,On or near FRENCH HORN LANE,E01023924,Welwyn Hatfield 011A,Unable to prosecute suspect
cc8472a098a0ad0096ef25b7a7363aef7d76f567c5204dd288d18705a93114b0,2021-07,Hertfordshire Constabulary,Hertfordshire Constabulary,-0.392278,51.654612,On or near Shopping Area,E01023860,Watford 009B,Investigation complete; no suspect identified
e28b366d55d2fe78160cc696627c184ff1803497ca09518062555da59072101e,2021-07,Hertfordshire Constabulary,Hertfordshire Constabulary,-0.236706,51.743713,On or near REDHALL DRIVE,E01023932,Welwyn Hatfield 013A,Unable to prosecute suspect
92a7111a8e9a4116247287188200048996c5f4132432087fb028c775f6689a39,2021-07,Hertfordshire Constabulary,Hertfordshire Constabulary,-0.234066,51.993747,On or near WESTERN CLOSE,E01023637,North Hertfordshire 003C,Unable to prosecute suspect
21899bc4a9c09ded128172e144df8dd2c9fc33c42d208f6d63cdbbef106666b6,2021-07,Hertfordshire Constabulary,Hertfordshire Constabulary,-0.470142,51.639512,On or near Parking Area,E01023850,Three Rivers 007C,Investigation complete; no suspect identified
637f8f0eeddab56e9137674f321a44990ec507b90b91567cb894ca7f7e9c8430,2021-07,Hertfordshire Constabulary,Hertfordshire Constabulary,-0.469906,51.758921,On or near HEATHER WAY,E01023399,Dacorum 010C,Suspect charged
ddc601944e50b938e014bcc89a89ed86859e56620e03ed2a33be1fc0dacbd973,2021-07,Hertfordshire Constabulary,Hertfordshire Constabulary,-0.384111,51.646452,On or near Parking Area,E01023884,Watford 012C,Unable to prosecute suspect
2ce11c97e1111c0b2c587a020ab43d9e096fb101334bfb14443bc37962320a5b,2021-07,Hertfordshire Constabulary,Hertfordshire Constabulary,-0.216860,51.977338,On or near DAVISON COURT,E01023631,North Hertfordshire 006B,Unable to prosecute suspect
6556013fa215c070ef6cfc97548dd459078ab9b0a1cbee826a5d987b8012fa77,2021-07,Hertfordshire Constabulary,Hertfordshire Constabulary,-0.541887,51.721693,On or near MOLYNEAUX AVENUE,E01023373,Dacorum 021A,Investigation complete; no suspect identified
7549a37884b56606183bf0e4826393a5bf4588c0be497324af3ba11a81289a97,2021-07,Hertfordshire Constabulary,Hertfordshire Constabulary,-0.184271,51.892380,On or near Parking Area,E01023794,Stevenage 010D,Unable to prosecute suspect
ab409f88a143eb95ab22d02a9f2f96a679851d095ead8583bcf01fca35251ff8,2021-07,Hertfordshire Constabulary,Hertfordshire Constabulary,-0.438695,51.774471,On or near MEDWICK MEWS,E01023434,Dacorum 005A,Unable to prosecute suspect
df57874888105b095642bd4b7881ee7c237f35707d30baf767fd5539ad9b2284,2021-07,Hertfordshire Constabulary,Hertfordshire Constabulary,-0.201726,51.722150,On or near Supermarket,E01023908,Welwyn Hatfield 015A,Unable to prosecute suspect
2ce605437c5e0cbe3b7d50ddda611673b2acfe6812d91dd1af37765d200f11fa,2021-07,Hertfordshire Constabulary,Hertfordshire Constabulary,-0.171244,51.795793,On or near FORRESTERS DRIVE,E01023953,Welwyn Hatfield 005D,Investigation complete; no suspect identified
0ed0bb3214f787ca1a31b48c799f07b1049e308d90912a7879f4e6acd577353c,2021-07,Hertfordshire Constabulary,Hertfordshire Constabulary,-0.226235,51.745875,On or near SANDIFIELD,E01023933,Welwyn Hatfield 014A,Suspect charged
5c59988e4105a46ae9bcc4692ea88b828f67db077942a9da6fc705dca9e11fc3,2021-07,Hertfordshire Constabulary,Hertfordshire Constabulary,-0.203206,51.786664,On or near LAWRENCE HALL END,E01023941,Welwyn Hatfield 009C,Investigation complete; no suspect identified
aba3041b75cff02bad2b734d311ddaa15890a6ac69da3aac5d2b7117117f563e,2021-07,Hertfordshire Constabulary,Hertfordshire Constabulary,-0.170960,51.796723,On or near POPPYFIELDS,E01023953,Welwyn Hatfield 005D,Investigation complete; no suspect identified
88955de06933e35ae5d1ce2b942aa5fe98e6879eb6fc3ce60c76f49a233bca1a,2021-07,Hertfordshire Constabulary,Hertfordshire Constabulary,-0.397741,51.661206,On or near ST JOHN'S ROAD,E01023861,Watford 009C,Unable to prosecute suspect
c8ebfb0de4157e54544cf7b7fb4e752f1062a2e83248db723ceefdc67ce7a466,2021-07,Hertfordshire Constabulary,Hertfordshire Constabulary,-0.307773,51.740144,On or near SWALLOW LANE,E01023683,St Albans 016C,Investigation complete; no suspect identified
999bd2142ed20e0d3122936a973ce926ddaa860378be811191441298e0db2532,2021-07,Hertfordshire Constabulary,Hertfordshire Constabulary,-0.418543,51.653836,On or near OBSERVER DRIVE,E01023886,Watford 008A,Unable to prosecute suspect
3768a0d84ddc3f6fa9a575f68178c1d516e2232d5513248376656cd9639843ef,2021-07,Hertfordshire Constabulary,Hertfordshire Constabulary,-0.463359,51.776352,On or near NINIAN ROAD,E01023396,Dacorum 007D,Unable to prosecute suspect
e8f8de8cbc499a33709cd6ba8fa1993e4b4639f7bb628573b9303e3c51494539,2021-07,Hertfordshire Constabulary,Hertfordshire Constabulary,-0.341728,51.634298,On or near HIGH ROAD,E01023550,Hertsmere 013C,Unable to prosecute suspect
fb9513a0f7a8a5cf5eac2396ab2f5dd41e1beaeb415f8f6762df2dcf29cb2c92,2021-07,Hertfordshire Constabulary,Hertfordshire Constabulary,-0.452318,51.738936,On or near DEANSWAY,E01023359,Dacorum 020C,Suspect charged
d5081867cb8f5aabe14a022160f10b758f8e64117d98b68d84ccf5a5a9266176,2021-07,Hertfordshire Constabulary,Hertfordshire Constabulary,-0.339686,51.739602,On or near PEMBERTON CLOSE,E01023737,St Albans 017A,Unable to prosecute suspect
9372e01621239147a31f8703e16d47e25a17f5a25072e1d9808cc32dd001a486,2021-07,Hertfordshire Constabulary,Hertfordshire Constabulary,-0.205363,51.904294,On or near Petrol Station,E01023758,Stevenage 008D,Investigation complete; no suspect identified
880eafebe379dae3bbc917dfa3fa1cd8ebe2cf03ab32db44b89ff19343b5c1e3,2021-07,Hertfordshire Constabulary,Hertfordshire Constabulary,-0.192210,51.700099,On or near MANOR ROAD,E01023578,Hertsmere 001C,Unable to prosecute suspect
3897ac998bfa961568cb7c713cc096dea13c5edc9c05ea8a82b67d599342ff90,2021-07,Hertfordshire Constabulary,Hertfordshire Constabulary,-0.039951,51.784883,On or near OAK TREE CLOSE,E01023480,East Hertfordshire 018C,Offender given a caution
841ab423f965eb10cf7b46e9635d5bb5edafc69c41299b4b720b2eaffe479a00,2021-07,Hertfordshire Constabulary,Hertfordshire Constabulary,-0.473464,51.746649,On or near A414,E01023398,Dacorum 015D,Unable to prosecute suspect
48782c49ac1fff764604d9f616b9fa23f89159c6a50d97a3770014dfbea9a2a6,2021-07,Hertfordshire Constabulary,Hertfordshire Constabulary,-0.475525,51.735795,On or near MANORVILLE ROAD,E01023354,Dacorum 018B,Investigation complete; no suspect identified
9a09c4646273134389e0f12e7182d8dc2173a61975f21084a6ccac9d6d430b49,2021-07,Hertfordshire Constabulary,Hertfordshire Constabulary,-0.340976,51.734818,On or near ASHDALES,E01023739,St Albans 017C,Suspect charged
adafa7577ae8dbdea316ab1e10068c00105aaf24a5c7f01e539462719d15afea,2021-07,Hertfordshire Constabulary,Hertfordshire Constabulary,-0.405868,51.648000,On or near WILLOW LANE,E01023865,Watford 011C,Investigation complete; no suspect identified
5a6b7d7db19b3e518b32c35146e24ee7b2488f3a5d4ad206ba6f25b4d1344bf9,2021-07,Hertfordshire Constabulary,Hertfordshire Constabulary,-0.231630,51.994196,On or near WESTERN WAY,E01023635,North Hertfordshire 003A,Unable to prosecute suspect
18af556280a0272034555063f6e1e3e441b7d3f78dba4db8b0cbfaf6f9112d82,2021-07,Hertfordshire Constabulary,Hertfordshire Constabulary,-0.473757,51.760734,On or near Parking Area,E01023399,Dacorum 010C,Unable to prosecute suspect
0410eb37f6e556b46c60754907be1f34251cef8f97c1264eff27de77501c5c01,2021-07,Hertfordshire Constabulary,Hertfordshire Constabulary,-0.405007,51.700501,On or near ARUNDELL ROAD,E01023833,Three Rivers 002D,Unable to prosecute suspect
5e1e3e09ec7919e944449a871db977967a10ff314a0b6bf19d32c99042952018,2021-07,Hertfordshire Constabulary,Hertfordshire Constabulary,-0.339165,51.753028,On or near WADDINGTON ROAD,E01023727,St Albans 012B,Investigation complete; no suspect identified
a8c34759a5f80583f2490a643376efe34d938823392ffe543951d49c9fe5a95c,2021-07,Hertfordshire Constabulary,Hertfordshire Constabulary,-0.024069,51.709009,On or near FIELDINGS ROAD,E01023304,Broxbourne 008C,Investigation complete; no suspect identified
65a5a3a89da81279fddd6f885f7da30ab5a8cbc4f6db304e18eb0f4f047d34e5,2021-07,Hertfordshire Constabulary,Hertfordshire Constabulary,0.022430,51.907802,On or near HULL LANE,E01023463,East Hertfordshire 003E,Investigation complete; no suspect identified
b652829ff1a79d400c50b85d19b1468e6cd8ddf030b4e832ed33c834c8a58147,2021-07,Hertfordshire Constabulary,Hertfordshire Constabulary,-0.215849,51.925809,On or near Parking Area,E01023800,Stevenage 002E,Unable to prosecute suspect
0a10fbb12889a7f8611944d6fd3cb70ee1413d8bb7dfd64fa005bc8cadc4d227,2021-07,Hertfordshire Constabulary,Hertfordshire Constabulary,-0.179130,51.881843,On or near Parking Area,E01023784,Stevenage 011B,Investigation complete; no suspect identified
817b59164a7d1aa3ec29b37bcd37fecfa1af447d1d7ee49a593d7e02c48194ec,2021-07,Hertfordshire Constabulary,Hertfordshire Constabulary,-0.404472,51.649051,On or near Hospital,E01023902,Watford 010D,Unable to prosecute suspect
e311bea38872d30a7d5720ea1d88a7c48b99d515c83e6fc72c3db7491d6cb7cb,2021-07,Hertfordshire Constabulary,Hertfordshire Constabulary,-0.008800,51.871602,On or near RIGERY LANE,E01023507,East Hertfordshire 006C,Suspect charged
7c59fc7e0c32e55ad527eb3e74777052c38cce383c56b77b707a0ec5278c306b,2021-07,Hertfordshire Constabulary,Hertfordshire Constabulary,-0.017555,51.766585,On or near WATERFALL CLOSE,E01023322,Broxbourne 003C,Investigation complete; no suspect identified
a5532daa7360d0b51e5ca889f6fac872beef536e6bbd32a5fba037697bf01fd1,2021-07,Hertfordshire Constabulary,Hertfordshire Constabulary,-0.015307,52.047587,On or near THE SHIRES,E01023659,North Hertfordshire 002F,Investigation complete; no suspect identified
7bcc7cb6a7a26b28cb50da4612597924c86bba9b6bc53204aefb9f3cb986a6bd,2021-07,Hertfordshire Constabulary,Hertfordshire Constabulary,-0.219337,51.731950,On or near WELHAM MANOR,E01023964,Welwyn Hatfield 014C,Investigation complete; no suspect identified
643cb9bc1bf971ac2d8f1423cdc8836cb46cdc37358e9b52f21ce40d03f6c6df,2021-07,Hertfordshire Constabulary,Hertfordshire Constabulary,-0.045364,51.710948,On or near THE GREEN,E01023310,Broxbourne 006D,Investigation complete; no suspect identified
dea6dc72651da732bd9705b268fcc836976e3edb7844c6aeab8899127745a271,2021-07,Hertfordshire Constabulary,Hertfordshire Constabulary,-0.176966,51.694468,On or near Supermarket,E01023572,Hertsmere 003B,Investigation complete; no suspect identified
d50f64da58badef3a91fc581b14641cd8e795c6937fdc3ac4ae036793b892a1b,2021-07,Hertfordshire Constabulary,Hertfordshire Constabulary,,,No location,,,Investigation complete; no suspect identified
a8fc01d475874da8e33b4fc46fae88320f7a7ef384fbf6bfd069307b7a4e7acf,2021-07,Hertfordshire Constabulary,Hertfordshire Constabulary,-0.290758,51.663618,On or near TUDOR COURT,E01023529,Hertsmere 007A,Unable to prosecute suspect
b6ab394189730ab01a584db11571f3e11d3348c07e798bfdcb9ba3237f5d255f,2021-07,Hertfordshire Constabulary,Hertfordshire Constabulary,-0.182719,51.694629,On or near ST MARY'S COURT,E01023577,Hertsmere 001B,Unable to prosecute suspect
1d0215cbea00f12dbab47910fd13980cf24ce0262a7a6cd7ec7aee1424f170a3,2021-07,Hertfordshire Constabulary,Hertfordshire Constabulary,-0.591965,51.770598,On or near HIGH STREET,E01023417,Dacorum 006D,Suspect charged
1e9b49d8f766aebf4ca82b653c0eee1bba9b2443eb7d46512fea109ef0c3f43e,2021-07,Hertfordshire Constabulary,Hertfordshire Constabulary,-0.336758,51.752293,On or near Police Station,E01023727,St Albans 012B,Investigation complete; no suspect identified
5483c33778e1f5eefc091362c172a1ddf4ccc516e9b15297988a4c902e97effc,2021-07,Hertfordshire Constabulary,Hertfordshire Constabulary,-0.225225,51.749106,On or near ALLEN COURT,E01023936,Welwyn Hatfield 013D,Unable to prosecute suspect
213846144f13b7ee5ad104725e30a784f857ff6ef7e03ba75442cc2d8055789c,2021-07,Hertfordshire Constabulary,Hertfordshire Constabulary,-0.341012,51.760742,On or near CHENE DRIVE,E01023670,St Albans 009B,Unable to prosecute suspect
27f87446853c0cbe7e3ccad34752d94240d665059b234974aa80533b389b4792,2021-07,Hertfordshire Constabulary,Hertfordshire Constabulary,,,No location,,,Unable to prosecute suspect
36aa36cc47db23c5c37a267150854782059bcd20af083ea7313a603fe7be9806,2021-07,Hertfordshire Constabulary,Hertfordshire Constabulary,-0.316332,51.682467,On or near Supermarket,E01023525,Hertsmere 005C,Investigation complete; no suspect identified
6c7aea0b34b055d27be3d69a6662d5dcade0bd0949f8f6071c54beff9a8fddba,2021-07,Hertfordshire Constabulary,Hertfordshire Constabulary,-0.022125,51.737968,On or near Petrol Station,E01023340,Broxbourne 005A,Investigation complete; no suspect identified
69a1dba870b4bfe9bd9498760e457c6f66ec94f16332fe4ca16d67d6a211dbbf,2021-07,Hertfordshire Constabulary,Hertfordshire Constabulary,-0.185923,51.703158,On or near INGLEFIELD,E01023578,Hertsmere 001C,Unable to prosecute suspect
9d840b517769f257f142f5ece609fec7a06907b5739590a484b211e921a9abb5,2021-07,Hertfordshire Constabulary,Hertfordshire Constabulary,-0.221684,51.912859,On or near Supermarket,E01023796,Stevenage 005B,Unable to prosecute suspect
8ecc05101b07b2d8149602b7902666b1e9353f9e6024039704bc9a625db98e32,2021-07,Hertfordshire Constabulary,Hertfordshire Constabulary,-0.177029,51.912590,On or near CABOT CLOSE,E01023769,Stevenage 004C,Investigation complete; no suspect identified
837a320ba76bd007df88d0046e9629b317db351f52571c265778049f6482ec3b,2021-07,Hertfordshire Constabulary,Hertfordshire Constabulary,-0.062724,51.707450,On or near ROSEDALE AVENUE,E01023314,Broxbourne 009A,Unable to prosecute suspect
f4f88ec125544f74007eadd0ee79986a5d8b84135e01eec1ce55833463c213b5,2021-07,Hertfordshire Constabulary,Hertfordshire Constabulary,-0.355834,51.648200,On or near Supermarket,E01023561,Hertsmere 012D,Investigation complete; no suspect identified
0fc0873b55d6ba8d58175baa5653455ec8d22a8a9e809df876e9460a9e3f335f,2021-07,Hertfordshire Constabulary,Hertfordshire Constabulary,-0.320052,51.752721,On or near ST PAUL'S PLACE,E01023674,St Albans 011B,Investigation complete; no suspect identified
4568dfc3b62a815d7ede68068749d118a11d6e73f4ab2ee7a15932811f88960b,2021-07,Hertfordshire Constabulary,Hertfordshire Constabulary,-0.186880,51.888212,On or near Petrol Station,E01023786,Stevenage 011D,Investigation complete; no suspect identified
e3dca469b8dd77b6044901bbea02782912168b2a58b337d5e033cf2119c76487,2021-07,Hertfordshire Constabulary,Hertfordshire Constabulary,-0.460225,51.742376,On or near RISEDALE HILL,E01023389,Dacorum 019D,Offender given a caution
606218edd6c3c161bb67011867abc989bc9fcec1ef3ad7dbe8f8a563f0fe584a,2021-07,Hertfordshire Constabulary,Hertfordshire Constabulary,-0.552633,51.756930,On or near Petrol Station,E01023362,Dacorum 009B,Investigation complete; no suspect identified
5f08d603d864944e809ed99e730d7249f323a982134d4ce544e04124103aadab,2021-07,Hertfordshire Constabulary,Hertfordshire Constabulary,-0.019120,51.735139,On or near CLYFTON CLOSE,E01023340,Broxbourne 005A,Unable to prosecute suspect
ae8ee73a3f1d3ae1745556f11f1af424e3463ca7da2ee0cb8106b64d67891b7f,2021-07,Hertfordshire Constabulary,Hertfordshire Constabulary,-0.298826,51.750815,On or near LONGACRES,E01023664,St Albans 013A,Investigation complete; no suspect identified
9dc587d3845f24e42ed88b9dce895d2b06d534cf97d608e50aae1b76702bc09b,2021-07,Hertfordshire Constabulary,Hertfordshire Constabulary,-0.182403,51.918481,On or near JESSOP ROAD,E01023774,Stevenage 003D,Investigation complete; no suspect identified
372f7cc8a397d30bc9ebd0f1c91f2116db08b888bc4ba2e0a5a5dba6a035cb77,2021-07,Hertfordshire Constabulary,Hertfordshire Constabulary,-0.018794,51.748559,On or near HIGH ROAD,E01023290,Broxbourne 004B,Investigation complete; no suspect identified
290d6e65e11b319cf675b4951c0e6905baf5b866d17614ae527aa2f1ca4823e5,2021-07,Hertfordshire Constabulary,Hertfordshire Constabulary,-0.023939,51.811879,On or near NURSERY GARDENS,E01023512,East Hertfordshire 012A,Unable to prosecute suspect
ae36a79adcba8d474de73ce973829d456a774a5f7955b9d33c3df5c999bbadd3,2021-07,Hertfordshire Constabulary,Hertfordshire Constabulary,-0.218230,51.794311,On or near Sports/Recreation Area,E01023917,Welwyn Hatfield 006B,Unable to prosecute suspect
09035c18fecdd23b0a2351b09ca5644a2f59b994a5a6d3b2bfb51b4082785725,2021-07,Hertfordshire Constabulary,Hertfordshire Constabulary,-0.221065,51.828020,On or near GREEN END,E01023969,Welwyn Hatfield 002C,Unable to prosecute suspect
24af3f2ccfb66c1b64def675da1a0b4d91927261289bad6d8b9cf05b34ad751b,2021-07,Hertfordshire Constabulary,Hertfordshire Constabulary,0.026715,51.824029,On or near SCHOLAR'S HILL,E01023491,East Hertfordshire 009A,Investigation complete; no suspect identified
548ac1a4d1c43dc528d0b7d852e7b6945aa1477fd1cd46cbef67b8a56db387db,2021-07,Hertfordshire Constabulary,Hertfordshire Constabulary,-0.186034,51.888648,On or near Pedestrian Subway,E01023794,Stevenage 010D,Investigation complete; no suspect identified
8ed3ec58d2c8a11594f126601338ada65911f305209baf2b1d1073f91ccb40f7,2021-07,Hertfordshire Constabulary,Hertfordshire Constabulary,-0.015263,51.799683,On or near YEARLING CLOSE,E01023468,East Hertfordshire 018A,Investigation complete; no suspect identified
3d4c3633c570cf09b4191488732bd3d4170be11e0ba7b65086d6b0d29cac68eb,2021-07,Hertfordshire Constabulary,Hertfordshire Constabulary,-0.015915,51.760371,On or near ROSE VALE,E01023320,Broxbourne 003A,Investigation complete; no suspect identified
78da4e4f4030e82a6121bf55a0c35738ad467a74703c00c895098f787bd8f5d8,2021-07,Hertfordshire Constabulary,Hertfordshire Constabulary,-0.225427,51.687369,On or near BIGNELLS CORNER,E01023584,Hertsmere 004D,Investigation complete; no suspect identified
32369c959754ed2b2a796e37203c622f4580242cac9a7be360b9cf367b8f9a6c,2021-07,Hertfordshire Constabulary,Hertfordshire Constabulary,-0.277400,51.947011,On or near Supermarket,E01023616,North Hertfordshire 012F,Unable to prosecute suspect
c16e61d4b79519581175a08df64f2cc2b3afa83aad7e2f59a39f0c0af4ff2b0b,2021-07,Hertfordshire Constabulary,Hertfordshire Constabulary,-0.230389,51.748932,On or near COTSWOLDS,E01023937,Welwyn Hatfield 013E,Unable to prosecute suspect
d36fc4b6e2e7d903701118a5cd272c02e4bcb26642d8e084fc2305d46c21d698,2021-07,Hertfordshire Constabulary,Hertfordshire Constabulary,-0.472742,51.747466,On or near Shopping Area,E01023398,Dacorum 015D,Unable to prosecute suspect
9d45c2c756375143018de132f1ccae44368b94af7f8b337aa02f479e6ba9a9a0,2021-07,Hertfordshire Constabulary,Hertfordshire Constabulary,-0.178955,51.917826,On or near Pedestrian Subway,E01023774,Stevenage 003D,Unable to prosecute suspect
890e5a510e5894c2484d56a2146c7ff54f0c432b00658d59f072a6a3033162ec,2021-07,Hertfordshire Constabulary,Hertfordshire Constabulary,-0.187324,51.991949,On or near STATION ROAD,E01023589,North Hertfordshire 004C,Unable to prosecute suspect
8c26e11f3b6b6329832c9c34320ee9bc890baaad1c7864bfb97f5133ffbac942,2021-07,Hertfordshire Constabulary,Hertfordshire Constabulary,-0.434682,51.747191,On or near CONISTON CLOSE,E01023409,Dacorum 017A,Investigation complete; no suspect identified
1fa81b5291926eb862c6b3c1a79f8d45798dc52e6c714553d0a7ec52f42bd343,2021-07,Hertfordshire Constabulary,Hertfordshire Constabulary,-0.207598,51.911324,On or near BAKER STREET,E01023777,Stevenage 002B,Unable to prosecute suspect
ee723e0b012522901c99a39657ac020f30333bbf87e6ee4506025c9e1ae7f36c,2021-07,Hertfordshire Constabulary,Hertfordshire Constabulary,-0.338390,51.927890,On or near GOSLING AVENUE,E01023653,North Hertfordshire 014F,Local resolution
e75adfa3ffc933be1c459048bd4d616497d79788919ce9c08e6f308b8e1906aa,2021-07,Hertfordshire Constabulary,Hertfordshire Constabulary,0.152780,51.862137,On or near QUEENS CRESCENT,E01023445,East Hertfordshire 007C,Suspect charged
fe11402a859493761ad6260f93a4d049ffc87199331139d147d042b671c7d6ac,2021-07,Hertfordshire Constabulary,Hertfordshire Constabulary,0.154497,51.814464,On or near STATION ROAD,E01023502,East Hertfordshire 011D,Unable to prosecute suspect
90e1d5d1774c69ee4f5b28d61f28d8c5bbb3f6a1b5975c77bded69cf58505a22,2021-07,Hertfordshire Constabulary,Hertfordshire Constabulary,-0.215343,51.764584,On or near Parking Area,E01023926,Welwyn Hatfield 011C,Investigation complete; no suspect identified
053d4ea01e260c93a6cb1e146a9242070c81b83b4de6341a72ddba40e0181d73,2021-07,Hertfordshire Constabulary,Hertfordshire Constabulary,-0.195466,51.904961,On or near INSKIP CRESCENT,E01023758,Stevenage 008D,Investigation complete; no suspect identified
68d9f0dba34b6662dc65a845391df064e2d96d98683b31950e3be3aab54a5b2c,2021-07,Hertfordshire Constabulary,Hertfordshire Constabulary,-0.032779,51.700082,On or near GUINEVERE GARDENS,E01023300,Broxbourne 010D,Suspect charged
7632de117ed6d1f1eb4447fb9148ecd0229b66711d9c478bc1bd1987936511a3,2021-07,Hertfordshire Constabulary,Hertfordshire Constabulary,-0.189783,51.797455,On or near LONGMORE GARDENS,E01023958,Welwyn Hatfield 007E,Investigation complete; no suspect identified
f6e31939099d91027b677298a04945560b037279a100c83ddca4e4dd623d5566,2021-07,Hertfordshire Constabulary,Hertfordshire Constabulary,-0.203302,51.903480,On or near Supermarket,E01023758,Stevenage 008D,Unable to prosecute suspect
fe8d420c5efd0054ea208651b7186d1f8f087f47340f3a94f21b846ce0f40ed1,2021-07,Hertfordshire Constabulary,Hertfordshire Constabulary,-0.395722,51.644292,On or near BLACKWELL DRIVE,E01023883,Watford 012B,Investigation complete; no suspect identified
ea4fda3df5ae13cc53df0402a14ed5497f768a621ddc48da06955bac1865cfca,2021-07,Hertfordshire Constabulary,Hertfordshire Constabulary,-0.392859,51.654117,On or near Shopping Area,E01023860,Watford 009B,Offender given a caution
fbd62223f6fad8079573f9c98dc209c81c4033d60f0c21bdf3766605903c9e7b,2021-07,Hertfordshire Constabulary,Hertfordshire Constabulary,-0.249840,51.952665,On or near SANFOINE CLOSE,E01023620,North Hertfordshire 011D,Unable to prosecute suspect
0081c24caddf13a679b00f6c7064c03878d35bf1b61f621cd531562ec8de5952,2021-07,Hertfordshire Constabulary,Hertfordshire Constabulary,-0.409080,51.643358,On or near CARACTACUS COTTAGE VIEW,E01023865,Watford 011C,Investigation complete; no suspect identified
9fbceff9427b94631effd4e34f9d455ba762b8a14ed060d26b3affa79ef8d9ed,2021-07,Hertfordshire Constabulary,Hertfordshire Constabulary,-0.472093,51.758950,On or near Theatre/Concert Hall,E01023399,Dacorum 010C,Unable to prosecute suspect
53f79e020154c1e8b05c2404e1e56bea011198127fdbe3435748e23e03cbb202,2021-07,Hertfordshire Constabulary,Hertfordshire Constabulary,-0.084099,51.785583,On or near MANDEVILLE CLOSE,E01023475,East Hertfordshire 017A,Unable to prosecute suspect
84ed82a5f22cffc16e9d318241a2180cfa3783a472a19fe9679d15b0c93ee87f,2021-07,Hertfordshire Constabulary,Hertfordshire Constabulary,-0.230946,51.761376,On or near Pedestrian Subway,E01023922,Welwyn Hatfield 012C,Investigation complete; no suspect identified
ea066f77d701cf80fc692d94e3b1a6a87a6b83447915767ed9d81248e14c3273,2021-07,Hertfordshire Constabulary,Hertfordshire Constabulary,-0.396377,51.617936,On or near MORRISTON CLOSE,E01023806,Three Rivers 012A,Unable to prosecute suspect
42a6eeb3e13747644b941c71a0d499892e3d25cab0992c30909cf66398e547db,2021-07,Hertfordshire Constabulary,Hertfordshire Constabulary,-0.407817,51.669922,On or near Further/Higher Educational Building,E01023879,Watford 007B,Unable to prosecute suspect
daefed64afe9a8f0a07d311143502adb7dc6f5e6a5d9c81ea3264c01870b239d,2021-07,Hertfordshire Constabulary,Hertfordshire Constabulary,-0.216912,51.914756,On or near PRESTATYN CLOSE,E01023796,Stevenage 005B,Investigation complete; no suspect identified
a2e06d9b278fa97fe4d2304d449c0747e38d397366172dc27b12af18393fe53a,2021-07,Hertfordshire Constabulary,Hertfordshire Constabulary,-0.109093,51.803658,On or near PERRETT GARDENS,E01023488,East Hertfordshire 015B,Investigation complete; no suspect identified
5f272072032d083031dd64c7a7b7218d26c9c3e93511de2dddc6a81f5f02ead7,2021-07,Hertfordshire Constabulary,Hertfordshire Constabulary,-0.267931,51.755192,On or near Petrol Station,E01023680,St Albans 015D,Investigation complete; no suspect identified
7b97e05f490fb2b09d10723311893d59784119c2eb04ceee1b67010d3540a07a,2021-07,Hertfordshire Constabulary,Hertfordshire Constabulary,-0.347004,51.761717,On or near DORMIE CLOSE,E01023669,St Albans 009A,Investigation complete; no suspect identified
4ebb68dfdddfb49428caf03a25ba1ab75d37a7d36306a2f8ddd4e6cdb0339d31,2021-07,Hertfordshire Constabulary,Hertfordshire Constabulary,-0.321075,51.684863,On or near UPPER STATION ROAD,E01023525,Hertsmere 005C,Investigation complete; no suspect identified
d89c28e36d464042b8ba090a35c386436b5f760c497bd92bddf896b9d3018647,2021-07,Hertfordshire Constabulary,Hertfordshire Constabulary,-0.414551,51.616204,On or near THE MARLINS,E01023840,Three Rivers 011B,Offender given a caution
5794b0c93085fa95fcf1980b72dfa62c7b13566510b1d042748fdf910308dd48,2021-07,Hertfordshire Constabulary,Hertfordshire Constabulary,-0.400207,51.658506,On or near Nightclub,E01023861,Watford 009C,Unable to prosecute suspect
2b67819754afc27244af47708cb2003bde0201d953aa3fdf22a5ce9a49de2310,2021-07,Hertfordshire Constabulary,Hertfordshire Constabulary,-0.161711,51.903890,On or near MAGELLAN CLOSE,E01023760,Stevenage 007B,Investigation complete; no suspect identified
1444eda16928038d4d644d87168ea166f3370acb6668d97b6b3c15c458e2127f,2021-07,Hertfordshire Constabulary,Hertfordshire Constabulary,-0.007648,51.769088,On or near Supermarket,E01023329,Broxbourne 002C,Unable to prosecute suspect
f8949a0663534d4ddf2ed47f6c3d9b7f7809880de66f92ba59eab13517d48a24,2021-07,Hertfordshire Constabulary,Hertfordshire Constabulary,-0.337862,51.631330,On or near BROADFIELD COURT,E01023548,Hertsmere 013A,Investigation complete; no suspect identified
bb6468f4fb72e1a40647d237dcfc504aec2e0bf9f0677834675411dd3ba97a17,2021-07,Hertfordshire Constabulary,Hertfordshire Constabulary,-0.657727,51.794782,On or near STATION ROAD,E01023426,Dacorum 002D,Investigation complete; no suspect identified
8481e78a36c86ef00475e6412fc192cfc0a56cd9d50a0009415fe8f769afb1e5,2021-07,Hertfordshire Constabulary,Hertfordshire Constabulary,-0.473479,51.734609,On or near WEST VALLEY ROAD,E01023354,Dacorum 018B,Investigation complete; no suspect identified
58455fcb39b667ccd3567f7a3213fcb1248c58d7058e54e96963f77d423fd738,2021-07,Hertfordshire Constabulary,Hertfordshire Constabulary,-0.394749,51.621492,On or near MUIRFIELD ROAD,E01023842,Three Rivers 012B,Unable to prosecute suspect
a837b68ea19ab87bea51abd3000e9a97687115e7a198513bff5d5dd7dee9f16d,2021-07,Hertfordshire Constabulary,Hertfordshire Constabulary,-0.403932,51.650446,On or near BANBURY STREET,E01023901,Watford 010C,Unable to prosecute suspect
17d7f003fb5efdb1eda1af636df3bf01955680eb34862f7166f4c4125125cd79,2021-07,Hertfordshire Constabulary,Hertfordshire Constabulary,-0.228835,51.763107,On or near Supermarket,E01023920,Welwyn Hatfield 012A,Investigation complete; no suspect identified
97b3bf663e9c447a32d500fc8607d9b72ca45ffa1d7879b33fa88d6be3fbba4a,2021-07,Hertfordshire Constabulary,Hertfordshire Constabulary,-0.443725,51.778692,On or near PERRY GREEN,E01023436,Dacorum 005C,Unable to prosecute suspect
cb8076805444c7e9e244cc5994e424df4656a878bbd4d7e3dbb34be5ef32a485,2021-07,Hertfordshire Constabulary,Hertfordshire Constabulary,-0.406476,51.669400,On or near GRANGE CLOSE,E01023879,Watford 007B,Investigation complete; no suspect identified
c9035febebe60caa8329aed189112802a2ad94a6f987a8cc1cc6c23b5d3c0073,2021-07,Hertfordshire Constabulary,Hertfordshire Constabulary,-0.236154,51.754153,On or near ROE HILL CLOSE,E01023935,Welwyn Hatfield 013C,Unable to prosecute suspect
0522abbd7802333a025f2c630dc25d020245747de4ee2fccff0eda53807509ec,2021-07,Hertfordshire Constabulary,Hertfordshire Constabulary,-0.415817,51.631688,On or near Petrol Station,E01023827,Three Rivers 008A,Unable to prosecute suspect
1ca0162fbf1c7f14c4c0f1e2dafbf883b51eaed2c5797ba940e56b658db58ff4,2021-07,Hertfordshire Constabulary,Hertfordshire Constabulary,-0.173636,51.698130,On or near Parking Area,E01023572,Hertsmere 003B,Investigation complete; no suspect identified
66d2b55650cb56ab795bf26ce41f26cd9279504a1374e12dd414e7bbc2161bdb,2021-07,Hertfordshire Constabulary,Hertfordshire Constabulary,-0.496679,51.683097,On or near DOWNER DRIVE,E01023854,Three Rivers 003D,Unable to prosecute suspect
c14adedcc0a2e9c0944e522d307d78e8f6d184aa9d115b0f5070b5c272bbad42,2021-07,Hertfordshire Constabulary,Hertfordshire Constabulary,-0.040651,51.686024,On or near BROADLANDS CLOSE,E01023339,Broxbourne 013D,Unable to prosecute suspect
2ffc571bfcebba61fd21bc860c21c99cac5893efc62e973f244c9b12114a44e4,2021-07,Hertfordshire Constabulary,Hertfordshire Constabulary,-0.026681,51.688901,On or near EASTERN AVENUE,E01023336,Broxbourne 013A,Unable to prosecute suspect
96cb5d3f8a85cf2c9aac2ee005df34e57c68756fdb963eeba38560d759554ee5,2021-07,Hertfordshire Constabulary,Hertfordshire Constabulary,-0.166898,51.900743,On or near MARLBOROUGH ROAD,E01023760,Stevenage 007B,Investigation complete; no suspect identified
cdfdc67d7b39bb4288ed4dcfc26ad8a0fd794e0c2eb8346b7d8a2e46f2e309a8,2021-07,Hertfordshire Constabulary,Hertfordshire Constabulary,-0.342748,51.740634,On or near HUDSON CLOSE,E01023737,St Albans 017A,Investigation complete; no suspect identified
468f6438b456ba3a70b7d86ab4f841ffaf83c5e200d53f7b2ddd5c508baa2d2d,2021-07,Hertfordshire Constabulary,Hertfordshire Constabulary,-0.222025,51.978190,On or near HILLSHOTT,E01023631,North Hertfordshire 006B,Unable to prosecute suspect
a76bb9991d3b2445f64dbbfdd4287a4ba53ad232bc8d8bf6c6f9f7bdcb45ed35,2021-07,Hertfordshire Constabulary,Hertfordshire Constabulary,-0.338882,51.815986,On or near COURTFIELDS,E01023685,St Albans 002A,Unable to prosecute suspect
d057f390218b75242336332b31ba5de3b67441a45778bfba15c1dea9b4e5f848,2021-07,Hertfordshire Constabulary,Hertfordshire Constabulary,-0.240381,51.761347,On or near Shopping Area,E01023921,Welwyn Hatfield 012B,Investigation complete; no suspect identified
a66b48f80793594869c743ad10e2ba96f2267c47d4723973aa5953b1ccbfd762,2021-07,Hertfordshire Constabulary,Hertfordshire Constabulary,-0.043072,51.700659,On or near FARM CLOSE,E01023334,Broxbourne 012C,Investigation complete; no suspect identified
4d3eb68bb6d8dc2cab63177203cd84d1d1d13f2fc123c4a50b248a187d8d469b,2021-07,Hertfordshire Constabulary,Hertfordshire Constabulary,-0.303958,51.781291,On or near CHURCH END,E01023736,St Albans 007D,Formal action is not in the public interest
d97720c2fb2af8d4a43ccea7f6cba8bd30bf827a453004a9808d2d4f24162365,2021-07,Hertfordshire Constabulary,Hertfordshire Constabulary,-0.481733,51.746297,On or near BISHOPS MEAD,E01023382,Dacorum 018F,Suspect charged
8680865650bde02e01b92425a63100a74c99c06f2e88bb3a91b3b18aeb683320,2021-07,Hertfordshire Constabulary,Hertfordshire Constabulary,-0.386027,51.695458,On or near LYCH GATE,E01023905,Watford 001B,Unable to prosecute suspect
d839330fc4c8b52a3ee776ceeae803dcdf32f19d1763a90b75d0556d745bdd49,2021-07,Hertfordshire Constabulary,Hertfordshire Constabulary,-0.063172,51.708833,On or near CONIFER CLOSE,E01023314,Broxbourne 009A,Unable to prosecute suspect
bdbe38f843acce0f2c0da27055302088ebecf15330d43227387fa4a4a7f90b6b,2021-07,Hertfordshire Constabulary,Hertfordshire Constabulary,-0.458474,51.733828,On or near DICKINSON QUAY,E01033022,Dacorum 018G,Suspect charged
c67c10ea3bfb8a20fe8e20949754d15785b677ae905fe3184d8b83a21383d083,2021-07,Hertfordshire Constabulary,Hertfordshire Constabulary,-0.398279,51.643895,On or near CROSSMEAD,E01023883,Watford 012B,Investigation complete; no suspect identified
d4207228486c102198852bd32d5a68065a40c2bdac56ac686fcb517b934a2ae6,2021-07,Hertfordshire Constabulary,Hertfordshire Constabulary,-0.659769,51.790480,On or near CARPENTERS YARD,E01023426,Dacorum 002D,Further investigation is not in the public interest
3025976905e58dee2fc2612d1180fdc9fc3fb26d6f563bad34a0d95b05a723ba,2021-07,Hertfordshire Constabulary,Hertfordshire Constabulary,-0.355834,51.648200,On or near Supermarket,E01023561,Hertsmere 012D,Investigation complete; no suspect identified
0d845dd2161efa144c26cc34078e768257945e3eb9628f914f22d641dc813aa8,2021-07,Hertfordshire Constabulary,Hertfordshire Constabulary,-0.207309,51.908361,On or near TOWNSEND MEWS,E01023775,Stevenage 006A,Unable to prosecute suspect
e535e3a1278d9be1e383cdb5030578e9566a0945e327d17fec1083b15803a90b,2021-07,Hertfordshire Constabulary,Hertfordshire Constabulary,-0.086546,51.810334,On or near DESBOROUGH CLOSE,E01023473,East Hertfordshire 014D,Investigation complete; no suspect identified
ca8e4ef1b407aad9ed99243ec80e8ceabebaff85322481e75fa0d649109a1660,2021-07,Hertfordshire Constabulary,Hertfordshire Constabulary,-0.197230,51.912082,On or near LONGCROFT ROAD,E01023778,Stevenage 002C,Investigation complete; no suspect identified
b676da534d1a43c72f49a367a09d591f96e45942838066cf668a23d7f15e26af,2021-07,Hertfordshire Constabulary,Hertfordshire Constabulary,-0.406864,51.645154,On or near STRIPLING WAY,E01023865,Watford 011C,Investigation complete; no suspect identified
a0a7b34f459d741c3e7a2047130340866295ff8a5cdc65c75127c347c9a43582,2021-07,Hertfordshire Constabulary,Hertfordshire Constabulary,0.134443,51.874854,On or near Petrol Station,E01023454,East Hertfordshire 003C,Investigation complete; no suspect identified
a0b5803e8925c21188b98afb768d80e15ec36fc968bacfda4270b783f97f1849,2021-07,Hertfordshire Constabulary,Hertfordshire Constabulary,-0.104545,51.804538,On or near Pedestrian Subway,E01023488,East Hertfordshire 015B,Unable to prosecute suspect
b9a2147c1ec0a319f628917306a89086ce5d344ccb098b00ab35d37c6ac92985,2021-07,Hertfordshire Constabulary,Hertfordshire Constabulary,-0.452318,51.738936,On or near DEANSWAY,E01023359,Dacorum 020C,Unable to prosecute suspect
0e7d684d9ffd59f53ee7f083671d601621a6d90de7adf271279ce21d259a4b04,2021-07,Hertfordshire Constabulary,Hertfordshire Constabulary,-0.356530,51.642536,On or near WHEELRIGHT CLOSE,E01023557,Hertsmere 013F,Investigation complete; no suspect identified
b7c9b157b6223861dacf1a18eec8280865f05ba8736ecb4b652d7d6645d749f0,2021-07,Hertfordshire Constabulary,Hertfordshire Constabulary,-0.018609,51.684889,On or near QUEEN'S DRIVE,E01023338,Broxbourne 013C,Suspect charged
ba5babe8578653fb536fe254abafc867324b86ff3f5b7f93beac186cebb48c10,2021-07,Hertfordshire Constabulary,Hertfordshire Constabulary,0.160994,51.869864,On or near RIVERSIDE,E01023449,East Hertfordshire 004A,Suspect charged
cf7a7cbfec717f2d8bff2d4ed4851f83e8a03b3c56ce2065fc228be5737ba8ce,2021-07,Hertfordshire Constabulary,Hertfordshire Constabulary,-0.339818,51.742724,On or near Supermarket,E01023737,St Albans 017A,Unable to prosecute suspect
f5cf3c07a9a40846a20644fe94ea0d91e1dd6c163843763b4687e447faf68e75,2021-07,Hertfordshire Constabulary,Hertfordshire Constabulary,-0.195190,51.791712,On or near Supermarket,E01023957,Welwyn Hatfield 007D,Unable to prosecute suspect
c328bd7a78bfe5c79ad05f87563c72f1ba5a58eacbf33cb06ec5e950f3e3c4e6,2021-07,Hertfordshire Constabulary,Hertfordshire Constabulary,-0.202131,51.783797,On or near DRYCROFT,E01023941,Welwyn Hatfield 009C,Suspect charged
02d448862aa21ae6beba2f474458822a5cc6326d31172bc86794c5d9754c6e48,2021-07,Hertfordshire Constabulary,Hertfordshire Constabulary,-0.469545,51.756336,On or near BROAD STREET,E01023400,Dacorum 015E,Unable to prosecute suspect
cbc3de20fa91cc8367a90bdafe3f69fc51dcad66e3e967d5d227fffc74525e8a,2021-07,Hertfordshire Constabulary,Hertfordshire Constabulary,-0.461098,51.766117,On or near TEESDALE,E01023405,Dacorum 008E,Investigation complete; no suspect identified
3a3893827118d4d6c90aa6bf62f30b35679d1b05ac0ff4f261df116026e878b6,2021-07,Hertfordshire Constabulary,Hertfordshire Constabulary,-0.147627,51.704278,On or near CHURCH LANE,E01023947,Welwyn Hatfield 016A,Unable to prosecute suspect
7b9ffe4ec2ee4a5bc8b6b0daf82a082ececb75ce7e8c47876f735362a26be3c9,2021-07,Hertfordshire Constabulary,Hertfordshire Constabulary,-0.260865,51.747535,On or near Sports/Recreation Area,E01023680,St Albans 015D,Investigation complete; no suspect identified
28f368fe872a2a849e44e255da4dbe912e684d61448ff385a3a58094ebe78db3,2021-07,Hertfordshire Constabulary,Hertfordshire Constabulary,-0.155816,52.039512,On or near THE RICKYARD,E01023586,North Hertfordshire 005B,Suspect charged
6877bfaa76846f3e06db3ea6648ba18cc5d777c4c2d16a119f764755b02fd52d,2021-07,Hertfordshire Constabulary,Hertfordshire Constabulary,-0.156562,51.852096,On or near NUTCROFT,E01023467,East Hertfordshire 002A,Investigation complete; no suspect identified
51797c8c53bacfd95167b315d25b5aa0686fcb972fc2511fed2d3d44b901f68e,2021-07,Hertfordshire Constabulary,Hertfordshire Constabulary,-0.081319,51.716783,On or near CROUCH LANE,E01023311,Broxbourne 007A,Investigation complete; no suspect identified
df4d3cd3e399f080a97aa43e4c7cf9ac91001065a7e7dbc1a8ec9e43ba521c47,2021-07,Hertfordshire Constabulary,Hertfordshire Constabulary,-0.272329,51.662683,On or near BROUGHINGE ROAD,E01023538,Hertsmere 006E,Investigation complete; no suspect identified
2212e2ef562a6338e47835860ac1c12e93e5be453ad6ad89223637c5fa4034c6,2021-07,Hertfordshire Constabulary,Hertfordshire Constabulary,-0.339836,51.751707,On or near MARKET PLACE,E01023727,St Albans 012B,Unable to prosecute suspect
9caebac28e96a3a9d96c5c878930b9ace17c379f290e84578c2e8334cecb49b2,2021-07,Hertfordshire Constabulary,Hertfordshire Constabulary,-0.176966,51.694468,On or near Supermarket,E01023572,Hertsmere 003B,Investigation complete; no suspect identified
81e256dcbc825185973be1b48e5c798d4f5f36904aa15bd3542980870066b3a2,2021-07,Hertfordshire Constabulary,Hertfordshire Constabulary,-0.010139,51.761874,On or near BELL LANE,E01023323,Broxbourne 003D,Unable to prosecute suspect
1a4d2e98ef3cb9e852f1429d689f6872b43c646518cd64a570c4ab9bb18e004a,2021-07,Hertfordshire Constabulary,Hertfordshire Constabulary,-0.386570,51.627675,On or near Petrol Station,E01023805,Three Rivers 010A,Unable to prosecute suspect
1c4325764c24cd5db0602f7df2d26cce5299b9ace350957783bc78803faf7831,2021-07,Hertfordshire Constabulary,Hertfordshire Constabulary,-0.205586,51.803425,On or near Pedestrian Subway,E01023918,Welwyn Hatfield 006C,Investigation complete; no suspect identified
396a30c5ba2eb52d1fb1ea9291d259e0d095403487b75c39b276512abc2229bb,2021-07,Hertfordshire Constabulary,Hertfordshire Constabulary,-0.034575,51.692370,On or near THEOBALD'S GROVE,E01023332,Broxbourne 012A,Unable to prosecute suspect
e3c8adf0d5afc2b88a0624b8144cfdc3dd92d67c9162bb944d660b419af0f49b,2021-07,Hertfordshire Constabulary,Hertfordshire Constabulary,-0.017974,52.009704,On or near BRICKYARD LANE,E01023598,North Hertfordshire 005D,Suspect charged
89ca92462b1aac19532d7eda108b9bc7aa5c6a27d96616ad455829dcaf898aab,2021-07,Hertfordshire Constabulary,Hertfordshire Constabulary,-0.032211,51.686494,On or near Supermarket,E01023337,Broxbourne 013B,Investigation complete; no suspect identified
72110273d9d79df51ac71880cfd5a5aa061ee4d376f1180f018c87c7b2813d28,2021-07,Hertfordshire Constabulary,Hertfordshire Constabulary,-0.015622,51.688346,On or near Parking Area,E01023338,Broxbourne 013C,Investigation complete; no suspect identified
942f5b34f668510ef058877c38eeea03475d6fc901621d95d57bdd4618b12a02,2021-07,Hertfordshire Constabulary,Hertfordshire Constabulary,-0.379769,51.685939,On or near TIBBLES CLOSE,E01023873,Watford 003A,Unable to prosecute suspect
e3339f84faf509df6553a78d58a5bae828af7339ab3d1320bb27592b5da98fce,2021-07,Hertfordshire Constabulary,Hertfordshire Constabulary,-0.435342,51.653827,On or near WARWICK WAY,E01023824,Three Rivers 003B,Local resolution
f9e4cffcef7f95f08e40dc05912cdb8c7fe84286904a5ec5d2e22b6e5002c9cc,2021-07,Hertfordshire Constabulary,Hertfordshire Constabulary,,,No location,,,Investigation complete; no suspect identified
b3f0f394860664691396439ba982c438d651e07f4424023b0f0c08d69a60f26b,2021-07,Hertfordshire Constabulary,Hertfordshire Constabulary,-0.191948,51.699043,On or near Parking Area,E01023578,Hertsmere 001C,Investigation complete; no suspect identified
8458ee6ce9ae4a2f0e9b05733cb75ae218b8aec10d1c17f806fce2fb48cdfe36,2021-07,Hertfordshire Constabulary,Hertfordshire Constabulary,-0.230362,51.762977,On or near Further/Higher Educational Building,E01023920,Welwyn Hatfield 012A,Investigation complete; no suspect identified
d877a8548c5310dca45bbc32fc4d525d5b729e2a7bdd14aba72d8c6d371b7871,2021-07,Hertfordshire Constabulary,Hertfordshire Constabulary,-0.189783,51.797455,On or near LONGMORE GARDENS,E01023958,Welwyn Hatfield 007E,Unable to prosecute suspect
f2571bf504e130782e1a2f12d2231578d7ec76ef5810ce3165c62998c52fd842,2021-07,Hertfordshire Constabulary,Hertfordshire Constabulary,-0.402521,51.654383,On or near ADDISCOMBE ROAD,E01023899,Watford 010A,Investigation complete; no suspect identified
da0461d28070b034c468f14a2abd2d0c597ffdb49e6c08d632b3c13108a44b9a,2021-07,Hertfordshire Constabulary,Hertfordshire Constabulary,-0.026715,51.687769,On or near RAILWAY ROAD,E01023336,Broxbourne 013A,Unable to prosecute suspect
638834307e98829ee03c1eb8637a8f956807d1c2e8a9de119aa77f16238cc5ce,2021-07,Hertfordshire Constabulary,Hertfordshire Constabulary,-0.198592,51.892951,On or near Shopping Area,E01023786,Stevenage 011D,Formal action is not in the public interest
99ff418d863011cefec5564bd7ab70b07b8ce28c20183a308a355fa31dbfa0c4,2021-07,Hertfordshire Constabulary,Hertfordshire Constabulary,-0.464004,51.774004,On or near PENROSE COURT,E01023397,Dacorum 007E,Suspect charged
4e8556ea46d0ae51c9ecd825291764d2be49eb4bb0e6dd53af2bf5cb636721db,2021-07,Hertfordshire Constabulary,Hertfordshire Constabulary,-0.182785,51.903624,On or near Sports/Recreation Area,E01023756,Stevenage 008B,Investigation complete; no suspect identified
ed35dc4849c8d4e65da49b14441370ab76e580f95da006e1a51d8e3e7e0cfd5c,2021-07,Hertfordshire Constabulary,Hertfordshire Constabulary,-0.343938,51.899240,On or near STONY LANE,E01023624,North Hertfordshire 014D,Investigation complete; no suspect identified
f2b19f81def81b02a588de166fac15ac829b77433ab5059355cc0a2768a04a6e,2021-07,Hertfordshire Constabulary,Hertfordshire Constabulary,-0.400166,51.656797,On or near WILMINGTON CLOSE,E01023861,Watford 009C,Suspect charged
c7eb07fa691cb8e0f1cc58a1fa09b43a999deca9fee4efeefbcc00b069e72fbd,2021-07,Hertfordshire Constabulary,Hertfordshire Constabulary,-0.469906,51.758921,On or near HEATHER WAY,E01023399,Dacorum 010C,Unable to prosecute suspect
a5bbe166009c98118f2f2d318622f8c09f673b7cc1542fde7daf6f59c82785bb,2021-07,Hertfordshire Constabulary,Hertfordshire Constabulary,-0.387511,51.682188,On or near CEZANNE ROAD,E01023875,Watford 003C,Investigation complete; no suspect identified
dd292238f83151491adf67d0537b006e4e63279cc267bc80b6b2c45f8afdbad3,2021-07,Hertfordshire Constabulary,Hertfordshire Constabulary,-0.029983,52.061069,On or near A505,E01023656,North Hertfordshire 002C,Investigation complete; no suspect identified
35bf249909971ae19897233943876f9b09816fc6062a0537fc929c82368f5d24,2021-07,Hertfordshire Constabulary,Hertfordshire Constabulary,-0.209397,51.989957,On or near KRISTIANSAND WAY,E01023632,North Hertfordshire 006C,Unable to prosecute suspect
d31bd69dff1e02421a32e3e73eabdc50c5f9aa0500802b6fc4e2fbf7a1fe7abd,2021-07,Hertfordshire Constabulary,Hertfordshire Constabulary,-0.394722,51.673808,On or near WINDSOR ROAD,E01023858,Watford 006D,Further investigation is not in the public interest
266fc90975103ddbf6da7b7a5ad10ba7525d59488a2b453d601a6d78043a884e,2021-07,Hertfordshire Constabulary,Hertfordshire Constabulary,-0.383251,51.660459,On or near GOLF CLOSE,E01023554,Hertsmere 008C,Offender given a caution
47b0e2749ea422365a7ea2fa734a975ad53f98eb79435d518b4d27dab9ff3de9,2021-07,Hertfordshire Constabulary,Hertfordshire Constabulary,-0.199926,51.891209,On or near Park/Open Space,E01023786,Stevenage 011D,Investigation complete; no suspect identified
e0a3d5a0946c84bc695aabc97185b14cf5680f76f72686551057447d935ceca6,2021-07,Hertfordshire Constabulary,Hertfordshire Constabulary,-0.181495,51.882293,On or near BROADWATER CRESCENT,E01023783,Stevenage 011A,Investigation complete; no suspect identified
94adf193ff40de733860e9289e90546c435df606f55437e1bb9fadd34d1f27f5,2021-07,Hertfordshire Constabulary,Hertfordshire Constabulary,0.293319,51.451878,On or near EMPIRE WALK,E01024142,Dartford 004A,Unable to prosecute suspect
41c7bcef3b1c71e6fc1cd81b7bc47c628389dbd3eb75bca3de904986108e204b,2021-07,Hertfordshire Constabulary,Hertfordshire Constabulary,-0.194367,51.903721,On or near CROSSGATES,E01023758,Stevenage 008D,Investigation complete; no suspect identified
4bd8a22eae6bdd0b141cd1bd32addf6aca0e72c9e5ee6d270b10d2428ae22801,2021-07,Hertfordshire Constabulary,Hertfordshire Constabulary,,,No location,,,Suspect charged
9b2c0073bca0669eaab7690c44823e70ca3ff8a846670e77c5134e96d6a9b84e,2021-07,Hertfordshire Constabulary,Hertfordshire Constabulary,-0.203129,51.784604,On or near ROLLSWOOD,E01023941,Welwyn Hatfield 009C,Investigation complete; no suspect identified
feaf25dfc6048dd53985881551c30087ac8998942d7853710196d43ed8d42a8e,2021-07,Hertfordshire Constabulary,Hertfordshire Constabulary,-0.256742,51.645350,On or near SADDLERS CLOSE,E01023543,Hertsmere 011E,Investigation complete; no suspect identified
335f4ab9e7ccc71c224b9c1eac1da374a8398ac238e2ea9c9437507fb6829a58,2021-07,Hertfordshire Constabulary,Hertfordshire Constabulary,-0.204587,51.801198,On or near Shopping Area,E01023918,Welwyn Hatfield 006C,Investigation complete; no suspect identified
46b00544f38b171cd53f57daedb42157108de19713644a67c0a6b8ce45b54823,2021-07,Hertfordshire Constabulary,Hertfordshire Constabulary,-0.020562,51.733292,On or near LAMMASMEAD,E01023341,Broxbourne 005B,Unable to prosecute suspect
e8a111f48b4ed48e6413237bfaa42cd92599f3e8214c7d2f0d27cd08daae7c65,2021-07,Hertfordshire Constabulary,Hertfordshire Constabulary,-0.201760,51.784034,On or near MIDDLEFIELD,E01023941,Welwyn Hatfield 009C,Unable to prosecute suspect
529eacb99696ee33acfce310380be171b234e88eee5836454e06555fb15d4865,2021-07,Hertfordshire Constabulary,Hertfordshire Constabulary,-0.427348,51.755644,On or near Petrol Station,E01023409,Dacorum 017A,Investigation complete; no suspect identified
8c5a7887d8ad059625d9ab5c3b9c63426d266c2c7b652bd4e499e6603a9d0921,2021-07,Hertfordshire Constabulary,Hertfordshire Constabulary,-0.099948,51.802098,On or near HAWTHORN CLOSE,E01023487,East Hertfordshire 015A,Investigation complete; no suspect identified
d90c9e99414d5bf51cd1feb42ca75d5cece913963d20f3a234b3e3a17f3a010d,2021-07,Hertfordshire Constabulary,Hertfordshire Constabulary,-0.459007,51.758167,On or near TOWERS ROAD,E01023351,Dacorum 015C,Further investigation is not in the public interest
155fe48f08efe82802e7a79a6122307aacbdb00ab6c5156d97942dce21f2a0c1,2021-07,Hertfordshire Constabulary,Hertfordshire Constabulary,-0.077499,51.796572,On or near SALISBURY SQUARE,E01023478,East Hertfordshire 017D,Unable to prosecute suspect
0c28ae5137d214c330fa5a936de8ee5324c4201f349cda7daf4ecc848f7ba05e,2021-07,Hertfordshire Constabulary,Hertfordshire Constabulary,0.134443,51.874854,On or near Petrol Station,E01023454,East Hertfordshire 003C,Unable to prosecute suspect
343e5bf8a9c53cfbf8d1d5e2b6a1334cdf8f1e4ee1ececf14003e0ed85cd0096,2021-07,Hertfordshire Constabulary,Hertfordshire Constabulary,-0.180572,51.803266,On or near WREN WOOD,E01023912,Welwyn Hatfield 004A,Investigation complete; no suspect identified
238801f65d60ce612ca12c6e38d19177e3dd87e06938012d5ce7c40c75d8c3cb,2021-07,Hertfordshire Constabulary,Hertfordshire Constabulary,0.146040,51.857836,On or near Petrol Station,E01023448,East Hertfordshire 007F,Suspect charged
b9e9837d46e251564a45c8fb1863a0faffc14783d3175209f386315ec1a6471a,2021-07,Hertfordshire Constabulary,Hertfordshire Constabulary,-0.397342,51.657766,On or near Pedestrian Subway,E01023859,Watford 009A,Unable to prosecute suspect
a7ae5bc89a6909e8dbde744f1f3b301de6c8c24afb797f15c1b433404dfa99bc,2021-07,Hertfordshire Constabulary,Hertfordshire Constabulary,-0.197256,51.900546,On or near PENN ROAD,E01023758,Stevenage 008D,Suspect charged
123f40388b676a528973d25efa6281691a4631f6b8ecb791b061ff8861310be5,2021-07,Hertfordshire Constabulary,Hertfordshire Constabulary,-0.514458,51.746661,On or near POUCHEN END LANE,E01023378,Dacorum 021F,Investigation complete; no suspect identified
6620ddf8dc6a86a4be22fda3d6227d9ae84999bf0ea8144cf86b73e00e9e3e18,2021-07,Hertfordshire Constabulary,Hertfordshire Constabulary,-0.228305,51.766642,On or near BURFIELD CLOSE,E01033311,Welwyn Hatfield 010F,Suspect charged
aa3f0d4e492100af035fc71d8d0ef60f61e93b6ffe4291ab915699d684cd7e71,2021-07,Hertfordshire Constabulary,Hertfordshire Constabulary,-0.287286,51.806559,On or near SMALLWOOD CLOSE,E01023746,St Albans 004A,Unable to prosecute suspect
281d9f22454186abcbb8119ee16e21d5922c79ef4be4b056ede486ffe0dac1e4,2021-07,Hertfordshire Constabulary,Hertfordshire Constabulary,-0.337618,51.821947,On or near Park/Open Space,E01023685,St Albans 002A,Investigation complete; no suspect identified
25fbc9b62cc5c2ae6ca9e21ed22934e0ea5b26e22f29ca71206f32b14f3f4529,2021-07,Hertfordshire Constabulary,Hertfordshire Constabulary,-0.395073,51.627045,On or near MATLOCK CRESCENT,E01023844,Three Rivers 012D,Unable to prosecute suspect
02ff9fef20ff885bb9eccb53be722a26e124a62e02ae5f8c1dbb6d6c7bc90687,2021-07,Hertfordshire Constabulary,Hertfordshire Constabulary,-0.168502,51.893808,On or near SHEPHALL WAY,E01023792,Stevenage 010B,Unable to prosecute suspect
b88bd5add1455410c6b14358cc2ca5547ba2c739db5ea16129f6b804ca2af158,2021-07,Hertfordshire Constabulary,Hertfordshire Constabulary,-0.030548,52.058840,On or near THE QUADRANT,E01023656,North Hertfordshire 002C,Investigation complete; no suspect identified
a1e6e7c2621f6bf746cc26e65028a02bae8a24dc5bb8044769c62b4d5b336582,2021-07,Hertfordshire Constabulary,Hertfordshire Constabulary,-0.240824,51.759996,On or near Pedestrian Subway,E01023921,Welwyn Hatfield 012B,Investigation complete; no suspect identified
02292cd6c9621d7a36fa75ec2c1110af6080357d2c2abd32656108144fddf4bd,2021-07,Hertfordshire Constabulary,Hertfordshire Constabulary,-0.357988,51.645380,On or near MELBOURNE ROAD,E01023561,Hertsmere 012D,Unable to prosecute suspect
99701ac8c40fc7b186909eacd5fd8ef38b1ea22c63e1f1fb84ae8c3ea7f3b3b8,2021-07,Hertfordshire Constabulary,Hertfordshire Constabulary,-0.441908,51.749373,On or near BRICKMAKERS LANE,E01023411,Dacorum 017C,Unable to prosecute suspect
0080affe88b7adf8815392f0bea11bb7bc0b9a0e21cee4efb718857db1119d6d,2021-07,Hertfordshire Constabulary,Hertfordshire Constabulary,-0.525924,51.740655,On or near A41,E01023377,Dacorum 021E,Investigation complete; no suspect identified
c9931e7b29ded93c33e9395c2e2c52f213308fca502260ac7889234573751793,2021-07,Hertfordshire Constabulary,Hertfordshire Constabulary,-0.379603,51.631005,On or near GREENFIELD AVENUE,E01023811,Three Rivers 010D,Investigation complete; no suspect identified
345599ba9afed96c5d5586f2b78e10799e9c53f26fddfb0a21bb43d508d022b5,2021-07,Hertfordshire Constabulary,Hertfordshire Constabulary,-0.085124,51.756240,On or near FANSHAWS LANE,E01023481,East Hertfordshire 018D,Unable to prosecute suspect
8bd15cd7e9508648dcbb95fd645312f9824717682a5e2ed0015b6d8e01892d55,2021-07,Hertfordshire Constabulary,Hertfordshire Constabulary,-0.393603,51.661689,On or near ORPHANAGE ROAD,E01023861,Watford 009C,Investigation complete; no suspect identified
9bf7d67212709558f741a8f848e9dff4ffd898468fdaecead2d808d10807246a,2021-07,Hertfordshire Constabulary,Hertfordshire Constabulary,-0.082669,51.803230,On or near CROSS ROAD,E01023474,East Hertfordshire 014E,Investigation complete; no suspect identified
ccc5cf40e92cfcb817ae2f109e617ab242685c939ecc07e4c52c5e764fa250d3,2021-07,Hertfordshire Constabulary,Hertfordshire Constabulary,-0.498309,51.747023,On or near CHAULDEN HOUSE GARDENS,E01023384,Dacorum 016B,Unable to prosecute suspect
2a27931ba7e695564b4dfe6c3d67c7f50275be64f685360d08cf896a89acd2a0,2021-07,Hertfordshire Constabulary,Hertfordshire Constabulary,-0.007310,52.050644,On or near Sports/Recreation Area,E01023658,North Hertfordshire 002E,Unable to prosecute suspect
ef8806aac67b8377dd2cca1cddd42b95128d39a9f397fb55fa1b142776c194aa,2021-07,Hertfordshire Constabulary,Hertfordshire Constabulary,-0.176064,51.693879,On or near VIEW ROAD,E01023572,Hertsmere 003B,Investigation complete; no suspect identified
c0c3e4bede35fbf9e682efe2cc510020e02631164f66df71743bb660bebe3a29,2021-07,Hertfordshire Constabulary,Hertfordshire Constabulary,-0.048327,51.709370,On or near CHURCH LANE,E01023310,Broxbourne 006D,Suspect charged
bc993a44695b39db7448dbd4ea74b0bb27ebbad4d8a621d917367c3542792788,2021-07,Hertfordshire Constabulary,Hertfordshire Constabulary,-0.471442,51.760641,On or near CHAPEL COTTAGES,E01023399,Dacorum 010C,Unable to prosecute suspect
10be40db3ac0b6db9be649379d0553da350cf9f45e30d09261fa7825ed907bb1,2021-07,Hertfordshire Constabulary,Hertfordshire Constabulary,-0.022477,51.724926,On or near ROBINIA ROAD,E01023342,Broxbourne 005C,Local resolution
0f4abcdcafb34b1745b1a70701009705087f93995d9534252a77613c73a16f8e,2021-07,Hertfordshire Constabulary,Hertfordshire Constabulary,-0.244747,51.766466,On or near DRAGON MOTH ROAD,E01033308,Welwyn Hatfield 010E,Investigation complete; no suspect identified
686316fc4047a0a2f8e0f04456beef42e277c7e31ddc960bd60bb4ec4655f500,2021-07,Hertfordshire Constabulary,Hertfordshire Constabulary,-0.191008,51.901574,On or near HARPER COURT,E01023757,Stevenage 008C,Unable to prosecute suspect
14cd0db255c8bc6458629905f95b644f8d509bfd2beb679ceb58093323c19605,2021-07,Hertfordshire Constabulary,Hertfordshire Constabulary,-0.240381,51.761347,On or near Shopping Area,E01023921,Welwyn Hatfield 012B,Investigation complete; no suspect identified
b66809505651acb0ce5efc68697343c8194d335b7d8ab56aaf850e3b527e59f9,2021-07,Hertfordshire Constabulary,Hertfordshire Constabulary,-0.215136,51.830070,On or near Parking Area,E01023969,Welwyn Hatfield 002C,Investigation complete; no suspect identified
d9670b36099dc9cd441da1e17264827fed9aa51f88860b5faf6a9da002fe28af,2021-07,Hertfordshire Constabulary,Hertfordshire Constabulary,-0.282907,51.668576,On or near AYCLIFFE ROAD,E01023536,Hertsmere 006C,Unable to prosecute suspect
0a8c914bd0fb84d052dad710dea138ad33fdfdaa862d0e923e38b4136736fff1,2021-07,Hertfordshire Constabulary,Hertfordshire Constabulary,-0.469545,51.756336,On or near BROAD STREET,E01023400,Dacorum 015E,Unable to prosecute suspect
c818ebe5a33b0439144756c5557683af509b39653c12fe3e5233b128556d4f82,2021-07,Hertfordshire Constabulary,Hertfordshire Constabulary,-0.312788,51.751708,On or near Petrol Station,E01023674,St Albans 011B,Unable to prosecute suspect
3d97b4900ade0985f7549b95ac4dabac545201aa005643c348389dc31cf6690d,2021-07,Hertfordshire Constabulary,Hertfordshire Constabulary,0.134443,51.874854,On or near Petrol Station,E01023454,East Hertfordshire 003C,Investigation complete; no suspect identified
3b1e1850799240b2a5e1440c2817ac5cb72c44a4240781c7791fd006fcdc5de1,2021-07,Hertfordshire Constabulary,Hertfordshire Constabulary,-0.306636,51.739553,On or near HILL END LANE,E01023678,St Albans 015B,Unable to prosecute suspect
735f22ade10b90b3ae8f0e236f8a0635433b7532c3fe3e2962a24258a89446e7,2021-07,Hertfordshire Constabulary,Hertfordshire Constabulary,-0.044776,51.707458,On or near DEWHURST ROAD,E01023294,Broxbourne 011B,Unable to prosecute suspect
f1a24582b0d811b7fa593ce2ab47bb3b9928227e4ed185e0ed19a8ca5129d71e,2021-07,Hertfordshire Constabulary,Hertfordshire Constabulary,-0.452204,51.765163,On or near EUROPA ROAD,E01023402,Dacorum 008B,Suspect charged
164c918a2bff384ee4bd91184346675c88d302292bd8a98b70f7776a3c942f5c,2021-07,Hertfordshire Constabulary,Hertfordshire Constabulary,-0.658614,51.807910,On or near GAMNEL MEWS,E01023419,Dacorum 003B,Unable to prosecute suspect
2779b5c3ea61bc9df676094895579cda4475f1d2f3d6488b04e145399cac1dee,2021-07,Hertfordshire Constabulary,Hertfordshire Constabulary,-0.354985,51.649699,On or near MEADOW ROAD,E01023560,Hertsmere 012C,Unable to prosecute suspect
6d4411fd2982826b91dd071840fe39c87ba8b7f6f503d1b4782354c334319a3b,2021-07,Hertfordshire Constabulary,Hertfordshire Constabulary,-0.223086,51.915263,On or near HOPTON ROAD,E01023795,Stevenage 005A,Unable to prosecute suspect
87eb0b9f77e4ba8aff61590f9d3bc012f1e0453944a35c3c520a3f0fa15b7d0a,2021-07,Hertfordshire Constabulary,Hertfordshire Constabulary,-0.396655,51.672728,On or near Parking Area,E01023857,Watford 006C,Suspect charged
bd976bb2ba660f419de9cd4b24cf5e66d833f3032e9034624f3951c7d5c2e194,2021-07,Hertfordshire Constabulary,Hertfordshire Constabulary,-0.349176,51.757386,On or near WELLS CLOSE,E01023669,St Albans 009A,Suspect charged
afd8806d43995aed14271d408af631ed7de78df9e3d39a54a6d77a67971ea13e,2021-07,Hertfordshire Constabulary,Hertfordshire Constabulary,-0.492391,51.765973,On or near MIDDLEKNIGHTS HILL,E01023392,Dacorum 011A,Unable to prosecute suspect
180576fcff5b4794c14f994a7a553920c75cdbdebfc15c8d7d7c324d84b1e827,2021-07,Hertfordshire Constabulary,Hertfordshire Constabulary,-0.544631,51.807526,On or near POND LANE,E01023356,Dacorum 006B,Suspect charged
281af5d46b8b5bf12148f442939448e724c1ef489cdce96802be1f77ea6ff413,2021-07,Hertfordshire Constabulary,Hertfordshire Constabulary,-0.157010,51.916450,On or near GRESLEY WAY,E01023768,Stevenage 004B,Unable to prosecute suspect
0acd6fe84850918a0257aeb6f7a02cdc2c1651f4e236c3377a48e3ed4449589c,2021-07,Hertfordshire Constabulary,Hertfordshire Constabulary,-0.032211,51.686494,On or near Supermarket,E01023337,Broxbourne 013B,Investigation complete; no suspect identified
0da3b60e28ae837a1ff82ac72e61878ecb1540c0dbdc10af37b387cdd0fd855e,2021-07,Hertfordshire Constabulary,Hertfordshire Constabulary,-0.031745,51.811515,On or near Supermarket,E01023514,East Hertfordshire 012C,Unable to prosecute suspect
1f718932feaa2cc6f9a3ffda236c347619737621c419d4f1e639287352fd33f9,2021-07,Hertfordshire Constabulary,Hertfordshire Constabulary,-0.185794,51.814820,On or near MARGERY WOOD,E01023914,Welwyn Hatfield 004C,Suspect charged
004578e05c5cdb94b570f93cc066421b5276fb33ed49275e7294c5ee67854cc6,2021-07,Hertfordshire Constabulary,Hertfordshire Constabulary,-0.053456,51.703187,On or near FRANKLIN AVENUE,E01023296,Broxbourne 011D,Unable to prosecute suspect
441793d6c8ac7f5ca5ccbe882398ea729f8461a3dce70c5b4d362378a607f8ca,2021-07,Hertfordshire Constabulary,Hertfordshire Constabulary,-0.339165,51.753028,On or near WADDINGTON ROAD,E01023727,St Albans 012B,Suspect charged
9d6ba90e0cb6b2fe1f4bcea65097a5069faa745aec20f02e234929409ed91cc7,2021-07,Hertfordshire Constabulary,Hertfordshire Constabulary,-0.395073,51.627045,On or near MATLOCK CRESCENT,E01023844,Three Rivers 012D,Unable to prosecute suspect
2d4aa6a1792d693454dcd9c1a96110303e99454c91966ebcc7fce01e23c214c0,2021-07,Hertfordshire Constabulary,Hertfordshire Constabulary,-0.397741,51.661206,On or near ST JOHN'S ROAD,E01023861,Watford 009C,Suspect charged
ca8a1e5978eee6b9ef4f7fe6f95cb28907408988077692a2ba7f38e019c17da7,2021-07,Hertfordshire Constabulary,Hertfordshire Constabulary,0.160443,51.878381,On or near Parking Area,E01023450,East Hertfordshire 004B,Investigation complete; no suspect identified
5468d6cc74832f6f58e3f8f96d8552c18a2d0c65e136e858bac8d857c959c96e,2021-07,Hertfordshire Constabulary,Hertfordshire Constabulary,-0.164736,51.915258,On or near FORTUNA CLOSE,E01023773,Stevenage 003C,Investigation complete; no suspect identified
d28b0e1ad654639f9ebb4fbee5339b73b09dd04195b24f1d8e3e3b5595bbb68c,2021-07,Hertfordshire Constabulary,Hertfordshire Constabulary,-0.398844,51.665618,On or near Pedestrian Subway,E01023861,Watford 009C,Investigation complete; no suspect identified
b4eb1c542633ba392d8665936f9c124257dfaa67db1d3c5b75f231ea6ecd5f44,2021-07,Hertfordshire Constabulary,Hertfordshire Constabulary,-0.396071,51.624550,On or near FERNDOWN ROAD,E01023842,Three Rivers 012B,Unable to prosecute suspect
9b4b74927cf77f331d44eef802a34f3e3cd57e61b8452eb601169f3ead4ff983,2021-07,Hertfordshire Constabulary,Hertfordshire Constabulary,-0.470828,51.753952,On or near Supermarket,E01023398,Dacorum 015D,Investigation complete; no suspect identified
a674565c9835fcd1186b50b81be921cad5bf0903114fde108357cd6b9d1f8c9f,2021-07,Hertfordshire Constabulary,Hertfordshire Constabulary,-0.483585,51.659774,On or near LOUDWATER HEIGHTS,E01023813,Three Rivers 004B,Unable to prosecute suspect
f3dfef203a96717a9e5289ce17d4d4dd7e9c1fa8e8efd6e76b2aad2bdd6c0ec8,2021-07,Hertfordshire Constabulary,Hertfordshire Constabulary,-0.076756,51.807548,On or near REVELS ROAD,E01023472,East Hertfordshire 014C,Investigation complete; no suspect identified
9dad374636c729fba94b65aee1eebcdc9467bb25966d12988696145c99aa62c1,2021-07,Hertfordshire Constabulary,Hertfordshire Constabulary,-0.241746,51.897281,On or near Petrol Station,E01023623,North Hertfordshire 014C,Unable to prosecute suspect
95b497715a3a52e2f7939e87e74e7ca2f73d6c3cd42c772bc76aadd1aa0c9b2f,2021-07,Hertfordshire Constabulary,Hertfordshire Constabulary,-0.424864,51.720003,On or near SEABROOK ROAD,E01023807,Three Rivers 001D,Investigation complete; no suspect identified
f4f67a9a30d98165ec275b85d727f599843b6275d5bd040bd3f37f332d4d6490,2021-07,Hertfordshire Constabulary,Hertfordshire Constabulary,-0.252635,51.979214,On or near STOTFOLD ROAD,E01023594,North Hertfordshire 014A,Unable to prosecute suspect
73219d2725b13e9635238264edee02cbd8aee710444422ac7a93c23098ed7ad7,2021-07,Hertfordshire Constabulary,Hertfordshire Constabulary,-0.332406,51.638284,On or near WILLOW DENE,E01023551,Hertsmere 013D,Investigation complete; no suspect identified
b310eb5a30d2ac7ec59772ee816c400ea70285ca9040535ac26d417de29e7847,2021-07,Hertfordshire Constabulary,Hertfordshire Constabulary,-0.249160,51.767782,On or near THE RUNWAY,E01033314,Welwyn Hatfield 010G,Unable to prosecute suspect
7f0006478de6ca09719341d7f0a7576a14049dc31c90ae269170613529d6240a,2021-07,Hertfordshire Constabulary,Hertfordshire Constabulary,-0.246361,51.981414,On or near HALL MEAD,E01023650,North Hertfordshire 007B,Unable to prosecute suspect
d2019cc4531bef4b6e21767c8024819bb5dec78c4d445d31d3d687963e07706f,2021-07,Hertfordshire Constabulary,Hertfordshire Constabulary,-0.202131,51.783797,On or near DRYCROFT,E01023941,Welwyn Hatfield 009C,Suspect charged
92f4d6d91df0423531d302316b3fee209cacf952e398bb08a10f8c555896d636,2021-07,Hertfordshire Constabulary,Hertfordshire Constabulary,-0.191413,51.885350,On or near TURPIN'S RISE,E01023786,Stevenage 011D,Unable to prosecute suspect
ebd5786da9b1e71209f184800bec30275cf03d19f7dc474c93090ebd8a73b4b1,2021-07,Hertfordshire Constabulary,Hertfordshire Constabulary,-0.360029,51.746568,On or near Supermarket,E01023742,St Albans 014A,Investigation complete; no suspect identified
358972aed942df073ceab4bb0dce4bd313f14e59cf4d58ce04638bbf5a8e48ad,2021-07,Hertfordshire Constabulary,Hertfordshire Constabulary,-0.495284,51.635691,On or near FEARNEY MEAD,E01023836,Three Rivers 009B,Unable to prosecute suspect
004cf7eccb7072233b43892b849b2b3a5726d02da0ce91fca0f755002514feaa,2021-07,Hertfordshire Constabulary,Hertfordshire Constabulary,-0.269151,51.954174,On or near Petrol Station,E01023602,North Hertfordshire 010B,Investigation complete; no suspect identified
fdb758d3e116f8d1562a74ad46be0c06186197412f5104615bb5ed692a2e32ba,2021-07,Hertfordshire Constabulary,Hertfordshire Constabulary,-0.205814,51.911575,On or near GROVE ROAD,E01023777,Stevenage 002B,Unable to prosecute suspect
d5a093f7c0af2dfc1d83a94af9f93b7cf1e3497b2783b039cb4348526a2286af,2021-07,Hertfordshire Constabulary,Hertfordshire Constabulary,-0.237823,51.970775,On or near OAK TREE CLOSE,E01023645,North Hertfordshire 008B,Unable to prosecute suspect
3280e19277940f037421a0c2790e8c30d4f51fcbcac8db25089bbebcc8111c3a,2021-07,Hertfordshire Constabulary,Hertfordshire Constabulary,-0.234079,51.756856,On or near SPRING GLEN,E01023923,Welwyn Hatfield 012D,Investigation complete; no suspect identified
fca13484e3504fcb25a9abc225c40f0ad41f25c6d0513b3d59f7f688b91c27d1,2021-07,Hertfordshire Constabulary,Hertfordshire Constabulary,-0.202859,51.981550,On or near Shopping Area,E01023633,North Hertfordshire 006D,Investigation complete; no suspect identified
81633d06ea1cbb82ef0e1ffc1cf9a74350468c6fcb0a11d723d97ccb129150ae,2021-07,Hertfordshire Constabulary,Hertfordshire Constabulary,-0.030048,52.060252,On or near Petrol Station,E01023656,North Hertfordshire 002C,Investigation complete; no suspect identified
23c260ee370f71c0daea99bbf577580c431169a33864f2bbfacd39b076141e4f,2021-07,Hertfordshire Constabulary,Hertfordshire Constabulary,0.169396,51.862434,On or near BOUNDARY ROAD,E01023442,East Hertfordshire 005E,Unable to prosecute suspect
b601d646ab4336aaaef9f71847f12961eaffae56ef57e69759f8cab01b3a2c0d,2021-07,Hertfordshire Constabulary,Hertfordshire Constabulary,-0.453778,51.747075,On or near ST ALBANS HILL,E01023357,Dacorum 020A,Investigation complete; no suspect identified
1c108cc736cd05f657c23e966b87bf27342c25ce7bfa510bf716f0001ed9d271,2021-07,Hertfordshire Constabulary,Hertfordshire Constabulary,-0.230638,51.745168,On or near CHERRY WAY,E01023933,Welwyn Hatfield 014A,Unable to prosecute suspect
e1f1abeb7ad50cf495fb9dab4e5f998bba09fdf663e919bf585f72d355fa216f,2021-07,Hertfordshire Constabulary,Hertfordshire Constabulary,-0.011827,51.937646,On or near Parking Area,E01023464,East Hertfordshire 001B,Unable to prosecute suspect
6697cb4ce64b5fca5ea1aeefb28e55d85a18c3e760ec53bdfeb583219afaec52,2021-07,Hertfordshire Constabulary,Hertfordshire Constabulary,-0.018794,51.748559,On or near HIGH ROAD,E01023290,Broxbourne 004B,Suspect charged
2e0f111a28f25e5e5041b013d0f2bf6983987384d0824f82b34ccc0147797261,2021-07,Hertfordshire Constabulary,Hertfordshire Constabulary,-0.519231,51.656461,On or near HOMEFIELD ROAD,E01023817,Three Rivers 005C,Investigation complete; no suspect identified
12bd20fbead0813374867b9ec7cc6ffa7a3e45a928910fef7568cafd76316dde,2021-07,Hertfordshire Constabulary,Hertfordshire Constabulary,-0.024886,51.807480,On or near CRANE MEAD,E01023511,East Hertfordshire 013B,Suspect charged
ed49b7dd9e2e22e5fabf464057635b62eecc6f6ab6c71c55cbaa1e5b08cd0864,2021-07,Hertfordshire Constabulary,Hertfordshire Constabulary,-0.434420,51.746387,On or near MALMES CROFT,E01023413,Dacorum 017E,Suspect charged
98a307f5d4a930166588b396dc1d598210d047f056ff058eea265ab4f540221f,2021-07,Hertfordshire Constabulary,Hertfordshire Constabulary,,,No location,,,Investigation complete; no suspect identified
e978e1dfe7efa23e6f6d804643f763c3299e85d33f12f25583d0b9560fc0107d,2021-07,Hertfordshire Constabulary,Hertfordshire Constabulary,-0.228835,51.763107,On or near Supermarket,E01023920,Welwyn Hatfield 012A,Investigation complete; no suspect identified
182cc98cafa754349f1723f380310104872db67bc92360cbb5e77a611cbf9d24,2021-07,Hertfordshire Constabulary,Hertfordshire Constabulary,-0.665151,51.799739,On or near DRUMMOND RIDE,E01023418,Dacorum 003A,Investigation complete; no suspect identified
6063ae39452c6657d8fd9db8b67b38e907e5bc2012c0e3e6daccb0dd691ab7e4,2021-07,Hertfordshire Constabulary,Hertfordshire Constabulary,-0.286110,51.671077,On or near BERWICK ROAD,E01023535,Hertsmere 006B,Local resolution
3e168abf872981255271f8646755014b25798ba95ae25e7c2332079b5aaa8060,2021-07,Hertfordshire Constabulary,Hertfordshire Constabulary,-0.023875,51.685554,On or near ELEANOR CROSS ROAD,E01023338,Broxbourne 013C,Unable to prosecute suspect
5b9e8a1111fdeacc62fee6d506b11fd92f30ae3744f82bb92d0a67cf4e3a45b2,2021-07,Hertfordshire Constabulary,Hertfordshire Constabulary,-0.467601,51.748254,On or near WOOD LANE,E01023398,Dacorum 015D,Investigation complete; no suspect identified
cad9a6d4c505867495f94803ebc921e124dbc5aebe8a41456b9ce47f90d05d7c,2021-07,Hertfordshire Constabulary,Hertfordshire Constabulary,-0.262356,51.961294,On or near HIGH DANE,E01023618,North Hertfordshire 011B,Action to be taken by another organisation
57dee9e49ca4babea111b6433783fd5dd331fa1a58342f470a55c375e4881cc2,2021-07,Hertfordshire Constabulary,Hertfordshire Constabulary,-0.333237,51.749941,On or near LATTIMORE ROAD,E01023726,St Albans 012A,Investigation complete; no suspect identified
ac5d7199d3e930778922d0c101c2e6dec583d7401195516883bf05afe6a04e83,2021-07,Hertfordshire Constabulary,Hertfordshire Constabulary,-0.286632,51.717772,On or near ALSOP CLOSE,E01023704,St Albans 018A,Investigation complete; no suspect identified
cb7ea027e71b61fe52425125927608dfda403932c0a58b576c13670c770073dc,2021-07,Hertfordshire Constabulary,Hertfordshire Constabulary,-0.363483,51.721151,On or near Petrol Station,E01023731,St Albans 020C,Investigation complete; no suspect identified
8e018dc67dfebd2b879079dd1f33d71bc39403809ff2146b01dc491c2e0e31aa,2021-07,Hertfordshire Constabulary,Hertfordshire Constabulary,-0.386570,51.627675,On or near Petrol Station,E01023805,Three Rivers 010A,Investigation complete; no suspect identified
9479a91fa4d11ebe846e9e7ce5d973dd9857dd05d0f455fa542262fc6e9ec541,2021-07,Hertfordshire Constabulary,Hertfordshire Constabulary,0.151473,51.862134,On or near BRITANNIA PLACE,E01023445,East Hertfordshire 007C,Unable to prosecute suspect
fe56d8d68c9b2df4130cb9a529101748baebc2297fa8a61a3eed74e62e617129,2021-07,Hertfordshire Constabulary,Hertfordshire Constabulary,-0.377670,51.662504,On or near MAPLE CLOSE,E01023552,Hertsmere 008A,Unable to prosecute suspect
6ed5861197113a01f8546973eba3b0e22f634dd33ea4a555c0ca0e287a43603f,2021-07,Hertfordshire Constabulary,Hertfordshire Constabulary,-0.374525,51.649377,On or near GRANGE ROAD,E01023559,Hertsmere 012B,Investigation complete; no suspect identified
77f64a43f5f2e243944cefb6c66006c44708e9810362fccfc2b99d8e8a43adea,2021-07,Hertfordshire Constabulary,Hertfordshire Constabulary,-0.019304,51.758423,On or near Park/Open Space,E01023322,Broxbourne 003C,Unable to prosecute suspect
5499e760a88664f5fd28e8cfedd164116ec4b138e8f5e2ea4e16eb1106c1dcf0,2021-07,Hertfordshire Constabulary,Hertfordshire Constabulary,-0.420550,51.642695,On or near CHENIES WAY,E01023864,Watford 011B,Investigation complete; no suspect identified
14752a10574b1ac05c63994d37917fa2c3e169fee585b51ff134bf0a10cf4a15,2021-07,Hertfordshire Constabulary,Hertfordshire Constabulary,-0.392017,51.656668,On or near GROSVENOR ROAD,E01023860,Watford 009B,Suspect charged
a84e6b4f7b4bfbe0e3420f0b04ff89f4dad4aaf484fcf7de9f7068737b1ba6a6,2021-07,Hertfordshire Constabulary,Hertfordshire Constabulary,-0.331804,51.752250,On or near UPPER LATTIMORE ROAD,E01023727,St Albans 012B,Suspect charged
81cc8d3d0db147cb8516191640ac372709394b1a7d0215c6b990da2a562453be,2021-07,Hertfordshire Constabulary,Hertfordshire Constabulary,-0.337589,51.811705,On or near ALZEY GARDENS,E01023686,St Albans 002B,Investigation complete; no suspect identified
5eb3623de48098abf8bba26b9cf05a945eb529bd93f0989f9d30c59c0ce9ad8c,2021-07,Hertfordshire Constabulary,Hertfordshire Constabulary,-0.030977,51.713918,On or near HIGH STREET,E01023304,Broxbourne 008C,Investigation complete; no suspect identified
37aef20461c15a656e230d1f2e093886b049ddbf392a872c3c30f5115fd4e95c,2021-07,Hertfordshire Constabulary,Hertfordshire Constabulary,-0.452318,51.738936,On or near DEANSWAY,E01023359,Dacorum 020C,Suspect charged
aea860c2fa66df064f76e3ed5748ba62d99911ab81c3655a472b0373a70ed576,2021-07,Hertfordshire Constabulary,Hertfordshire Constabulary,-0.283128,51.718170,On or near TYNEDALE,E01023704,St Albans 018A,Investigation complete; no suspect identified
8db244398b9d76dd011e61af9b3578c12aa92a452e3bd9eecf8d71481a85c3b7,2021-07,Hertfordshire Constabulary,Hertfordshire Constabulary,,,No location,,,Investigation complete; no suspect identified
ff0896c734c7d6388a26b3f4c0ee3b870a3f3f2ec44aee79a0a5aaccb35a56c8,2021-07,Hertfordshire Constabulary,Hertfordshire Constabulary,-0.212070,51.816617,On or near MONKSWOOD,E01023962,Welwyn Hatfield 003D,Investigation complete; no suspect identified
51f65b76ddb9bdf39fc346fcd403ba40616e7ecb2dced899213cf7f70073213c,2021-07,Hertfordshire Constabulary,Hertfordshire Constabulary,-0.662670,51.793399,On or near Police Station,E01023426,Dacorum 002D,Investigation complete; no suspect identified
4421c97a9a819818debb0b38b6cef9bbbc16ed93f054c2856f6786645904edec,2021-07,Hertfordshire Constabulary,Hertfordshire Constabulary,-0.359823,51.819427,On or near Petrol Station,E01023699,St Albans 003A,Investigation complete; no suspect identified
7ccabcd276d4a09412c75b05e413d826c4cb43c7d3d294cacdd41df448dc2eac,2021-07,Hertfordshire Constabulary,Hertfordshire Constabulary,-0.347491,51.637130,On or near HIGH ROAD,E01023549,Hertsmere 013B,Unable to prosecute suspect
fee95f7b127ee072c214e85b3916bc51c0c6a896d7f5b9733d055fd0bdac1280,2021-07,Hertfordshire Constabulary,Hertfordshire Constabulary,-0.203695,51.802839,On or near Parking Area,E01023918,Welwyn Hatfield 006C,Investigation complete; no suspect identified
679be50b0ed84902ec2a91e84547220344946b6534f117932f5ef49955c01322,2021-07,Hertfordshire Constabulary,Hertfordshire Constabulary,-0.202131,51.783797,On or near DRYCROFT,E01023941,Welwyn Hatfield 009C,Suspect charged
dc8d41978b2b2b8832c8da961b21d7d593f033a43ffd1735484a86e507ffa802,2021-07,Hertfordshire Constabulary,Hertfordshire Constabulary,-0.392412,51.651242,On or near Parking Area,E01023862,Watford 009D,Investigation complete; no suspect identified
54198773e4d1af97bf39fe33306c5c594fbe178be676756be9131ab36bca47d4,2021-07,Hertfordshire Constabulary,Hertfordshire Constabulary,-0.188100,51.680532,On or near WAGON ROAD,E01023576,Hertsmere 001A,Unable to prosecute suspect
1715b2c388bf7c686fbb0fe0322b0b1c84a0189305985fcfc7147e36a84f656d,2021-07,Hertfordshire Constabulary,Hertfordshire Constabulary,-0.377819,51.646168,On or near BRICK KILN CLOSE,E01023884,Watford 012C,Unable to prosecute suspect
f831307f1e748e3334d6544855ce75f92db36ebf44be3fcedc55693d6eb00d0d,2021-07,Hertfordshire Constabulary,Hertfordshire Constabulary,-0.375737,51.777512,On or near Park/Open Space,E01023722,St Albans 006A,Investigation complete; no suspect identified
8106495993860fcb0bcda65cb4d61e1f7ae1deb635b4ad0a271a654ce33be25b,2021-07,Hertfordshire Constabulary,Hertfordshire Constabulary,-0.314906,51.742288,On or near RODNEY AVENUE,E01023683,St Albans 016C,Investigation complete; no suspect identified
d156a1089947105872eec0e03257e772a6071f92cc2199f81f8ab840e1bd8cfd,2021-07,Hertfordshire Constabulary,Hertfordshire Constabulary,-0.225403,51.909256,On or near SYMONDS GREEN LANE,E01023798,Stevenage 005D,Investigation complete; no suspect identified
8b7e9576fdc63717ab80b8706947d8378d279b60a725a01856149d18e89dc393,2021-07,Hertfordshire Constabulary,Hertfordshire Constabulary,-0.356123,51.646199,On or near COOKS MEAD,E01023561,Hertsmere 012D,Formal action is not in the public interest
7763aa120185b1f49c6c8a1003863a71197211751da337df6d48ae5a5dd006c3,2021-07,Hertfordshire Constabulary,Hertfordshire Constabulary,-0.490131,51.747269,On or near SEBRIGHT ROAD,E01023379,Dacorum 018C,Investigation complete; no suspect identified
0b535ae7ef4367c3272d6e664d350ec66a375a87d29f735c2fb829260053113f,2021-07,Hertfordshire Constabulary,Hertfordshire Constabulary,-0.033443,51.682423,On or near HIGH STREET,E01001552,Enfield 001D,Investigation complete; no suspect identified
35c93bba8aad904925980e6f56b747b618522aa98a51ace866275e6a4a5b7ab6,2021-07,Hertfordshire Constabulary,Hertfordshire Constabulary,-0.261189,51.651135,On or near ARUNDEL DRIVE,E01023542,Hertsmere 011D,Unable to prosecute suspect
3aba98b455c639c1cc2ba39ad6710ec1e5f7d11c9500119dd8a45c869ff9e562,2021-07,Hertfordshire Constabulary,Hertfordshire Constabulary,-0.648309,51.801327,On or near GROVE LEYS,E01023422,Dacorum 004C,Investigation complete; no suspect identified
e0779ed28bc1e8d65916b8d937286d2f0f9218800c50570dc2590b0a8c1e4bb7,2021-07,Hertfordshire Constabulary,Hertfordshire Constabulary,-0.369797,51.659491,On or near Sports/Recreation Area,E01023553,Hertsmere 008B,Action to be taken by another organisation
04775ede950c01d605e31e81507ffab8b463ebef0b8e21410857d612ac8027f0,2021-07,Hertfordshire Constabulary,Hertfordshire Constabulary,-0.275182,51.661403,On or near CANTERBURY ROAD,E01023530,Hertsmere 007B,Unable to prosecute suspect
5d407351c9213194e378097108fb290e2d6655422245b979b8f40626649fe3ec,2021-07,Hertfordshire Constabulary,Hertfordshire Constabulary,-0.238284,51.762350,On or near COMET ROAD,E01023921,Welwyn Hatfield 012B,Unable to prosecute suspect
49244d07c0d6c5263979c77e928b58f3a297ef5449c8db92204ab3eaaf2f89e1,2021-07,Hertfordshire Constabulary,Hertfordshire Constabulary,-0.284400,51.652025,On or near ALLUM LANE,E01023565,Hertsmere 010C,Investigation complete; no suspect identified
9d93498ad3ac02b84c21cda3dcf1df93ac738aa6633fe4d67c39bb8a946b617a,2021-07,Hertfordshire Constabulary,Hertfordshire Constabulary,-0.185116,51.784039,On or near HOWICKS GREEN,E01023946,Welwyn Hatfield 008D,Investigation complete; no suspect identified
4dd76bce92a5004d269074bfeb5acb3d6524bf14be25692755213427cea47afc,2021-07,Hertfordshire Constabulary,Hertfordshire Constabulary,-0.277643,51.665918,On or near RANSKILL ROAD,E01023538,Hertsmere 006E,Investigation complete; no suspect identified
8704307c35f74d56379320c1116921987d3d53fdfe359b65981837e17b1c98c2,2021-07,Hertfordshire Constabulary,Hertfordshire Constabulary,-0.182406,51.912295,On or near Pedestrian Subway,E01023781,Stevenage 006D,Unable to prosecute suspect
50595fe63fc0cb070b6fda1834d327332a120a54ca9236aaa0920b7f6cd2fd57,2021-07,Hertfordshire Constabulary,Hertfordshire Constabulary,-0.407523,51.677902,On or near ELM GROVE,E01023870,Watford 004C,Unable to prosecute suspect
7a2ad597b3d6a706b539956b2e1651288eec63e8ca121165f735dfcdf8392e6b,2021-07,Hertfordshire Constabulary,Hertfordshire Constabulary,-0.099948,51.802098,On or near HAWTHORN CLOSE,E01023487,East Hertfordshire 015A,Unable to prosecute suspect
578161cb856e0ac28b22d4615763723b51f1a4b8c5f5d291922b41bad8b5a00a,2021-07,Hertfordshire Constabulary,Hertfordshire Constabulary,-0.469520,51.762639,On or near CHURCH STREET,E01023404,Dacorum 008D,Suspect charged
7ee8d5e8fbf2a2ecba6316f4f1d9ac708a0c41e4f8494db2ce4ab084100679cb,2021-07,Hertfordshire Constabulary,Hertfordshire Constabulary,0.160876,51.867096,On or near Theatre/Concert Hall,E01023446,East Hertfordshire 007D,Unable to prosecute suspect
3f59a4e8d30d1d4e090735abbec79e73ed7b155425dd23cdf578b5f18b0cc9f3,2021-07,Hertfordshire Constabulary,Hertfordshire Constabulary,-0.281302,51.693011,On or near POUND LANE,E01023582,Hertsmere 004B,Action to be taken by another organisation
4810d93311c7efc43c42e559e97ae2beafaa6daab857563591b716abdf01cd75,2021-07,Hertfordshire Constabulary,Hertfordshire Constabulary,-0.473119,51.750007,On or near Shopping Area,E01023398,Dacorum 015D,Investigation complete; no suspect identified
12eda9bf9b21cf09a40e1dc4aa8256fd513cc0bde090b5852f206b712886b072,2021-07,Hertfordshire Constabulary,Hertfordshire Constabulary,-0.366256,51.643364,On or near MONTAGUE HALL PLACE,E01023563,Hertsmere 012F,Investigation complete; no suspect identified
d19b68854c7adc5936b875fa1d46ba1894d7f2c5a58d41ca83ef7fa2a8507a06,2021-07,Hertfordshire Constabulary,Hertfordshire Constabulary,-0.392412,51.651242,On or near Parking Area,E01023862,Watford 009D,Investigation complete; no suspect identified
c6e477f613756bb3a8df349247e6f9da43120a945a148f4b9cb270fd8e5a05f1,2021-07,Hertfordshire Constabulary,Hertfordshire Constabulary,0.173031,51.876377,On or near BOYD CLOSE,E01023439,East Hertfordshire 005B,Unable to prosecute suspect
530df43d2a412d38a64c57cd500e39cc63dcfa953713598e1822cb0755a09239,2021-07,Hertfordshire Constabulary,Hertfordshire Constabulary,-0.164530,51.692494,On or near HONEYWOOD CLOSE,E01023574,Hertsmere 003D,Suspect charged
dd40aaa25db5aad7c9e9de869ffdc3dae4ea8ab6600f88e0201c2ec322401896,2021-07,Hertfordshire Constabulary,Hertfordshire Constabulary,-0.399922,51.627615,On or near GOSFORTH LANE,E01023844,Three Rivers 012D,Investigation complete; no suspect identified
a8b4b8bb06ff554fc9dd4f8619e7c6030343efe94550fe67524552195bbda30c,2021-07,Hertfordshire Constabulary,Hertfordshire Constabulary,0.007630,51.888237,On or near Parking Area,E01023498,East Hertfordshire 006A,Investigation complete; no suspect identified
e9fba9912029d00d1c1b9ca269b4dab80db88c7b51844a20c8ebd84f54d1997c,2021-07,Hertfordshire Constabulary,Hertfordshire Constabulary,,,No location,,,Investigation complete; no suspect identified
4906ea647f8e62c96aa1029be84058cc95b311e29c5417af2cf1050c713de9d3,2021-07,Hertfordshire Constabulary,Hertfordshire Constabulary,-0.183112,51.909923,On or near Pedestrian Subway,E01023780,Stevenage 006C,Investigation complete; no suspect identified
c8fbe026559a60a37e8df4bb108c3dc1891985764ea629ca23589ed23f37743d,2021-07,Hertfordshire Constabulary,Hertfordshire Constabulary,-0.296144,51.729303,On or near FIVE ACRES,E01023705,St Albans 018B,Investigation complete; no suspect identified
a9f73c6da22091952a43ea4452f70b7e772b744bde3dcf5e4257b183de8eecce,2021-07,Hertfordshire Constabulary,Hertfordshire Constabulary,-0.192737,51.813174,On or near CLOVERFIELD,E01023915,Welwyn Hatfield 004D,Offender given a caution
faf99f715e81d9d3d6a14d84a276115422b3958533ed88c809538c10ea1f3ed0,2021-07,Hertfordshire Constabulary,Hertfordshire Constabulary,-0.240292,51.764007,On or near PARKHOUSE COURT,E01033308,Welwyn Hatfield 010E,Local resolution
c6e76fd321bd5a44ad810c78b0021f8f31020b599be92792effce32433250e15,2021-07,Hertfordshire Constabulary,Hertfordshire Constabulary,-0.389951,51.679470,On or near Supermarket,E01023896,Watford 005B,Suspect charged
cfa3b6c0cf227d5a53e8e578377f7b2956ab3ca91dd8a985c06e52ac7c72eb27,2021-07,Hertfordshire Constabulary,Hertfordshire Constabulary,-0.349919,51.658638,On or near SANDY LANE,E01023555,Hertsmere 008D,Investigation complete; no suspect identified
e7cad6ca4620979f554cb930793e9b09194a8c99c4356077a87d7c079ca406b4,2021-07,Hertfordshire Constabulary,Hertfordshire Constabulary,-0.305835,51.746654,On or near OXFORD AVENUE,E01023667,St Albans 013C,Unable to prosecute suspect
c11dc826818527a28a618f1686f5bf667860ac8b2b20b8ab213332d7c651e458,2021-07,Hertfordshire Constabulary,Hertfordshire Constabulary,-0.030760,51.705579,On or near BULLWELL CRESCENT,E01023298,Broxbourne 010B,Investigation complete; no suspect identified
fe493be360d2a66a60a1e268cbd1f5f0481923cd3a6ac204f06bf928f17bfb49,2021-07,Hertfordshire Constabulary,Hertfordshire Constabulary,-0.197597,51.694903,On or near ABERDALE GARDENS,E01023568,Hertsmere 002B,Investigation complete; no suspect identified
33e419f7eafacf8135a9fbd4302cd0ad46a23460b64fa671d942d643df3c01df,2021-07,Hertfordshire Constabulary,Hertfordshire Constabulary,-0.030866,51.722468,On or near HURON ROAD,E01023342,Broxbourne 005C,Local resolution
6bdc88da8408cbc1273a14c5a5a68208b39a13d7aa3a2aa4ced6b7d036b66840,2021-07,Hertfordshire Constabulary,Hertfordshire Constabulary,-0.429158,51.675460,On or near GROVE MILL LANE,E01023854,Three Rivers 003D,Unable to prosecute suspect
afb53a7ba6c10350cca759c2ec6eb10e045d9bb4daa60a0edb73c6b50f8360e6,2021-07,Hertfordshire Constabulary,Hertfordshire Constabulary,-0.395758,51.655118,On or near HIGH STREET,E01023862,Watford 009D,Investigation complete; no suspect identified
d135f02aa936c0eecfac9cdd50e209f2b6c95bb45a21041cf54b8fc21e973edd,2021-07,Hertfordshire Constabulary,Hertfordshire Constabulary,-0.386570,51.627675,On or near Petrol Station,E01023805,Three Rivers 010A,Unable to prosecute suspect
8ad7c0e7f2ac06031f6d54ef5f48b85a3a277d9a4287178a970ca9954d9255ae,2021-07,Hertfordshire Constabulary,Hertfordshire Constabulary,-0.200675,51.901929,On or near MARKET SQUARE,E01023758,Stevenage 008D,Investigation complete; no suspect identified
5fbcb410d25bca277107340a89f8df6f50634f28f5e801b92d1a99f2d52de4fd,2021-07,Hertfordshire Constabulary,Hertfordshire Constabulary,-0.342541,51.736782,On or near TAVISTOCK CLOSE,E01023739,St Albans 017C,Investigation complete; no suspect identified
bd8c12701df4f4b38d808091f326ce8ac219ad08f82eded28fd45aab5c819e14,2021-07,Hertfordshire Constabulary,Hertfordshire Constabulary,-0.331409,51.736238,On or near CLOISTER GARTH,E01023738,St Albans 017B,Unable to prosecute suspect
737bad3b8fa6ae7980725065231302419968d5434c4a7996ae3053febbf5f613,2021-07,Hertfordshire Constabulary,Hertfordshire Constabulary,-0.245254,51.751897,On or near A1001,E01023937,Welwyn Hatfield 013E,Unable to prosecute suspect
be602b54f9c8d64fa0d7879ff0c888c268a3b5453b42f83f888e7a71c9f182e2,2021-07,Hertfordshire Constabulary,Hertfordshire Constabulary,-0.040375,51.710155,On or near Petrol Station,E01023303,Broxbourne 008B,Investigation complete; no suspect identified
7a2e70cf29120cce3a5737371be8ee7774ba72bf33720ae302802b9f9fa78a6f,2021-07,Hertfordshire Constabulary,Hertfordshire Constabulary,-0.298654,51.746154,On or near CAIRNS CLOSE,E01023677,St Albans 015A,Suspect charged
b99830807f5182435914722b72a1d6a7a1bc507c819af8e42c1ad61ad8d70401,2021-07,Hertfordshire Constabulary,Hertfordshire Constabulary,-0.449647,51.772953,On or near DAWLEY COURT,E01023395,Dacorum 007C,Investigation complete; no suspect identified
e3ec36101fd6070455c75e672855350b150f33193049d8c56c917858e0aa0ba4,2021-07,Hertfordshire Constabulary,Hertfordshire Constabulary,-0.349973,51.740304,On or near FALSTAFF GARDENS,E01023744,St Albans 014C,Suspect charged
2108b67c468bb579190b3f669e0ea407257499065085f032cb7d14ba57c2894a,2021-07,Hertfordshire Constabulary,Hertfordshire Constabulary,-0.394857,51.655268,On or near Shopping Area,E01023860,Watford 009B,Suspect charged
5ccd5e001fb3b7ee678a54e2df4507e17c44eecb09b4e18fa2751667f23037c5,2021-07,Hertfordshire Constabulary,Hertfordshire Constabulary,-0.343938,51.899240,On or near STONY LANE,E01023624,North Hertfordshire 014D,Formal action is not in the public interest
a205959f6eeab9beaa46bce9fe85050601ce14aef78150eeabddd121004f906c,2021-07,Hertfordshire Constabulary,Hertfordshire Constabulary,-0.201129,51.904760,On or near Parking Area,E01023758,Stevenage 008D,Investigation complete; no suspect identified
677497adccaf695ad919b7634f8ba9435616e3730250ba4942b0aff97f0ff04e,2021-07,Hertfordshire Constabulary,Hertfordshire Constabulary,-0.191161,51.696270,On or near Parking Area,E01023577,Hertsmere 001B,Unable to prosecute suspect
1833c87663ca0529bffa20d97c0d68bc1685c32e0b2cfb0ce870f59bd4b6f689,2021-07,Hertfordshire Constabulary,Hertfordshire Constabulary,-0.293357,51.666795,On or near STANLEY GARDENS,E01023529,Hertsmere 007A,Suspect charged
1eef967f5589c4c0940f706bd057f9a10a2c66d698aff8ce00843e8ec88d8da9,2021-07,Hertfordshire Constabulary,Hertfordshire Constabulary,-0.267551,51.658306,On or near MAXWELL ROAD,E01023541,Hertsmere 011C,Investigation complete; no suspect identified
9c5ced57ab2c06a358e034506ec79620182b9ec918dfe61def7bcf2a11a9c3f4,2021-07,Hertfordshire Constabulary,Hertfordshire Constabulary,-0.035508,51.802721,On or near Sports/Recreation Area,E01023510,East Hertfordshire 013A,Action to be taken by another organisation
1fa423dc6e162fefaa7fe756f620d5753f5816849d9bb424728fdd5b32a45657,2021-07,Hertfordshire Constabulary,Hertfordshire Constabulary,-0.207692,51.916621,On or near Sports/Recreation Area,E01023777,Stevenage 002B,Unable to prosecute suspect
bfc60ad6bd7a96ba6276a3ae60bef3a9722e800f6add19405e4f67b705e6b468,2021-07,Hertfordshire Constabulary,Hertfordshire Constabulary,-0.426895,51.695689,On or near SPUR CLOSE,E01023830,Three Rivers 002B,Unable to prosecute suspect
9234ce48117f6016a20657851d016d1903260c5eb6afcaa30a906389db68f7c0,2021-07,Hertfordshire Constabulary,Hertfordshire Constabulary,-0.358729,51.711302,On or near M25,E01023721,St Albans 019D,Investigation complete; no suspect identified
ee7ef0d35e6d0b277c51bc4c49f7e97f9472a2ed7bc51ae3a292508e190f3498,2021-07,Hertfordshire Constabulary,Hertfordshire Constabulary,-0.040375,51.710155,On or near Petrol Station,E01023303,Broxbourne 008B,Investigation complete; no suspect identified
8f03e92f30272571c8c87959b6e1dd067eba6af90440a809e80ededbcfa7a433,2021-07,Hertfordshire Constabulary,Hertfordshire Constabulary,-0.468348,51.856308,On or near COTSWOLD BUSINESS PARK,E01017561,Central Bedfordshire 033A,Local resolution
264c09ce7b9c0e08398e0a0d3e92e40083c93934114b887a48862069772c1736,2021-07,Hertfordshire Constabulary,Hertfordshire Constabulary,-0.005515,51.774412,On or near WALLERS WAY,E01023318,Broxbourne 001C,Suspect charged
578f27972c6c3316de38ef1e3a475b6e749f6c6fe6270a9e7fa8b841f023a61a,2021-07,Hertfordshire Constabulary,Hertfordshire Constabulary,-0.330330,51.749027,On or near ALMA ROAD,E01023726,St Albans 012A,Investigation complete; no suspect identified
e92d72fb8740c2b701cf84a93ff1c05c72346bda97538801fc7b9e9a9ef25a97,2021-07,Hertfordshire Constabulary,Hertfordshire Constabulary,-0.394437,51.656108,On or near Parking Area,E01023860,Watford 009B,Investigation complete; no suspect identified
9ddc76645a6ecef632a515ac8d3cb347f34aae5cd4f75ef995437f838d18a73e,2021-07,Hertfordshire Constabulary,Hertfordshire Constabulary,-0.518871,51.619158,On or near THE HAWTHORNS,E01023838,Three Rivers 009D,Unable to prosecute suspect
403718765ccf35727a889d99cdaac949fe9f504ee00ebc8cba6e34e0875bf301,2021-07,Hertfordshire Constabulary,Hertfordshire Constabulary,-0.446970,51.647732,On or near CHERRY CROFT,E01023819,Three Rivers 006A,Unable to prosecute suspect
45cd05be5462be8829e05671dc047730683a0d24cdd4eaba6a7692b64aa1a097,2021-07,Hertfordshire Constabulary,Hertfordshire Constabulary,-0.411005,51.652772,On or near KINGS AVENUE,E01023900,Watford 010B,Unable to prosecute suspect
2ce09f79d9eaaa27a4ca60c8adbf01332578c154e14b88b7c7b3b070022b928e,2021-07,Hertfordshire Constabulary,Hertfordshire Constabulary,-0.194696,51.914372,On or near LEGGETT GROVE,E01023778,Stevenage 002C,Suspect charged
f4eba8ca16758b1b2814468d10882f689c779f59f399cecd43edbf89d7d4eca8,2021-07,Hertfordshire Constabulary,Hertfordshire Constabulary,-0.325059,51.748188,On or near SHIRLEY ROAD,E01023729,St Albans 012D,Unable to prosecute suspect
7da06d982168fe8524d64b98109d62433a2e11decab03d0ff2a46e4e84462367,2021-07,Hertfordshire Constabulary,Hertfordshire Constabulary,-0.040578,51.702793,On or near COLLEGE ROAD,E01023297,Broxbourne 010A,Offender given a caution
92f792565721225f7176171616da3a5eae1fbde9e65167ac3c10fabc498d92eb,2021-07,Hertfordshire Constabulary,Hertfordshire Constabulary,-0.463908,51.765308,On or near FLETCHER WAY,E01023405,Dacorum 008E,Unable to prosecute suspect
677497adccaf695ad919b7634f8ba9435616e3730250ba4942b0aff97f0ff04e,2021-07,Hertfordshire Constabulary,Hertfordshire Constabulary,-0.191161,51.696270,On or near Parking Area,E01023577,Hertsmere 001B,Unable to prosecute suspect
c2ef1d5720a5bcada6b2933f4f89244e4e31906ddcf7e38688ca2a0c7a9c89ec,2021-07,Hertfordshire Constabulary,Hertfordshire Constabulary,-0.176063,51.703257,On or near HERONFIELD,E01023580,Hertsmere 001E,Investigation complete; no suspect identified
d16a960afc8f7134cbdec34fd2d9492c796025ae41b2d0e9e98dd40e9847bee8,2021-07,Hertfordshire Constabulary,Hertfordshire Constabulary,-0.278236,51.751297,On or near ACREWOOD WAY,E01023678,St Albans 015B,Investigation complete; no suspect identified
b474afd02f527a67057baa1fe4c3a439ccc74cc036e60a7603396850c3aed930,2021-07,Hertfordshire Constabulary,Hertfordshire Constabulary,-0.401362,51.656508,On or near UPTON ROAD,E01023861,Watford 009C,Investigation complete; no suspect identified
baa5e45f75a0938378dd6e487d5ecd07a18e4ca887199255d204554410be359c,2021-07,Hertfordshire Constabulary,Hertfordshire Constabulary,-0.416093,51.662336,On or near PARKSIDE DRIVE,E01023889,Watford 008D,Investigation complete; no suspect identified
5f03983bfe307b57f3a66d2b9d530171310fa778376840fe9fe8dfa4604409d8,2021-07,Hertfordshire Constabulary,Hertfordshire Constabulary,0.023138,51.886667,On or near MEADOW WALK,E01023498,East Hertfordshire 006A,Unable to prosecute suspect
f2ed5f8263601fcedad1a992c0bee52619deac3ac4732831b84a1481101a250d,2021-07,Hertfordshire Constabulary,Hertfordshire Constabulary,-0.158106,51.892513,On or near FIELDFARE,E01023750,Stevenage 009A,Unable to prosecute suspect
787b8ab4c8fb898d3da1294bb071484adb4ca4d0927f68c2f3dfd7084c3d2d8a,2021-07,Hertfordshire Constabulary,Hertfordshire Constabulary,-0.177029,51.912590,On or near CABOT CLOSE,E01023769,Stevenage 004C,Unable to prosecute suspect
274204483c251079919934f7f4a0e58f458843e94c732ca82e00ff19738acad4,2021-07,Hertfordshire Constabulary,Hertfordshire Constabulary,-0.233440,51.760596,On or near CROFT FIELD,E01023922,Welwyn Hatfield 012C,Unable to prosecute suspect
3ae2070756b0f7bd2e5c272f32d007929ad720b00a065f4c70a445bfdcb52c08,2021-07,Hertfordshire Constabulary,Hertfordshire Constabulary,-0.035566,51.698546,On or near HILLSIDE AVENUE,E01023334,Broxbourne 012C,Investigation complete; no suspect identified
e80547cf3afb5c18efc5c452db2579ef467a5a555fba86b9c237cd3dba0fd612,2021-07,Hertfordshire Constabulary,Hertfordshire Constabulary,-0.178687,51.690538,On or near Petrol Station,E01023573,Hertsmere 003C,Investigation complete; no suspect identified
d6d98ee662f94a8b38cdea1362ce7f55f7b8a68c3914cf1c6a66edc02cd80c8e,2021-07,Hertfordshire Constabulary,Hertfordshire Constabulary,-0.033877,51.689094,On or near A121,E01023336,Broxbourne 013A,Investigation complete; no suspect identified
75b7386fda1952d601b01c03ec6e34b180277c0a288bdd96f9283b7cd9e43d0a,2021-07,Hertfordshire Constabulary,Hertfordshire Constabulary,-0.444365,51.625451,On or near TEMPLE GARDENS,E01023841,Three Rivers 011C,Local resolution
f1af8f905a7d20a49295d5594a3492fb91c80e975b49a73f0aae16670dc4101a,2021-07,Hertfordshire Constabulary,Hertfordshire Constabulary,-0.219417,51.767497,On or near GROUND LANE,E01023930,Welwyn Hatfield 010B,Unable to prosecute suspect
b236cb571a5387c8298a7295d6ebaab6487a6d528686ff05d8358013f863203d,2021-07,Hertfordshire Constabulary,Hertfordshire Constabulary,-0.077292,51.798016,On or near BIRCHERLEY STREET,E01023478,East Hertfordshire 017D,Unable to prosecute suspect
86b386b1825c7923159051d453b91490caf1bcff1577f58d9ddcd11397c6b5b9,2021-07,Hertfordshire Constabulary,Hertfordshire Constabulary,-0.394056,51.627616,On or near LINCOLN DRIVE,E01023844,Three Rivers 012D,Unable to prosecute suspect
d6d78e962a7ec02e47a02a7fab8e219b9cdd1fe2208404ae86288d17a727b332,2021-07,Hertfordshire Constabulary,Hertfordshire Constabulary,-0.313406,51.752625,On or near Sports/Recreation Area,E01023674,St Albans 011B,Unable to prosecute suspect
9a312507e999c6359fb32e56a164226e4f9260c2148a14d189d7097ed5fce11d,2021-07,Hertfordshire Constabulary,Hertfordshire Constabulary,-0.025100,51.817186,On or near QUAKER ROAD,E01023520,East Hertfordshire 012F,Unable to prosecute suspect
146218bc789356b26eb1a4089138e152f00cf7ae4a58041277a62324660b214e,2021-07,Hertfordshire Constabulary,Hertfordshire Constabulary,-0.427348,51.755644,On or near Petrol Station,E01023409,Dacorum 017A,Investigation complete; no suspect identified
15d271a46149b511e681bd1459201b2cde995ba88bda01969cee7f438c975626,2021-07,Hertfordshire Constabulary,Hertfordshire Constabulary,-0.317007,51.748487,On or near DEXTER CLOSE,E01023666,St Albans 011A,Investigation complete; no suspect identified
e6f84c0c48d36368bebd624d1ef16a425270907ef270a15c03afa8a5f613932a,2021-07,Hertfordshire Constabulary,Hertfordshire Constabulary,-0.164747,51.744706,On or near B158,E01023910,Welwyn Hatfield 015C,Investigation complete; no suspect identified
39f18731a3a71870f4fa10d43f333cde4a7f1841844c30deac12656446cbeb09,2021-07,Hertfordshire Constabulary,Hertfordshire Constabulary,-0.024811,51.723203,On or near NUNSBURY DRIVE,E01023342,Broxbourne 005C,Unable to prosecute suspect
a59b0fa4d7421e3bdf011e9a4d4c1fb206b0f00bc62ca22700e4b41cb759a742,2021-07,Hertfordshire Constabulary,Hertfordshire Constabulary,-0.563289,51.760378,On or near Supermarket,E01023361,Dacorum 009A,Investigation complete; no suspect identified
5cd284cb1162c9163b7449d459734af5d759ccc9ad678a5aafaa2412dcf056af,2021-07,Hertfordshire Constabulary,Hertfordshire Constabulary,-0.275182,51.661403,On or near CANTERBURY ROAD,E01023530,Hertsmere 007B,Suspect charged
4cd263c129cad58290467de54f630264d05d04bd64c1a19c6db431e7b9c2dc5a,2021-07,Hertfordshire Constabulary,Hertfordshire Constabulary,-0.238045,51.774818,On or near CLOVER WALK,E01033310,Welwyn Hatfield 002E,Suspect charged
f89e4f80018bbde8456d7cdfe7b14088a54936bb31a9c41c91971792214ed43d,2021-07,Hertfordshire Constabulary,Hertfordshire Constabulary,-0.336975,51.751505,On or near Shopping Area,E01023727,St Albans 012B,Offender given a caution
21970c41f9c9b66c21d3ecbbdc5ce7180eb402421c9fedc5a6cda57436ff1d14,2021-07,Hertfordshire Constabulary,Hertfordshire Constabulary,-0.473119,51.750007,On or near Shopping Area,E01023398,Dacorum 015D,Unable to prosecute suspect
02f4a2a7fa871d92b3875b30b6bf192042f819da9fa6153c568d174600a45d31,2021-07,Hertfordshire Constabulary,Hertfordshire Constabulary,-0.272329,51.662683,On or near BROUGHINGE ROAD,E01023538,Hertsmere 006E,Unable to prosecute suspect
8ff9dce8a3218996e93bb0f7def23dfe23d4995fa298da8cfb30ea8d24b11fe6,2021-07,Hertfordshire Constabulary,Hertfordshire Constabulary,-0.349919,51.658638,On or near SANDY LANE,E01023555,Hertsmere 008D,Investigation complete; no suspect identified
57fa6b8e478b52f5f5695e0fda70c8642e05836b10bf80fb5eae21d5f6270786,2021-07,Hertfordshire Constabulary,Hertfordshire Constabulary,-0.269328,51.655688,On or near Supermarket,E01023541,Hertsmere 011C,Suspect charged
db3edd960fc6ce06a5fcfe66c831a4f2f76c0dfd50616c9378f0380373abb388,2021-07,Hertfordshire Constabulary,Hertfordshire Constabulary,-0.208676,51.899579,On or near KINGS WAY,E01023758,Stevenage 008D,Local resolution
41b04ebc66763a4d82c6a2e7802e8b188005ea0989e3a71e87f32e882615f3f5,2021-07,Hertfordshire Constabulary,Hertfordshire Constabulary,-0.400240,51.803196,On or near LINDEN ROAD,E01023725,St Albans 006D,Unable to prosecute suspect
36bf9404ccf169ad44d2add117dd3d0ca28af79f08452e5996671bfc150d369b,2021-07,Hertfordshire Constabulary,Hertfordshire Constabulary,-0.387679,51.651411,On or near Supermarket,E01023860,Watford 009B,Investigation complete; no suspect identified
8d616468a3556eb79c6eaf4b1a837f1fc568fae15e9f8ff4318b069260d67948,2021-07,Hertfordshire Constabulary,Hertfordshire Constabulary,-0.218187,51.795785,On or near THE OLD DRIVE,E01023917,Welwyn Hatfield 006B,Investigation complete; no suspect identified
245f16d1deec609fabef69768380004e7164b2e64344405a77eaa0fbfd789800,2021-07,Hertfordshire Constabulary,Hertfordshire Constabulary,-0.406461,51.647576,On or near ROSE GARDENS,E01023865,Watford 011C,Unable to prosecute suspect
a0b9eb4cfee8d473cd346fab6023a5f6597577638767a91f4c1d75a63b9da50e,2021-07,Hertfordshire Constabulary,Hertfordshire Constabulary,-0.185808,51.891369,On or near SHACKLEDELL,E01023794,Stevenage 010D,Investigation complete; no suspect identified
07ea6373f9d2ec5114e6b3d3b10165d9a55f451a6486704e40dfffd0ae5138de,2021-07,Hertfordshire Constabulary,Hertfordshire Constabulary,-0.439493,51.754709,On or near THE FLAGS,E01023345,Dacorum 013A,Unable to prosecute suspect
0b94eaa7c153353e9a72ed9956d7f81de5beb729d2f4b7e513bdb5bb85d12804,2021-07,Hertfordshire Constabulary,Hertfordshire Constabulary,-0.449611,51.756236,On or near HILLARY ROAD,E01023348,Dacorum 013D,Suspect charged
81de11f0974c653eb9cd3c455a83f14fbb902f5b65c5eb7423d81410cfecf4b5,2021-07,Hertfordshire Constabulary,Hertfordshire Constabulary,-0.375301,51.628877,On or near CAREW WAY,E01023810,Three Rivers 010C,Unable to prosecute suspect
ca844ed2077e3af60b69441ee2d669b972a3f9d5b3d38cc0fe89df8a18573ee5,2021-07,Hertfordshire Constabulary,Hertfordshire Constabulary,-0.310570,51.751344,On or near SUTTON ROAD,E01023674,St Albans 011B,Investigation complete; no suspect identified
a25997ab96942ae8d05cae27c8eed61c7cb17a56eec639e8c9200c0498ec726f,2021-07,Hertfordshire Constabulary,Hertfordshire Constabulary,-0.351529,51.827241,On or near MASEFIELD COURT,E01023692,St Albans 001C,Investigation complete; no suspect identified
4a85fc74951575927600499f2ab396055c3689aed3134373f2ac1a79fd6834c7,2021-07,Hertfordshire Constabulary,Hertfordshire Constabulary,-0.389664,51.660250,On or near PANKHURST PLACE,E01023860,Watford 009B,Unable to prosecute suspect
bd28e5cebdce57e2fae75db1ef39a6a4b95230458174ca2671ef01dda63940d1,2021-07,Hertfordshire Constabulary,Hertfordshire Constabulary,-0.072935,51.798835,On or near RAILWAY STREET,E01023478,East Hertfordshire 017D,Suspect charged
e3bead5933c48916237443e4f31354078995cc477f1e64cde6fd6076eb3c9e55,2021-07,Hertfordshire Constabulary,Hertfordshire Constabulary,-0.249674,51.981212,On or near ROMANY CLOSE,E01023651,North Hertfordshire 007C,Unable to prosecute suspect
8dfdda59156a1bf6d87113a1ddc6294361a7ebf887e47a0efa35af5d14945850,2021-07,Hertfordshire Constabulary,Hertfordshire Constabulary,-0.163650,51.917291,On or near APOLLO WAY,E01023773,Stevenage 003C,Unable to prosecute suspect
a9e2c433e723a1fc9aa17d9cd01535a9786f7ad6f5c60a337e163af349cc1b76,2021-07,Hertfordshire Constabulary,Hertfordshire Constabulary,-0.176366,51.882645,On or near BURYDALE,E01023784,Stevenage 011B,Unable to prosecute suspect
09d4c0efe8ea34da48f02b04afaf5ee6e2e74261f30d69231fc8384d80f60162,2021-07,Hertfordshire Constabulary,Hertfordshire Constabulary,-0.200114,51.970124,On or near RUNDELLS,E01023641,North Hertfordshire 009C,Investigation complete; no suspect identified
5034f357312971491dd62ecf8da0c9f9fc80081ed3783555394e71164d9b1e03,2021-07,Hertfordshire Constabulary,Hertfordshire Constabulary,-0.409903,51.702851,On or near THE HIDEAWAY,E01023832,Three Rivers 002C,Unable to prosecute suspect
0a31006610b78630a5de99deb4405c0b046c994a4d57d35818796dd71d361e54,2021-07,Hertfordshire Constabulary,Hertfordshire Constabulary,-0.457668,51.772806,On or near Parking Area,E01023393,Dacorum 007A,Suspect charged
decf8e32828e1e574787a2772ded41ee9eae3eadcf8e30933ad2d1b489845f43,2021-07,Hertfordshire Constabulary,Hertfordshire Constabulary,-0.225426,51.766904,On or near VIXEN COURT,E01023927,Welwyn Hatfield 011D,Unable to prosecute suspect
aad8d3571cb44a1a3a8107963cb47357bc30794b08a7cfd7f79dfe1d09270932,2021-07,Hertfordshire Constabulary,Hertfordshire Constabulary,-0.269328,51.655688,On or near Supermarket,E01023541,Hertsmere 011C,Investigation complete; no suspect identified
2d25d7d3b800398814b58764264ccd03ee4fc8ae6f6bbb29340472d8e239efe6,2021-07,Hertfordshire Constabulary,Hertfordshire Constabulary,-0.360029,51.746568,On or near Supermarket,E01023742,St Albans 014A,Investigation complete; no suspect identified
738ef21801aadf057ed2d08d7d5e7bc42cb619e43778d58750b76e7812520439,2021-07,Hertfordshire Constabulary,Hertfordshire Constabulary,-0.164133,51.699088,On or near STAPLETON CLOSE,E01023571,Hertsmere 003A,Investigation complete; no suspect identified
77b8c09a00777d7e7de200d80872748d3b2d0d66407d0b6bc989f8cb8625e94c,2021-07,Hertfordshire Constabulary,Hertfordshire Constabulary,-0.185896,51.918059,On or near Pedestrian Subway,E01023772,Stevenage 003B,Unable to prosecute suspect
6776004ceb9d34718eb5e604220556349696672e46e747c9654266d94eaf820b,2021-07,Hertfordshire Constabulary,Hertfordshire Constabulary,-0.196920,51.905298,On or near Pedestrian Subway,E01023758,Stevenage 008D,Unable to prosecute suspect
262ffdfd6a0ebabbf3a16bc95ebc974e8dc83298d7ef7e432b604620fed022c3,2021-07,Hertfordshire Constabulary,Hertfordshire Constabulary,-0.334424,51.752718,On or near UPPER MARLBOROUGH ROAD,E01023727,St Albans 012B,Unable to prosecute suspect
adcdc723b4b7316fdf1eb91d6818d033a5a9b4ad603515d94e269dcbf464ddfb,2021-07,Hertfordshire Constabulary,Hertfordshire Constabulary,-0.032214,51.685082,On or near Supermarket,E01023337,Broxbourne 013B,Investigation complete; no suspect identified
5db5211ad0dfb86883197534e14ccce06cda94a350d4ec95bcd623e6f54a6ff2,2021-07,Hertfordshire Constabulary,Hertfordshire Constabulary,-0.403362,51.679806,On or near FOXHILL,E01023870,Watford 004C,Investigation complete; no suspect identified
04d08a6b04cbc583c58516341bf52eda107be498ebfd514d384c1461a5c4d2a7,2021-07,Hertfordshire Constabulary,Hertfordshire Constabulary,-0.173532,51.906691,On or near FARADAY ROAD,E01023762,Stevenage 007D,Unable to prosecute suspect
a4e356baaa854a4704340fc001f9a6a6ee6719e581aa6e363f1747fc6eec7dda,2021-07,Hertfordshire Constabulary,Hertfordshire Constabulary,-0.474432,51.748019,On or near MOOR END ROAD,E01023398,Dacorum 015D,Suspect charged
1b4b71fef3d1fdb356075c4474fa4d5826678aa8359fcc3ba7d02c3f048689f4,2021-07,Hertfordshire Constabulary,Hertfordshire Constabulary,-0.228305,51.766642,On or near BURFIELD CLOSE,E01033311,Welwyn Hatfield 010F,Investigation complete; no suspect identified
e3cf6b56ce2808e1122ebcab758419e15b9416a374aba169275b0be62659179b,2021-07,Hertfordshire Constabulary,Hertfordshire Constabulary,-0.204587,51.801198,On or near Shopping Area,E01023918,Welwyn Hatfield 006C,Investigation complete; no suspect identified
6e9576861986eebe54a7c9f8f3b357a8927c9c1d56ff41438aa0c9abb6f61e8f,2021-07,Hertfordshire Constabulary,Hertfordshire Constabulary,-0.438974,51.759665,On or near MAYLANDS AVENUE,E01023345,Dacorum 013A,Unable to prosecute suspect
e9a0c9c4abf34ad4619c6761ae09a0b2aa6e41883a0f27592dee1ea0b3a7200c,2021-07,Hertfordshire Constabulary,Hertfordshire Constabulary,-0.443988,51.772302,On or near Petrol Station,E01023346,Dacorum 013B,Suspect charged
ce916643a89a4a650dd8137c43c7ac3f477802d037e924695c0d4ca473cf23d1,2021-07,Hertfordshire Constabulary,Hertfordshire Constabulary,-0.254910,51.647517,On or near HACKNEY CLOSE,E01023543,Hertsmere 011E,Unable to prosecute suspect
7889deca67ed6c894f29bfe102796e3c8b95074870943709f078974857f15364,2021-07,Hertfordshire Constabulary,Hertfordshire Constabulary,-0.278588,51.947541,On or near MARKET PLACE,E01023616,North Hertfordshire 012F,Investigation complete; no suspect identified
4b02add6fd83e40b9166fa8a61b4dcece17ff9caf5f430b347455bf4758364ce,2021-07,Hertfordshire Constabulary,Hertfordshire Constabulary,-0.018873,51.682493,On or near Sports/Recreation Area,E01023338,Broxbourne 013C,Unable to prosecute suspect
6f4beaa18030f4121a8d899fcf7d10530bf4f287346d66aa862d5cfaaa221ebe,2021-07,Hertfordshire Constabulary,Hertfordshire Constabulary,-0.339165,51.753028,On or near WADDINGTON ROAD,E01023727,St Albans 012B,Investigation complete; no suspect identified
3f7859816f90ad7098847c9e2881f5812d891408f44e599915146ec583215475,2021-07,Hertfordshire Constabulary,Hertfordshire Constabulary,-0.198440,51.697344,On or near THE APPROACH,E01023568,Hertsmere 002B,Investigation complete; no suspect identified
831abe51db3e6f02786dac09251634061a1fe1e743870281221643efc2bce906,2021-07,Hertfordshire Constabulary,Hertfordshire Constabulary,-0.425418,51.748658,On or near EDENHALL CLOSE,E01023410,Dacorum 017B,Investigation complete; no suspect identified
f37b086b19290492260ef1cb61268a3c68e12622cf4575e6e3b55c54b52aee65,2021-07,Hertfordshire Constabulary,Hertfordshire Constabulary,0.160093,51.878054,On or near REYNARD COPSE,E01023450,East Hertfordshire 004B,Suspect charged
858d5f62fa34baa85b9665951227867031b08b8fea4eb2499f627d97172790ff,2021-07,Hertfordshire Constabulary,Hertfordshire Constabulary,0.153011,51.819203,On or near LAWRENCE AVENUE,E01023499,East Hertfordshire 011A,Unable to prosecute suspect
2ece3436ad3e272a04a98c0484e39211addf6e110a546efe292c5ce5b4b36772,2021-07,Hertfordshire Constabulary,Hertfordshire Constabulary,-0.418543,51.653836,On or near OBSERVER DRIVE,E01023886,Watford 008A,Unable to prosecute suspect
37b7da2874cdb5423d8e33cd9c219a5a60a88d5e33704b341917a82a45021d80,2021-07,Hertfordshire Constabulary,Hertfordshire Constabulary,-0.457668,51.772806,On or near Parking Area,E01023393,Dacorum 007A,Unable to prosecute suspect
0dffdf51bb295edba41e3bfe2637b474008bb5f819fd6a10aa3644f6dc75913f,2021-07,Hertfordshire Constabulary,Hertfordshire Constabulary,-0.350999,51.716894,On or near WITHY PLACE,E01023719,St Albans 019B,Unable to prosecute suspect
1bd0439eafbf724c229947e97d78864d9e7ab32de7968cef73ce1277222931c4,2021-07,Hertfordshire Constabulary,Hertfordshire Constabulary,-0.581258,51.752918,On or near Sports/Recreation Area,E01023372,Dacorum 012D,Investigation complete; no suspect identified
95ae69e75f8a71cf80840fd59c4ff1c13607f3fb4cb077db8bd18488af523e4d,2021-07,Hertfordshire Constabulary,Hertfordshire Constabulary,-0.420550,51.642695,On or near CHENIES WAY,E01023864,Watford 011B,Investigation complete; no suspect identified
e790f67dfcf9d1f79ae984eb657229e4d47fcde289ad51b714aae098033c95a5,2021-07,Hertfordshire Constabulary,Hertfordshire Constabulary,-0.177029,51.912590,On or near CABOT CLOSE,E01023769,Stevenage 004C,Unable to prosecute suspect
c8bcbbfc56837301a818fe2e3eb971a2f93776f9a9c2ce04d82ced3a024ddb3f,2021-07,Hertfordshire Constabulary,Hertfordshire Constabulary,-0.381578,51.648585,On or near WELLSFIELD,E01023553,Hertsmere 008B,Suspect charged
a8899b0b3f51749d013a8f0dcf6ec0dd7a5a2cb742088f2e89745e182c5e8d68,2021-07,Hertfordshire Constabulary,Hertfordshire Constabulary,-0.288534,51.811118,On or near NECTON ROAD,E01023747,St Albans 004B,Investigation complete; no suspect identified
053496becf491d36be5bf52bc9f59628f2302947109efc10bf351d739edb79c6,2021-07,Hertfordshire Constabulary,Hertfordshire Constabulary,-0.393175,51.626785,On or near TURNBERRY COURT,E01023844,Three Rivers 012D,Unable to prosecute suspect
55abc5aab8ae33349596d672ea6174d740dc596c9c68a7e714f028451b49527b,2021-07,Hertfordshire Constabulary,Hertfordshire Constabulary,-0.502422,51.749251,On or near HAZELDELL LINK,E01023383,Dacorum 016A,Formal action is not in the public interest
35931022cd143f76c0578fc75a5fbd45fd486f994442db197296e1f46a61a126,2021-07,Hertfordshire Constabulary,Hertfordshire Constabulary,-0.021444,51.737642,On or near CHILWORTH GATE,E01023340,Broxbourne 005A,Unable to prosecute suspect
c3543a7066f65e7b24d1c1042251b8167957f002128d429bd0b176e89f5808c8,2021-07,Hertfordshire Constabulary,Hertfordshire Constabulary,-0.451025,51.777584,On or near THE DEE,E01023395,Dacorum 007C,Unable to prosecute suspect
304f9f612c0f1f2b5ad1aa4e6a9d77f527053268beebd00cfe6b0c7899863b2b,2021-07,Hertfordshire Constabulary,Hertfordshire Constabulary,-0.469749,51.760583,On or near CHAPEL STREET,E01023399,Dacorum 010C,Suspect charged
7a96a1a00a4c242ce3dc5cab92bd73ebd91064064274a4b43c5debfa64b5a168,2021-07,Hertfordshire Constabulary,Hertfordshire Constabulary,-0.464584,51.764193,On or near PASTON ROAD,E01023405,Dacorum 008E,Suspect charged
6ee390ee0d248a8852fba88c753fa0d5e7e7378eb42b590385bda2a6d6d8abbc,2021-07,Hertfordshire Constabulary,Hertfordshire Constabulary,-0.191650,52.024844,On or near CALDECOTE ROAD,E01023585,North Hertfordshire 005A,Suspect charged
35b3a704c5bd81d0fcd780f012999160ae103db716082361c6044351fb064993,2021-07,Hertfordshire Constabulary,Hertfordshire Constabulary,-0.178101,51.686384,On or near BYERS CLOSE,E01023575,Hertsmere 003E,Unable to prosecute suspect
45fb6bcb9b8d6614e02915a27e152921cc9f8eb5b29d4e31964a93a2e47ebaa4,2021-07,Hertfordshire Constabulary,Hertfordshire Constabulary,-0.370632,51.653936,On or near MARLBOROUGH DRIVE,E01023562,Hertsmere 012E,Unable to prosecute suspect
0f444678ed821fede1fb11a3c7a6d68d3f17465afc2590ecb6d5d14939b83ac2,2021-07,Hertfordshire Constabulary,Hertfordshire Constabulary,-0.194823,51.792551,On or near BURGUNDY CROFT,E01023957,Welwyn Hatfield 007D,Unable to prosecute suspect
1e94fc90fb3b31e2bfec87fe62912ef3f5eae7f4c86d300493104b8a43667f48,2021-07,Hertfordshire Constabulary,Hertfordshire Constabulary,-0.268074,51.955300,On or near Sports/Recreation Area,E01023602,North Hertfordshire 010B,Unable to prosecute suspect
61260d39802626af848400ee244b12e5a7a24d98e7bb5889995ca21308699da1,2021-07,Hertfordshire Constabulary,Hertfordshire Constabulary,-0.465873,51.736839,On or near Shopping Area,E01033023,Dacorum 018H,Suspect charged
8ea08d95a392cb8efc1a47eee9e31df0973825662ca731bb9cd6ef98dd8e8c6c,2021-07,Hertfordshire Constabulary,Hertfordshire Constabulary,-0.472476,51.733427,On or near HIGH RIDGE CLOSE,E01023354,Dacorum 018B,Unable to prosecute suspect
9c8609dbc0b2d8158e6985d7848a10b7145d59bf5759a65b8248744756e82c75,2021-07,Hertfordshire Constabulary,Hertfordshire Constabulary,-0.218324,51.772444,On or near HILLFIELD,E01033311,Welwyn Hatfield 010F,Suspect charged
2e6138b0026c26ba5d0c08335f50a2dc34e64c16df3c52353961f7c7b3e6b891,2021-07,Hertfordshire Constabulary,Hertfordshire Constabulary,0.134443,51.874854,On or near Petrol Station,E01023454,East Hertfordshire 003C,Investigation complete; no suspect identified
afaaca6cca70495a544a43e8aa0f49e8aded93761a4cd2bd1b3cb2b9ceee5855,2021-07,Hertfordshire Constabulary,Hertfordshire Constabulary,-0.391328,51.695315,On or near Sports/Recreation Area,E01023905,Watford 001B,Suspect charged
6bd3fb4f83108391aa3558e288eb8272c62bc270e9c442c32beafc001dfa33ec,2021-07,Hertfordshire Constabulary,Hertfordshire Constabulary,-0.221971,51.761888,On or near BREAKS ROAD,E01023924,Welwyn Hatfield 011A,Suspect charged
181b85d95c5eefc4eb662aff8090f11fc729f12d2e0e638ef091c8d4d2d8dfb0,2021-07,Hertfordshire Constabulary,Hertfordshire Constabulary,-0.236599,51.973760,On or near WEST VIEW,E01023645,North Hertfordshire 008B,Local resolution
a07b9afd6132092b05e786be6f90b915556b6330795d87ed721dcf8b8ae25750,2021-07,Hertfordshire Constabulary,Hertfordshire Constabulary,-0.339855,51.750808,On or near HOLYWELL HILL,E01023743,St Albans 014B,Unable to prosecute suspect
1c3beb2dfaedeb06894bc5d6956218f7a15d5689760f97fcc9cf342179d58417,2021-07,Hertfordshire Constabulary,Hertfordshire Constabulary,-0.172678,51.787929,On or near LITTLE THISTLE,E01023945,Welwyn Hatfield 008C,Unable to prosecute suspect
1afacfddd2d21f8c8c17b21cab173d7837598b42ab3f17e3ce28b92690ff1629,2021-07,Hertfordshire Constabulary,Hertfordshire Constabulary,-0.233703,51.771318,On or near MANOR PARADE,E01033311,Welwyn Hatfield 010F,Unable to prosecute suspect
ff45b424d76c2562d42b97805eb8f7f1479b2b2f5e5f47c516b4458ccd201770,2021-07,Hertfordshire Constabulary,Hertfordshire Constabulary,-0.186161,51.982157,On or near HILLCREST,E01023593,North Hertfordshire 004G,Unable to prosecute suspect
a4d658c77c79370f14a2f0d71f36ad60d378ca3fe5a94960262297b9a4ed6632,2021-07,Hertfordshire Constabulary,Hertfordshire Constabulary,-0.210614,51.976228,On or near Petrol Station,E01023643,North Hertfordshire 009E,Action to be taken by another organisation
f27a0e40ed12d9986c939c8d7417201d31a3fae351a8a7239a32916e634e28d4,2021-07,Hertfordshire Constabulary,Hertfordshire Constabulary,-0.174231,51.920279,On or near SEFTON ROAD,E01023774,Stevenage 003D,Unable to prosecute suspect
049b9d34f4283f34e0a42beaaa59e0e342b4c61a828ea17e4f5a78a3faac333e,2021-07,Hertfordshire Constabulary,Hertfordshire Constabulary,-0.347109,51.763598,On or near BATCHWOOD DRIVE,E01023672,St Albans 009D,Suspect charged
d1daffa9472b677a517076aa4ec3bfc20063ef4e9b2dc9f763153b3963ed501f,2021-07,Hertfordshire Constabulary,Hertfordshire Constabulary,-0.364450,51.825480,On or near BLOOMFIELD ROAD,E01023690,St Albans 001A,Investigation complete; no suspect identified
14ac2a664226d0eab1d5845095af9b5d86e22311580281d3602fdc3c199d1d20,2021-07,Hertfordshire Constabulary,Hertfordshire Constabulary,-0.420263,51.619734,On or near ARDROSS AVENUE,E01023839,Three Rivers 011A,Investigation complete; no suspect identified
af920c35dee725522952d06f3a7050c7b856f0a1e6452a792fc6ec115837e7db,2021-07,Hertfordshire Constabulary,Hertfordshire Constabulary,-0.433862,51.758339,On or near HALES PARK CLOSE,E01023345,Dacorum 013A,Investigation complete; no suspect identified
2f9850847772a54f196133719e0ab19c3706342f5815a106bd9ec8ba48740941,2021-07,Hertfordshire Constabulary,Hertfordshire Constabulary,-0.441878,51.780979,On or near TATTERSHALL DRIVE,E01023435,Dacorum 005B,Unable to prosecute suspect
d1127fde39835b1679b64e868a08d5eec1df4148f6b0f8c64bb0fa4e7387563e,2021-07,Hertfordshire Constabulary,Hertfordshire Constabulary,-0.012574,51.760890,On or near TAVERNERS WAY,E01023320,Broxbourne 003A,Investigation complete; no suspect identified
5980cd3f7d1e603688267bf6bd531d8ace0e1d92c582b100ca23bb60ffd2e68c,2021-07,Hertfordshire Constabulary,Hertfordshire Constabulary,-0.395073,51.627045,On or near MATLOCK CRESCENT,E01023844,Three Rivers 012D,Investigation complete; no suspect identified
e53e58ab2bf9ed82ef96c0f2685f63206b404925b1d90f9ff0972c0b4507ab30,2021-07,Hertfordshire Constabulary,Hertfordshire Constabulary,-0.407129,51.628081,On or near GOSFORTH PATH,E01023827,Three Rivers 008A,Formal action is not in the public interest
422e7e2b99ca2c44ad2bd766e7b03106fd180feedaaa8bedf435d32259d8264c,2021-07,Hertfordshire Constabulary,Hertfordshire Constabulary,-0.383811,51.623186,On or near WOODHALL LANE,E01023805,Three Rivers 010A,Investigation complete; no suspect identified
db0876116a16f587d67f7d494fc553e565e930b210d6ce73f532bed4feebcdf0,2021-07,Hertfordshire Constabulary,Hertfordshire Constabulary,-0.471027,51.759637,On or near AUSTINS PLACE,E01023399,Dacorum 010C,Suspect charged
6fd0dfdd8e8447d071a5ef7c37f14f9bfbe658fa677fb843734cb5db33aeb63d,2021-07,Hertfordshire Constabulary,Hertfordshire Constabulary,-0.012521,51.776284,On or near BEYERS RIDE,E01023317,Broxbourne 001B,Investigation complete; no suspect identified
c6021160cdd7ce7eb51f5f34905fc9eba0c7235ad397956abe6a0ef1889afaf8,2021-07,Hertfordshire Constabulary,Hertfordshire Constabulary,-0.456928,51.737126,On or near WILKINSON WAY,E01023360,Dacorum 020D,Unable to prosecute suspect
dfb3e51a4e7e59c2639c9f8844e1b012930216af8a6988cf9b81cc18e98e6912,2021-07,Hertfordshire Constabulary,Hertfordshire Constabulary,-0.310850,51.748111,On or near ELY ROAD,E01023667,St Albans 013C,Investigation complete; no suspect identified
f77153be02cf3e798942040ba22497e0dd47e43fcd97f85fbabb3bd535576ba2,2021-07,Hertfordshire Constabulary,Hertfordshire Constabulary,-0.195411,51.909591,On or near LANGTHORNE AVENUE,E01023775,Stevenage 006A,Unable to prosecute suspect
beccfd90f328b26bc8a1f025638778bbf72ced6ba9b6ab929cfecc9a496b5cfe,2021-07,Hertfordshire Constabulary,Hertfordshire Constabulary,-0.169855,51.920238,On or near Pedestrian Subway,E01023771,Stevenage 003A,Unable to prosecute suspect
b0ff5fb6572cda38d2704900f8e5066d02946b6bfa96515283749b1bb2179f68,2021-07,Hertfordshire Constabulary,Hertfordshire Constabulary,-0.420279,51.683749,On or near MINERVA DRIVE,E01023871,Watford 004D,Suspect charged
61e1b572b46ffd86b2e318866f14c506cd1142ba24672c20b4c898699e98e7c9,2021-07,Hertfordshire Constabulary,Hertfordshire Constabulary,-0.391190,51.643699,On or near OAKVIEW CLOSE,E01023885,Watford 012D,Investigation complete; no suspect identified
025f36c0cb0de751b366c64199975c38339a3eda14b295fe6ddb2c5c25da6c14,2021-07,Hertfordshire Constabulary,Hertfordshire Constabulary,-0.382143,51.638800,On or near SHERWOODS ROAD,E01023882,Watford 012A,Unable to prosecute suspect
2cb1daad018dca798c25fd2a94368f769f079acd686556f8d141b0c5fba6ee07,2021-07,Hertfordshire Constabulary,Hertfordshire Constabulary,-0.441068,51.759037,On or near THE COPPICE,E01023345,Dacorum 013A,Local resolution
ffce34eded7c49d379a6980985d1e396c3b9d64e28f32d03d291ce924747e9d0,2021-07,Hertfordshire Constabulary,Hertfordshire Constabulary,-0.204026,51.890444,On or near Park/Open Space,E01023786,Stevenage 011D,Investigation complete; no suspect identified
f45f6d6797d617fe3afa5b32a15b95172480adc924ff97719522caa869db439e,2021-07,Hertfordshire Constabulary,Hertfordshire Constabulary,-0.321059,51.747834,On or near DELLFIELD,E01023666,St Albans 011A,Unable to prosecute suspect
17f2c0b96a822cc18781df7f7157ac6d3862505880ab1ec4ca89726fe1c20e25,2021-07,Hertfordshire Constabulary,Hertfordshire Constabulary,-0.283128,51.718170,On or near TYNEDALE,E01023704,St Albans 018A,Investigation complete; no suspect identified
2d0bd604db15401620278d199b2746b6674fec8c11f1eda9c84155c886dc8211,2021-07,Hertfordshire Constabulary,Hertfordshire Constabulary,-0.390695,51.653988,On or near LOWER DERBY ROAD,E01023860,Watford 009B,Unable to prosecute suspect
66d400dc851baf981366f08416a5459f77e1101fb265e4f42ea00b739dc9a9b4,2021-07,Hertfordshire Constabulary,Hertfordshire Constabulary,0.165549,51.871552,On or near HERON COURT,E01023451,East Hertfordshire 004C,Unable to prosecute suspect
fdbc7046b431c4e6205e719ba49eb0944981890d12d1824bc72a67f7755125c5,2021-07,Hertfordshire Constabulary,Hertfordshire Constabulary,-0.336758,51.752293,On or near Police Station,E01023727,St Albans 012B,Investigation complete; no suspect identified
e53247aed60771c7f77899a0a0638d24b9320943188b60981891fe9fd9cdc6cb,2021-07,Hertfordshire Constabulary,Hertfordshire Constabulary,-0.012574,51.760890,On or near TAVERNERS WAY,E01023320,Broxbourne 003A,Investigation complete; no suspect identified
125c738773da46786923c429c7768f200088a69fdfa1591a9b30cd677749e939,2021-07,Hertfordshire Constabulary,Hertfordshire Constabulary,-0.219547,51.679421,On or near Park/Open Space,E01023584,Hertsmere 004D,Unable to prosecute suspect
aca5123961ac5424dfa8d2d1655aa2a749e138f8468a3bad85df814b6fe4ed67,2021-07,Hertfordshire Constabulary,Hertfordshire Constabulary,-0.318370,51.737158,On or near NEW BARNES AVENUE,E01023684,St Albans 016D,Investigation complete; no suspect identified
3d4a15312e867b07c4fe507898b5dad8c6cc2ad9aee0bce951d240ad9b86d357,2021-07,Hertfordshire Constabulary,Hertfordshire Constabulary,-0.225831,51.760643,On or near WOOD CLOSE,E01023924,Welwyn Hatfield 011A,Investigation complete; no suspect identified
0218d2c7593b0e8e81bfeb21c8b414a790dd8ff316703e8fa65326f8be84e8d9,2021-07,Hertfordshire Constabulary,Hertfordshire Constabulary,-0.180485,51.691519,On or near HOLLY DRIVE,E01023573,Hertsmere 003C,Unable to prosecute suspect
735ffdcd5eac65c5af268948e1dd2f410e1571ea46a0b065c890abf96f5b29cd,2021-07,Hertfordshire Constabulary,Hertfordshire Constabulary,-0.448577,51.739903,On or near CLAYMILLS MEWS,E01023359,Dacorum 020C,Formal action is not in the public interest
eed31eb6dfe6ba9ec84ad1dd1027142befc53085f2bde06e795f570f3aff8b31,2021-07,Hertfordshire Constabulary,Hertfordshire Constabulary,-0.377285,51.646169,On or near BRICK KILN CLOSE,E01023559,Hertsmere 012B,Investigation complete; no suspect identified
0304ea31ac26cb06b64c8069715d9b3a64c4478a5ce60493c3806438ed79f458,2021-07,Hertfordshire Constabulary,Hertfordshire Constabulary,-0.338894,51.748160,On or near BARDWELL ROAD,E01023727,St Albans 012B,Suspect charged
4146cd946505860da7abdde595d49009ae89892fca365ca9164582287ad2dc09,2021-07,Hertfordshire Constabulary,Hertfordshire Constabulary,-0.253023,51.658612,On or near Petrol Station,E01023546,Hertsmere 009C,Investigation complete; no suspect identified
9294599a9b46754f17762ac459494ffcafabd9eb3316e623fea5a1a71e81d27b,2021-07,Hertfordshire Constabulary,Hertfordshire Constabulary,-0.435117,51.768147,On or near Parking Area,E01023345,Dacorum 013A,Investigation complete; no suspect identified
4a930678d8ca24108b5fa46b5b3c4f85981a685bb73dbcc03d75822e4840cb68,2021-07,Hertfordshire Constabulary,Hertfordshire Constabulary,-0.412486,51.664176,On or near ORCHARD CLOSE,E01023889,Watford 008D,Offender given a caution
3d0fd351c56f3e354537903c37b2cf487b7772ed515b0b1c2a89c48999ceffeb,2021-07,Hertfordshire Constabulary,Hertfordshire Constabulary,-0.438974,51.759665,On or near MAYLANDS AVENUE,E01023345,Dacorum 013A,Investigation complete; no suspect identified
c81c80691ef396a114b1375953fc6c8f61547ec2b1a9e862c57cd4bf1305e91e,2021-07,Hertfordshire Constabulary,Hertfordshire Constabulary,-0.032834,51.708482,On or near Sports/Recreation Area,E01023298,Broxbourne 010B,Further investigation is not in the public interest
99f523a0f12edf4f61f0da5eb0a1f92b021677bd4b6aad364f6ff0e4fe9434ce,2021-07,Hertfordshire Constabulary,Hertfordshire Constabulary,-0.426299,51.823311,On or near Petrol Station,E01023430,Dacorum 001A,Unable to prosecute suspect
db0168f5d9294bc10b74343d58a3ac05f8640db06db284ad7c782ff223e34684,2021-07,Hertfordshire Constabulary,Hertfordshire Constabulary,-0.028859,51.799858,On or near Sports/Recreation Area,E01023510,East Hertfordshire 013A,Unable to prosecute suspect
7af5c4394d46e4d7a74721278889547bfdc031f3130bdafc5093a9160e6a00cc,2021-07,Hertfordshire Constabulary,Hertfordshire Constabulary,-0.030002,51.747677,On or near GOLD CLOSE,E01023289,Broxbourne 004A,Investigation complete; no suspect identified
82338545ad85baecde93002348e6072e3953885afe78f9c1c742c725982ae7da,2021-07,Hertfordshire Constabulary,Hertfordshire Constabulary,-0.193258,51.884263,On or near Supermarket,E01023786,Stevenage 011D,Investigation complete; no suspect identified
17d519b870c199488ab619e6c5e5b8711ef36f9f3f240bdae3efd3a110d67377,2021-07,Hertfordshire Constabulary,Hertfordshire Constabulary,-0.167119,51.923154,On or near ADMIRAL DRIVE,E01023789,Stevenage 001C,Investigation complete; no suspect identified
73a9b2457dc8fa955e4e33b904c3c4bdc56e5c62b8cd7d288d2785771ea5fecd,2021-07,Hertfordshire Constabulary,Hertfordshire Constabulary,-0.335951,51.715091,On or near HYDE LANE,E01023720,St Albans 019C,Investigation complete; no suspect identified
70702ac7de3b2feaf818406e365aa6f99ae60aeaf13cea58adbf20918ba88f20,2021-07,Hertfordshire Constabulary,Hertfordshire Constabulary,-0.310570,51.751344,On or near SUTTON ROAD,E01023674,St Albans 011B,Investigation complete; no suspect identified
69755cba27ff1742d51c3ad19f8e9d7beffcaa70a4b73c40333f48a51b96dd6e,2021-07,Hertfordshire Constabulary,Hertfordshire Constabulary,-0.162785,51.926728,On or near LOWES CLOSE,E01033024,North Hertfordshire 005H,Unable to prosecute suspect
3aa9bc12eddf30db5912f1cb502aadf36189ac00aa95764662aacb2ebd19910e,2021-07,Hertfordshire Constabulary,Hertfordshire Constabulary,-0.555483,51.756137,On or near GREENE WALK,E01023366,Dacorum 014B,Unable to prosecute suspect
76db7d5f05df8a3bc6a3c650caa49f69da264dbd1a398d220ac5fbe9eb36e612,2021-07,Hertfordshire Constabulary,Hertfordshire Constabulary,-0.237248,51.749134,On or near HERNESHAW,E01023937,Welwyn Hatfield 013E,Local resolution
04dac2a9b69c94f5e50bd59810e2cd1ca9a7ff59ba954e75ac976cfbbf0694ba,2021-07,Hertfordshire Constabulary,Hertfordshire Constabulary,-0.358586,51.651646,On or near FOX CLOSE,E01023560,Hertsmere 012C,Investigation complete; no suspect identified
56159a90a0eddc616e6257b5adb94822b2293b124596a19657f67dbe49f0775a,2021-07,Hertfordshire Constabulary,Hertfordshire Constabulary,-0.210173,51.924068,On or near PIRTON CLOSE,E01023800,Stevenage 002E,Unable to prosecute suspect
17c8f852b18b53690092d529fdd4c9eb3165b615ed3e7f65971138db021faf2d,2021-07,Hertfordshire Constabulary,Hertfordshire Constabulary,-0.359700,51.643200,On or near MELBOURNE ROAD,E01023561,Hertsmere 012D,Unable to prosecute suspect
187ad7106276991a2dd82cee422c6242e6403559c72f96c0d39353b80105a5eb,2021-07,Hertfordshire Constabulary,Hertfordshire Constabulary,-0.476554,51.639649,On or near RECTORY ROAD,E01023852,Three Rivers 007D,Investigation complete; no suspect identified
cd44ebbf52b4f1075d8cf6e2348c97c96bb64902f5a9189ba6bf347935eacc2f,2021-07,Hertfordshire Constabulary,Hertfordshire Constabulary,0.143662,51.858212,On or near Supermarket,E01023448,East Hertfordshire 007F,Unable to prosecute suspect
37f712d2f0c89c56d9b29abb1026e9e299d44cc0c9ab91d4f225c82db01adc6b,2021-07,Hertfordshire Constabulary,Hertfordshire Constabulary,-0.392790,51.681829,On or near ST ALBANS ROAD,E01023890,Watford 002A,Suspect charged
8c29b8bb89fc592bce27b45f33a04059219f12b8e7e73b0effc036fcd76dc17d,2021-07,Hertfordshire Constabulary,Hertfordshire Constabulary,-0.040578,51.702793,On or near COLLEGE ROAD,E01023297,Broxbourne 010A,Unable to prosecute suspect
f7986a1b66bfc4cf465098c831e97c5e11549848087d6df3873d42bcb15a4ec4,2021-07,Hertfordshire Constabulary,Hertfordshire Constabulary,-0.456607,51.738884,On or near LOWER BARN,E01023359,Dacorum 020C,Investigation complete; no suspect identified
fd291af3b57bd87c7704c50c212aed93b51268032a4fc5aebc9e6498714ef3b9,2021-07,Hertfordshire Constabulary,Hertfordshire Constabulary,-0.048536,51.741826,On or near CHURCH LANE,E01023341,Broxbourne 005B,Investigation complete; no suspect identified
2b7a2f9f3752d22b14406e557afb2a135be8bb64599580c266eb1257fc76d691,2021-07,Hertfordshire Constabulary,Hertfordshire Constabulary,-0.241235,51.763599,On or near Supermarket,E01033308,Welwyn Hatfield 010E,Unable to prosecute suspect
d279943583f3bd48c467ebe6c193301f7af55e2d0ddceef0e360c2be94323709,2021-07,Hertfordshire Constabulary,Hertfordshire Constabulary,,,No location,,,Investigation complete; no suspect identified
8d4dc3377e3f8a93ddc6665d938feb4a3010608f3233cac16f08ef3f357e9be3,2021-07,Hertfordshire Constabulary,Hertfordshire Constabulary,-0.340262,51.632883,On or near Petrol Station,E01023550,Hertsmere 013C,Unable to prosecute suspect
53ea4dc207fe13433ba143b51cd9c267c2f1346712816d79be4aea00cbb4d01c,2021-07,Hertfordshire Constabulary,Hertfordshire Constabulary,-0.084628,51.783029,On or near CECIL ROAD,E01023475,East Hertfordshire 017A,Unable to prosecute suspect
ea68fbd089b1c2c1ae2a9f54e92cd55710e9fe0da81267cb52362c8607440201,2021-07,Hertfordshire Constabulary,Hertfordshire Constabulary,-0.492589,51.749152,On or near BARGROVE AVENUE,E01023381,Dacorum 018E,Investigation complete; no suspect identified
f6f7a9969c164b14feb91d66a39440b81d231917c7ba915ead17e91330c65367,2021-07,Hertfordshire Constabulary,Hertfordshire Constabulary,-0.367562,51.646844,On or near FALCONER ROAD,E01023563,Hertsmere 012F,Unable to prosecute suspect
848cd032d69335cbbd3f80aec8c8eabce667e74aae45745be57889f99c6cd63f,2021-07,Hertfordshire Constabulary,Hertfordshire Constabulary,-0.233674,51.748289,On or near HIGH VIEW,E01023937,Welwyn Hatfield 013E,Investigation complete; no suspect identified
5cd03d4df0167a27875139464a7aa92878de576a7bdf76c80eccd6f8e6de0fbb,2021-07,Hertfordshire Constabulary,Hertfordshire Constabulary,-0.199944,51.900929,On or near EASTGATE,E01023758,Stevenage 008D,Investigation complete; no suspect identified
710c4549fa7af875a109d688d588b0d397ccb92b3661fe8f73553ce126fd9833,2021-07,Hertfordshire Constabulary,Hertfordshire Constabulary,-0.380949,51.705981,On or near OLD WATFORD ROAD,E01023834,Three Rivers 002E,Suspect charged
ff9121ef086c76bffa5e7eb65509b7df86a73f062155eb242cae3155e7b09e72,2021-07,Hertfordshire Constabulary,Hertfordshire Constabulary,-0.396503,51.669246,On or near HATFIELD ROAD,E01023855,Watford 006A,Suspect charged
4fcbe82f69e1945c38f35f738878d7268b963efa68a66bd879dad4e5fc20af34,2021-07,Hertfordshire Constabulary,Hertfordshire Constabulary,-0.466112,51.639037,On or near Parking Area,E01023851,Three Rivers 004D,Investigation complete; no suspect identified
2e2cf1ac582912ac7eb3cc7b07a99632cac1b7c80978e9b884bfffa35bc514c0,2021-07,Hertfordshire Constabulary,Hertfordshire Constabulary,-0.038501,51.683209,On or near CAMERON DRIVE,E01023337,Broxbourne 013B,Investigation complete; no suspect identified
53b684c7cebfef6c30064003d4e0a53bdf4b4c1a04a77783afd8e3e4579c9369,2021-07,Hertfordshire Constabulary,Hertfordshire Constabulary,-0.220962,51.768365,On or near CLARKE'S ROAD,E01023930,Welwyn Hatfield 010B,Local resolution
98f66567734f71d061f34d21d0faa1dfb25eabbad1fd07f015ce2f7fe0613ba9,2021-07,Hertfordshire Constabulary,Hertfordshire Constabulary,-0.295338,51.747662,On or near MANSTON WAY,E01023677,St Albans 015A,Investigation complete; no suspect identified
0d757cd77bdbe08e8b4be0e21e2524b5aefb96c772fbc5e95bf03187b3923b58,2021-07,Hertfordshire Constabulary,Hertfordshire Constabulary,-0.207334,51.911733,On or near CHURCH LANE,E01023775,Stevenage 006A,Unable to prosecute suspect
bbc918b7be43e2007e5c9e4279bcc40ffff6cdfbc5af93c920c6dc0d7f85d6f6,2021-07,Hertfordshire Constabulary,Hertfordshire Constabulary,-0.206938,51.694696,On or near SHILLITOE AVENUE,E01023569,Hertsmere 002C,Unable to prosecute suspect
3155793eb8cb998f1c2b5a6f0c3ec494f6cdb5f2c774298a0dacf28011878d90,2021-07,Hertfordshire Constabulary,Hertfordshire Constabulary,-0.210640,51.971921,On or near GOLDON,E01023643,North Hertfordshire 009E,Unable to prosecute suspect
a0e3828c8544a6d9092b0172e120d8a9f33a642c112a5c47a6c6253e38de9ea0,2021-07,Hertfordshire Constabulary,Hertfordshire Constabulary,-0.215849,51.925809,On or near Parking Area,E01023800,Stevenage 002E,Unable to prosecute suspect
2b0d9e54ebecf4f5d64a280f1e4444ee5e0b4f99615565b0c4ad7f59519c5c94,2021-07,Hertfordshire Constabulary,Hertfordshire Constabulary,-0.431979,51.718138,On or near GROSVENOR SQUARE,E01023808,Three Rivers 001E,Unable to prosecute suspect
1d30e17a85cc2b1372a6213a15010a72f83bcbb0bddb1d10c60a3ef4ed95ba33,2021-07,Hertfordshire Constabulary,Hertfordshire Constabulary,-0.382143,51.638800,On or near SHERWOODS ROAD,E01023882,Watford 012A,Investigation complete; no suspect identified
494a2d45bdc75d28c0a41b59b57767cd9bcf6d568db9c458b860c047dca09555,2021-07,Hertfordshire Constabulary,Hertfordshire Constabulary,-0.470828,51.753952,On or near Supermarket,E01023398,Dacorum 015D,Suspect charged
32be48bbaa87fcc005672f63cefa83ca95d1591af3a0621adc1ae6d245f88d22,2021-07,Hertfordshire Constabulary,Hertfordshire Constabulary,-0.187970,51.883876,On or near CHATSWORTH COURT,E01023783,Stevenage 011A,Investigation complete; no suspect identified
4db097b9eb6ea50e8f2b5f3e21b6c55ffffdeea15414f4d32f82f701bc1e31b2,2021-07,Hertfordshire Constabulary,Hertfordshire Constabulary,-0.331752,51.736756,On or near NUNS LANE,E01023738,St Albans 017B,Investigation complete; no suspect identified
aac41ff5ce84923aae74a4841a8e751c1d07ae731da2d8bbe5cd47e8cae25974,2021-07,Hertfordshire Constabulary,Hertfordshire Constabulary,-0.378263,51.627255,On or near FOXLEYS,E01023810,Three Rivers 010C,Investigation complete; no suspect identified
bb108a7a0e17c30000f539d9a37f6938039016f42842859f4a99e5d5c4ed7902,2021-07,Hertfordshire Constabulary,Hertfordshire Constabulary,-0.034107,51.718853,On or near A10,E01023305,Broxbourne 008D,Unable to prosecute suspect
ad519b998fff3693a38a286bef7e47c25b60fbd1b97917769461aea200e5cca0,2021-07,Hertfordshire Constabulary,Hertfordshire Constabulary,-0.380050,51.678462,On or near MERIDEN WAY,E01023874,Watford 003B,Investigation complete; no suspect identified
eeedbe05636ee182f9718c37cd380189a9d772800b9ea72e2216cece749e82f7,2021-07,Hertfordshire Constabulary,Hertfordshire Constabulary,-0.070643,51.797503,On or near BAKER STREET,E01023477,East Hertfordshire 017C,Unable to prosecute suspect
f2ab60ff34475cae3e928828569e67d1d12af8be4d528cdbc7d748ddfb87bcae,2021-07,Hertfordshire Constabulary,Hertfordshire Constabulary,-0.206032,51.896976,On or near NORTON ROAD,E01023786,Stevenage 011D,Investigation complete; no suspect identified
9bd3e593fe8af9fdf5aac41ce02ccece082f17a091ed8b078ac2d8922a2a0b72,2021-07,Hertfordshire Constabulary,Hertfordshire Constabulary,-0.279511,51.741380,On or near BARLEY MOW LANE,E01023678,St Albans 015B,Investigation complete; no suspect identified
0fbeb0bd1d32933b7b9d300d68372342163563686f4e893b60c098b805e86534,2021-07,Hertfordshire Constabulary,Hertfordshire Constabulary,-0.329531,51.753386,On or near HATFIELD ROAD,E01023727,St Albans 012B,Suspect charged
d5fb46ffa78e7a5577340d9ae5f2cf5c5a5a6fd04fef7ff1df688ea97f322522,2021-07,Hertfordshire Constabulary,Hertfordshire Constabulary,-0.452800,51.778677,On or near OLD MAPLE,E01023394,Dacorum 007B,Unable to prosecute suspect
86615eeddec3eccdee4339af5b286777b1be067ae7ff4cd1910114f4b59c3a42,2021-07,Hertfordshire Constabulary,Hertfordshire Constabulary,-0.395376,51.645896,On or near WIGGENHALL ROAD,E01023883,Watford 012B,Investigation complete; no suspect identified
cd90ba3ca0e2f1be12b33fb872faaaefad2c638aa79535c153f9bb0307437d9a,2021-07,Hertfordshire Constabulary,Hertfordshire Constabulary,-0.398194,51.628670,On or near HAREWOOD ROAD,E01023828,Three Rivers 008B,Suspect charged
b70e274d633a1cccaa96a526a55fcf412a3914731400e6bde1ac80c68c5c53ef,2021-07,Hertfordshire Constabulary,Hertfordshire Constabulary,-0.297369,51.851908,On or near DACRE CRESCENT,E01023626,North Hertfordshire 015C,Unable to prosecute suspect
356f19fe98bd9fbc61bba13a811e4fce0a7b9b30c46578f2d9b1d7f5c56be30e,2021-07,Hertfordshire Constabulary,Hertfordshire Constabulary,-0.488941,51.761244,On or near BUTTS END,E01023390,Dacorum 010A,Unable to prosecute suspect
fa1294f30b24d0c7f5269f3156928808bb082ba2edfd59d1d404428b29ecc71b,2021-07,Hertfordshire Constabulary,Hertfordshire Constabulary,-0.484085,51.750886,On or near WOODLAND PLACE,E01023382,Dacorum 018F,Unable to prosecute suspect
b9de682c7658f0fec1c11ab8ab03c006f4ef653f87abfe46e5933c0f3ae0751a,2021-07,Hertfordshire Constabulary,Hertfordshire Constabulary,-0.018879,51.947297,On or near GATEHOUSE MEWS,E01023466,East Hertfordshire 001D,Unable to prosecute suspect
7863e6e95e681c26261bc97ac31baf577993c458fb339e409d7389e4e0ab7743,2021-07,Hertfordshire Constabulary,Hertfordshire Constabulary,-0.300786,51.719425,On or near WALSINGHAM WAY,E01023708,St Albans 018E,Investigation complete; no suspect identified
ff9067cd0a40b0e3c822e4d1c300653fc16980fed460f7f9d60a391569a3c4cc,2021-07,Hertfordshire Constabulary,Hertfordshire Constabulary,-0.274374,51.656815,On or near Supermarket,E01023530,Hertsmere 007B,Investigation complete; no suspect identified
4e45ba7338e1df0bb2178ca1717ce8d81b65f50030ca6694124b3b6aaba5a2e9,2021-07,Hertfordshire Constabulary,Hertfordshire Constabulary,-0.379416,51.645974,On or near WARNEFORD PLACE,E01023884,Watford 012C,Unable to prosecute suspect
ba886db9a728f67589907169e46d6db4b43e74e729c41f592837073abdb9c59b,2021-07,Hertfordshire Constabulary,Hertfordshire Constabulary,-0.469545,51.756336,On or near BROAD STREET,E01023400,Dacorum 015E,Unable to prosecute suspect
819ffee8bc85bf8d5bb180665becc39a7cd1dffe6ebc0af7164c198d14ec1c5c,2021-07,Hertfordshire Constabulary,Hertfordshire Constabulary,-0.441537,51.712141,On or near OVALTINE DRIVE,E01023808,Three Rivers 001E,Unable to prosecute suspect
c118914f9c60c9f7c6e4fcd3a8b0f81d7dc20a6132e5fbfd2fedf47ec21fe712,2021-07,Hertfordshire Constabulary,Hertfordshire Constabulary,-0.329105,51.681678,On or near FOLLY CLOSE,E01023526,Hertsmere 005D,Unable to prosecute suspect
2b93bd367cad17201ac5fbf4c29c8292f484b2494b781d71a77d6052b1d08a5a,2021-07,Hertfordshire Constabulary,Hertfordshire Constabulary,-0.462282,51.739381,On or near NEWELL RISE,E01023389,Dacorum 019D,Unable to prosecute suspect
3cd1dba0dd369ee724d4a1aaeb7a3801a33f3a3ed62ca26e1366d9a52d617258,2021-07,Hertfordshire Constabulary,Hertfordshire Constabulary,-0.057700,51.699031,On or near WARRENFIELD CLOSE,E01023293,Broxbourne 011A,Suspect charged
24466af938858fe264f1564aa2819075ec0f3b6d4667fdd76a62a457a04c3e7d,2021-07,Hertfordshire Constabulary,Hertfordshire Constabulary,0.162078,51.868549,On or near Parking Area,E01023450,East Hertfordshire 004B,Investigation complete; no suspect identified
9e7a92a44eb885c7413133fb958775164ae42d695833965f32b37af0f674f6e9,2021-07,Hertfordshire Constabulary,Hertfordshire Constabulary,-0.208946,51.912162,On or near BELL LANE,E01023775,Stevenage 006A,Investigation complete; no suspect identified
73f7d570cb7103ec31706f6e7ebc222c40bb6386facaf1bcf580d56199d5229b,2021-07,Hertfordshire Constabulary,Hertfordshire Constabulary,-0.083733,51.798319,On or near BEANE RIVER VIEW,E01023470,East Hertfordshire 014A,Unable to prosecute suspect
1bbf6008d4a58dc6f941d1410457f290c2960c613ece570839a8bb2cb8411a03,2021-07,Hertfordshire Constabulary,Hertfordshire Constabulary,-0.012574,51.760890,On or near TAVERNERS WAY,E01023320,Broxbourne 003A,Investigation complete; no suspect identified
4369e682317d3f4fe03033f074d06bbaa7b4aac16111a15a01e2f19f309d99a6,2021-07,Hertfordshire Constabulary,Hertfordshire Constabulary,-0.471027,51.759637,On or near AUSTINS PLACE,E01023399,Dacorum 010C,Investigation complete; no suspect identified
255cd56c5221666c9d31151088fdd3aa398c92c29d4affd04d430bc5d8e0df0a,2021-07,Hertfordshire Constabulary,Hertfordshire Constabulary,-0.563289,51.760378,On or near Supermarket,E01023361,Dacorum 009A,Unable to prosecute suspect
6173bd523df89b2fad6995e902574f655dcdcf8765b7b0d90180eb9b716de82f,2021-07,Hertfordshire Constabulary,Hertfordshire Constabulary,-0.404472,51.649051,On or near Hospital,E01023902,Watford 010D,Suspect charged
5e79874e5e8099baadf6e454f4e0f1db1bfed4596d9d562b2fab684120999481,2021-07,Hertfordshire Constabulary,Hertfordshire Constabulary,-0.471206,51.757329,On or near Parking Area,E01023400,Dacorum 015E,Local resolution
45c0864039da25ec92b603578e1a5558deeda5e063b9eb41644475c8307d8a20,2021-07,Hertfordshire Constabulary,Hertfordshire Constabulary,-0.441878,51.780979,On or near TATTERSHALL DRIVE,E01023435,Dacorum 005B,Investigation complete; no suspect identified
eb799f29a5ebd2c93338ab4f81b0663406dd77a260a833c2989aaea58d51f241,2021-07,Hertfordshire Constabulary,Hertfordshire Constabulary,-0.226060,51.774377,On or near Sports/Recreation Area,E01033311,Welwyn Hatfield 010F,Unable to prosecute suspect
a8cf2bb5b785db84fdc2bf6ba2ca39bc28c2b529af8ab76f21b63807c5d6aa8c,2021-07,Hertfordshire Constabulary,Hertfordshire Constabulary,-0.215849,51.925809,On or near Parking Area,E01023800,Stevenage 002E,Unable to prosecute suspect
5761770d179220c8706b5760d2b89826a940b6772f98fa3e637a7f4da906d47d,2021-07,Hertfordshire Constabulary,Hertfordshire Constabulary,-0.478092,51.648113,On or near WOODBANK,E01023812,Three Rivers 004A,Investigation complete; no suspect identified
73701423682c6b0ef8070517188a8e936cb40a747721d84cfd79814e2c2795da,2021-07,Hertfordshire Constabulary,Hertfordshire Constabulary,0.150411,51.820051,On or near CAMBRIDGE ROAD,E01023499,East Hertfordshire 011A,Investigation complete; no suspect identified
2358265f23ef7b3ad0a91b74906b543b87f4c120fb273c40b19cacaad2d35874,2021-07,Hertfordshire Constabulary,Hertfordshire Constabulary,-0.464601,51.764957,On or near BOWMANS COURT,E01023405,Dacorum 008E,Investigation complete; no suspect identified
86ecae642680e00be84860966ab452745fcac3707f35665d4b62e62205e5855f,2021-07,Hertfordshire Constabulary,Hertfordshire Constabulary,-0.498601,51.761386,On or near BOXTED ROAD,E01023427,Dacorum 011B,Unable to prosecute suspect
4d8834bf9a3f9e8488508d8e2c241b677bf374ec5eda3cf942cab49b2e10c84a,2021-07,Hertfordshire Constabulary,Hertfordshire Constabulary,-0.513647,51.621655,On or near PINCHFIELD,E01023838,Three Rivers 009D,Unable to prosecute suspect
d689fec2cc45b9c72e78e3e65458d5a5b415afc1ea65e2208431c3c801823a8c,2021-07,Hertfordshire Constabulary,Hertfordshire Constabulary,-0.317646,51.684095,On or near WATLING STREET,E01023525,Hertsmere 005C,Investigation complete; no suspect identified
0dbce9555e691f97f2da44bce4471f1c9a7ce7cda51166aa515b4fd0c8ae1881,2021-07,Hertfordshire Constabulary,Hertfordshire Constabulary,-0.196920,51.905298,On or near Pedestrian Subway,E01023758,Stevenage 008D,Unable to prosecute suspect
7436a1a98e5482e6d10558be574548504fdc774110413a973a8a1c080b0f588e,2021-07,Hertfordshire Constabulary,Hertfordshire Constabulary,-0.180485,51.691519,On or near HOLLY DRIVE,E01023573,Hertsmere 003C,Investigation complete; no suspect identified
dde0ba7695dec8a54bb9b29e24f96401e463391a24130970d0fe0e386dcd5b48,2021-07,Hertfordshire Constabulary,Hertfordshire Constabulary,-0.471424,51.749149,On or near Shopping Area,E01023398,Dacorum 015D,Investigation complete; no suspect identified
fc223385d1114ba6ea4570dd33f40bb91515d04f6c2390e503b8fa2752e01664,2021-07,Hertfordshire Constabulary,Hertfordshire Constabulary,-0.668468,51.792979,On or near GOLDFIELD ROAD,E01023425,Dacorum 002C,Investigation complete; no suspect identified
44b9d76b8377ac2b6707b887c487f7c6529a8250c88bc6ea20108bcd8d98c088,2021-07,Hertfordshire Constabulary,Hertfordshire Constabulary,-0.494150,51.755799,On or near Supermarket,E01023429,Dacorum 011D,Investigation complete; no suspect identified
93001205cdd05ddd85f00ec311d7af141c44c73cd337f49db0bdd088f86b5029,2021-07,Hertfordshire Constabulary,Hertfordshire Constabulary,-0.016649,52.059767,On or near KIPLING ROAD,E01023662,North Hertfordshire 001C,Unable to prosecute suspect
0b30c508c1ccb7c87fc84195264aa943c1d8bdbe95e9615fadb5c8292fa0ac81,2021-07,Hertfordshire Constabulary,Hertfordshire Constabulary,-0.050165,51.711729,On or near FLAMSTEAD END ROAD,E01023326,Broxbourne 009D,Unable to prosecute suspect
aa6bc7ab21307260de9c478376aa734514331c003931f772594290d0683f7fd2,2021-07,Hertfordshire Constabulary,Hertfordshire Constabulary,-0.023569,51.950505,On or near AYLOTTS CLOSE,E01023465,East Hertfordshire 001C,Investigation complete; no suspect identified
fba218313523332a75b6010520ceaf621af4cdda2cc1c790a80641d3a695032f,2021-07,Hertfordshire Constabulary,Hertfordshire Constabulary,-0.288534,51.811118,On or near NECTON ROAD,E01023747,St Albans 004B,Investigation complete; no suspect identified
cca84e1f02a486df1b894e93404e9f1a8d38802e9965c954f42b26d86d4db28a,2021-07,Hertfordshire Constabulary,Hertfordshire Constabulary,-0.245536,51.980530,On or near MONKLANDS,E01023650,North Hertfordshire 007B,Unable to prosecute suspect
3ccf63281e1431e215b3eae50eada4939d8c2730134a056b48bc3f8d159d011b,2021-07,Hertfordshire Constabulary,Hertfordshire Constabulary,-0.337328,51.753722,On or near ST PETER'S STREET,E01023727,St Albans 012B,Local resolution
a44639eeff52529a542f78f6655c101f3176627d6a7560aeb563fa79af8c97a9,2021-07,Hertfordshire Constabulary,Hertfordshire Constabulary,-0.043319,51.781764,On or near PRIORS WOOD ROAD,E01023481,East Hertfordshire 018D,Investigation complete; no suspect identified
e4d47ca206b2c465df113d77048b8361d655a339049eed3fb4940e2dcc145e81,2021-07,Hertfordshire Constabulary,Hertfordshire Constabulary,-0.399807,51.696546,On or near THE BROW,E01023904,Watford 001A,Investigation complete; no suspect identified
f075e15433a8f89263ad9c51a39e8475a379758e766922d94ac4de6ff181827f,2021-07,Hertfordshire Constabulary,Hertfordshire Constabulary,-0.386570,51.627675,On or near Petrol Station,E01023805,Three Rivers 010A,Investigation complete; no suspect identified
f53f3c97bae9b5292eeeaa8bdf5c0dfd346fe65c338716cee68df631c7259765,2021-07,Hertfordshire Constabulary,Hertfordshire Constabulary,-0.022967,52.046835,On or near GEORGE LANE,E01023660,North Hertfordshire 001A,Investigation complete; no suspect identified
c48fd203dd80728c236300f22d89247fea97e84ed6b45b6ef6caab12e98e84df,2021-07,Hertfordshire Constabulary,Hertfordshire Constabulary,-0.189469,51.904428,On or near HILLCREST,E01023757,Stevenage 008C,Unable to prosecute suspect
8298e720e733babd9744c74caaba9778252b4d344ea00daca6b217dd55e271bc,2021-07,Hertfordshire Constabulary,Hertfordshire Constabulary,-0.389938,51.682294,On or near COW LANE,E01023875,Watford 003C,Investigation complete; no suspect identified
a45ac4486344f1306a57c3e0af715a1682625ac7522b3360c9d12297a2dbf4ab,2021-07,Hertfordshire Constabulary,Hertfordshire Constabulary,-0.023569,51.950505,On or near AYLOTTS CLOSE,E01023465,East Hertfordshire 001C,Unable to prosecute suspect
6581a4df71f2f2465aca640fd626fa275bfd66702b06ef8a72fb7f02bf6a3884,2021-07,Hertfordshire Constabulary,Hertfordshire Constabulary,-0.189031,51.884234,On or near ROEBUCK GATE,E01023783,Stevenage 011A,Unable to prosecute suspect
877225eed467efcb7b8809b77e2a5e182ebb6423dc02ade60b4aed379b71f42e,2021-07,Hertfordshire Constabulary,Hertfordshire Constabulary,-0.344763,51.771487,On or near HENDERSON CLOSE,E01023671,St Albans 009C,Unable to prosecute suspect
91db89bfdad203dcdc40c1c1d8ff71df75fcdd4487540fdacd46be9627874114,2021-07,Hertfordshire Constabulary,Hertfordshire Constabulary,-0.297213,51.723204,On or near HASELDINE ROAD,E01023706,St Albans 018C,Suspect charged
cc1729732ca8524eb20a4a5a3a5dde75a9e44ffac296d6fbe8f194c47e3fb177,2021-07,Hertfordshire Constabulary,Hertfordshire Constabulary,-0.189525,51.910624,On or near LONSDALE ROAD,E01023781,Stevenage 006D,Unable to prosecute suspect
3d7f74a8a8bc06191e032747cf95c00b3df2752cf2f909d22f5307ac384d0043,2021-07,Hertfordshire Constabulary,Hertfordshire Constabulary,-0.278190,51.655675,On or near Supermarket,E01023530,Hertsmere 007B,Suspect charged
50c5bfe1f1a00f6faf51e40c77a77712acdda5a0f55ea630c7d3f1e7d91381ae,2021-07,Hertfordshire Constabulary,Hertfordshire Constabulary,-0.433318,51.695721,On or near HAMILTON ROAD,E01023831,Three Rivers 003C,Investigation complete; no suspect identified
e769f18f0dd145ee9ace58c80ece0f4a1776e77091b6919a36a11ca5b15c40c3,2021-07,Hertfordshire Constabulary,Hertfordshire Constabulary,-0.438974,51.759665,On or near MAYLANDS AVENUE,E01023345,Dacorum 013A,Investigation complete; no suspect identified
3762a47574c6c26eead0883d279197df0444e01a9f0e572ae3e51c324ffaa6ad,2021-07,Hertfordshire Constabulary,Hertfordshire Constabulary,-0.180485,51.691519,On or near HOLLY DRIVE,E01023573,Hertsmere 003C,Investigation complete; no suspect identified
fd53aaccb80934fd29512f4c9f71f1dce9e9bfaf9c074d5646ebc755b56b68f4,2021-07,Hertfordshire Constabulary,Hertfordshire Constabulary,-0.379673,51.932548,On or near Parking Area,E01023624,North Hertfordshire 014D,Investigation complete; no suspect identified
eb2fb1de934571717bea5eeb6a3c7e087111ea33d2768f2a96f5a084f412fbfb,2021-07,Hertfordshire Constabulary,Hertfordshire Constabulary,-0.467076,51.759073,On or near GARLAND CLOSE,E01023399,Dacorum 010C,Suspect charged
dd0112c82d33d5c937c6afafb538c2c331887fc6470514e6255b55bf9abe5f43,2021-07,Hertfordshire Constabulary,Hertfordshire Constabulary,-0.178687,51.690538,On or near Petrol Station,E01023573,Hertsmere 003C,Investigation complete; no suspect identified
b07f2d11531e531c5fe700f52cfe206405010f2841c210f01c6c9c031b8b76ea,2021-07,Hertfordshire Constabulary,Hertfordshire Constabulary,-0.241235,51.763599,On or near Supermarket,E01033308,Welwyn Hatfield 010E,Unable to prosecute suspect
21f35cab0ad7f54005fa7e040ea70ed399e8d06c6699d1e10c5a4b1c53e565a3,2021-07,Hertfordshire Constabulary,Hertfordshire Constabulary,-0.104545,51.804538,On or near Pedestrian Subway,E01023488,East Hertfordshire 015B,Unable to prosecute suspect
f4ac02774e247bad997c0b605e0e6eb3d7f6d134a2ab485c7c38e73c3f12820f,2021-07,Hertfordshire Constabulary,Hertfordshire Constabulary,-0.471724,51.750133,On or near KING HARRY STREET,E01023398,Dacorum 015D,Suspect charged
ca48e9ca894044375134a3dee4becbd3a37cb23246fd39eb0365bb12906725fe,2021-07,Hertfordshire Constabulary,Hertfordshire Constabulary,-0.240292,51.764007,On or near PARKHOUSE COURT,E01033308,Welwyn Hatfield 010E,Unable to prosecute suspect
f21aa64bd47384ef7cf852da31d315d1b17b1456b0aa6cb92aea593cb5dde185,2021-07,Hertfordshire Constabulary,Hertfordshire Constabulary,-0.397992,51.676226,On or near FULLER ROAD,E01023857,Watford 006C,Unable to prosecute suspect
e0955451be69437c191625065cae2d49072e5ae52466348a12f327e4dddee7bb,2021-07,Hertfordshire Constabulary,Hertfordshire Constabulary,-0.394722,51.658683,On or near CROSS STREET,E01023859,Watford 009A,Investigation complete; no suspect identified
c585f39342af7a0e9373030d0e564274797eaa67086977a9a86beb1e4ebd605f,2021-07,Hertfordshire Constabulary,Hertfordshire Constabulary,-0.223145,51.916721,On or near Pedestrian Subway,E01023797,Stevenage 005C,Unable to prosecute suspect
59dddb769a1687c7e1df279394ae4ad8e1584a9d45904671f8120c3ca374ca22,2021-07,Hertfordshire Constabulary,Hertfordshire Constabulary,-0.478969,51.750101,On or near HEATH CLOSE,E01023382,Dacorum 018F,Investigation complete; no suspect identified
d30d56dfcf393b2bf0dddb76d2c5a2b566d94cbe146f60584fe87a646d48a654,2021-07,Hertfordshire Constabulary,Hertfordshire Constabulary,-0.169670,51.912637,On or near MOBBSBURY WAY,E01023769,Stevenage 004C,Unable to prosecute suspect
f6031827d21a72ac0b394c83fbf7f52b6a1de1d0ed30bb82fdac83d7504bf62d,2021-07,Hertfordshire Constabulary,Hertfordshire Constabulary,-0.045987,51.684053,On or near Sports/Recreation Area,E01023339,Broxbourne 013D,Investigation complete; no suspect identified
bdffb395873dfc6e2b7d297a185d50e8053dfe1d2d28e0ff9c0ddb11ce401a13,2021-07,Hertfordshire Constabulary,Hertfordshire Constabulary,-0.404472,51.649051,On or near Hospital,E01023902,Watford 010D,Offender given a caution
e65dc1ef5c91c6bc162925c101a7eda6b0aca6211489333d192e3dae096019a7,2021-07,Hertfordshire Constabulary,Hertfordshire Constabulary,-0.191447,51.806968,On or near Pedestrian Subway,E01023915,Welwyn Hatfield 004D,Investigation complete; no suspect identified
5cfdc15aa5fe3f0e9b853a9b5ac832ad711c4d8b54a8959b774807334a005599,2021-07,Hertfordshire Constabulary,Hertfordshire Constabulary,0.159079,51.872048,On or near BARRETT LANE,E01023449,East Hertfordshire 004A,Investigation complete; no suspect identified
40551b172fe71b943e87d284099e977d6065a77513a164e4f718e3b2bbe54799,2021-07,Hertfordshire Constabulary,Hertfordshire Constabulary,-0.229428,51.979506,On or near STATION PLACE,E01023644,North Hertfordshire 008A,Investigation complete; no suspect identified
63ca0d667c6cd40176d9f8d91fb583e0f72127e0be83a896c7e9c05e1d11d9a8,2021-07,Hertfordshire Constabulary,Hertfordshire Constabulary,-0.224069,51.992392,On or near DANESCROFT,E01023636,North Hertfordshire 003B,Unable to prosecute suspect
bbbb3c3695427359c2dd77341f505adaadd5da4c8cfa2e11443a1f890249a08f,2021-07,Hertfordshire Constabulary,Hertfordshire Constabulary,-0.011827,51.937646,On or near Parking Area,E01023464,East Hertfordshire 001B,Unable to prosecute suspect
973d16a3798e97cac1512236898258e79c7705615609e2405c5533684a35af45,2021-07,Hertfordshire Constabulary,Hertfordshire Constabulary,-0.279683,51.667036,On or near CLIFTON WAY,E01023535,Hertsmere 006B,Unable to prosecute suspect
d5bd7b03cc4b583203338c7a30aeadf9d2caa205cb9a7eca8fd90522c5e9e69d,2021-07,Hertfordshire Constabulary,Hertfordshire Constabulary,-0.398841,51.669377,On or near LOWESTOFT ROAD,E01023855,Watford 006A,Unable to prosecute suspect
888e7d25bb9a4b6b14e37f421ec6c68fe19c0c1a25e2d765a9b412753fbbcd3b,2021-07,Hertfordshire Constabulary,Hertfordshire Constabulary,-0.561435,51.758530,On or near RECTORY LANE,E01023365,Dacorum 014A,Unable to prosecute suspect
ba4c14a2c51756f8b40d98a1e9a799c5a5e57de3183c8e769fc9277612652c44,2021-07,Hertfordshire Constabulary,Hertfordshire Constabulary,-0.485089,51.766779,On or near GADE CLOSE,E01023390,Dacorum 010A,Unable to prosecute suspect
d5a88f27a14f51ac9d27890530c5199e44acee12e4e57f859e83ef0ab9d8e0ad,2021-07,Hertfordshire Constabulary,Hertfordshire Constabulary,-0.337202,51.754385,On or near Parking Area,E01023727,St Albans 012B,Unable to prosecute suspect
d05d515fca3eb96b1278f28b72073ee6df06ea3e098b4e1aebcaa81ac8f949c4,2021-07,Hertfordshire Constabulary,Hertfordshire Constabulary,-0.473119,51.750007,On or near Shopping Area,E01023398,Dacorum 015D,Investigation complete; no suspect identified
ac494bbab47345cf0fdd1444ff3a0a9b10f24ac360bcde993d3b4b6d83af2a0a,2021-07,Hertfordshire Constabulary,Hertfordshire Constabulary,-0.398009,51.656903,On or near Shopping Area,E01023861,Watford 009C,Unable to prosecute suspect
4f89939a4f65d29297ef94fb22e47375dfc1b87fc2e4593c4e735383e7740c3d,2021-07,Hertfordshire Constabulary,Hertfordshire Constabulary,-0.279476,51.654929,On or near GLENHAVEN AVENUE,E01023532,Hertsmere 007D,Offender given a caution
6f363ac17a5bf7d91acbe13ffab3edadbc511a10f197c757bf3f706a4a8da9b1,2021-07,Hertfordshire Constabulary,Hertfordshire Constabulary,-0.191708,51.880886,On or near Sports/Recreation Area,E01023629,North Hertfordshire 015F,Investigation complete; no suspect identified
5ef679d53a08dd86678594bcce3d22273f805079a1d680e3200457015f5b6068,2021-07,Hertfordshire Constabulary,Hertfordshire Constabulary,-0.245957,51.759920,On or near ASHBURY CLOSE,E01023938,Welwyn Hatfield 010D,Unable to prosecute suspect
5cd933607580fcf6bccd2d1403507e3187aca6e0b80be3e1694c864b8243ce9b,2021-07,Hertfordshire Constabulary,Hertfordshire Constabulary,-0.183112,51.909923,On or near Pedestrian Subway,E01023780,Stevenage 006C,Investigation complete; no suspect identified
eb12b4fdf683a9b99b3ffbefe342b046d0654779d8e8eae937dcf3bc8a64cae6,2021-07,Hertfordshire Constabulary,Hertfordshire Constabulary,-0.339747,51.742678,On or near Petrol Station,E01023737,St Albans 017A,Investigation complete; no suspect identified
cb6d0342751b294e2bf57f7ec842aa63229632cc5b357fbadb66f57ae14135b3,2021-07,Hertfordshire Constabulary,Hertfordshire Constabulary,-0.002727,51.773852,On or near THELEWAY CLOSE,E01023328,Broxbourne 002B,Unable to prosecute suspect
71dd16b8e7af7a932321ecb90f0b5ae54b1a1d1928f659391046a77b810893e3,2021-07,Hertfordshire Constabulary,Hertfordshire Constabulary,-0.198623,51.701133,On or near OAKFIELD CLOSE,E01023579,Hertsmere 001D,Unable to prosecute suspect
b4196666859cf64823f465ef270d61a618193cc10a67c140c9d58b03bf922596,2021-07,Hertfordshire Constabulary,Hertfordshire Constabulary,-0.168705,51.885970,On or near LONGFIELDS,E01023765,Stevenage 012C,Unable to prosecute suspect
1343fc3c05a1aecc5e37c99c37f10671b569d165dbd54e44db4a8ed8706856d2,2021-07,Hertfordshire Constabulary,Hertfordshire Constabulary,-0.564127,51.760452,On or near Shopping Area,E01023361,Dacorum 009A,Unable to prosecute suspect
4823b7e73fc321358b48dfb26b629d95e4da13ae2efc5cfb26192ffb9744e1fa,2021-07,Hertfordshire Constabulary,Hertfordshire Constabulary,-0.407105,51.650210,On or near BRIGHTWELL ROAD,E01023903,Watford 010E,Suspect charged
1a4b3d644ba596e2817588c9b39e02eb60f84fa015b16f39c66ab48fa7e4bd7f,2021-07,Hertfordshire Constabulary,Hertfordshire Constabulary,-0.434735,51.778753,On or near BERKELEY SQUARE,E01023437,Dacorum 005D,Unable to prosecute suspect
5e7de42246c5fbb1d8b0e3723f525e9eebe164713312d14a5ed9e0d675542dbd,2021-07,Hertfordshire Constabulary,Hertfordshire Constabulary,-0.174140,51.876280,On or near ASPEN CLOSE,E01023764,Stevenage 012B,Investigation complete; no suspect identified
ae711ed84deda20fc19ddb1b5219d035e848f359bcdd65235a5514f8015f47a1,2021-07,Hertfordshire Constabulary,Hertfordshire Constabulary,-0.193550,51.897279,On or near DENTON ROAD,E01023755,Stevenage 008A,Unable to prosecute suspect
9f15bace69b49f0337390160db6e8a8cb33733498e4f1d09436d283e9da57622,2021-07,Hertfordshire Constabulary,Hertfordshire Constabulary,-0.396386,51.672167,On or near ST ALBANS ROAD,E01023858,Watford 006D,Unable to prosecute suspect
a2c4453b0fbef414a98ba3c27f30be08ce31e42279a1cffd5a08b92dbfb496a7,2021-07,Hertfordshire Constabulary,Hertfordshire Constabulary,-0.044776,51.707458,On or near DEWHURST ROAD,E01023294,Broxbourne 011B,Unable to prosecute suspect
64bef27aaf22e59ec0801c632bace527b1880ecd87cd138f025d964a247bc8c4,2021-07,Hertfordshire Constabulary,Hertfordshire Constabulary,-0.454344,51.733459,On or near Supermarket,E01023414,Dacorum 020E,Unable to prosecute suspect
d88b7af6f92f3b27ddfcc973fb589bbda67ce6bd2f07df8a20b6e2f5be2da513,2021-07,Hertfordshire Constabulary,Hertfordshire Constabulary,-0.405355,51.679069,On or near WOODSIDE,E01023870,Watford 004C,Investigation complete; no suspect identified
7e216b117a0cadcec51de9b441254360df1cfc3658d43578b1755d898dd35a5d,2021-07,Hertfordshire Constabulary,Hertfordshire Constabulary,-0.466506,51.742098,On or near DOWLING COURT,E01023386,Dacorum 019A,Unable to prosecute suspect
768499a960e9af736add25bfe3dff3ed6156449df6ad67b1f2d806d30a503126,2021-07,Hertfordshire Constabulary,Hertfordshire Constabulary,0.007618,51.783864,On or near Park/Open Space,E01023504,East Hertfordshire 018E,Unable to prosecute suspect
41a5314aab339a085e368c237602dd765c9008ac89a744d8de6b380aa96bdcf0,2021-07,Hertfordshire Constabulary,Hertfordshire Constabulary,-0.171185,51.907212,On or near HARVEY ROAD,E01023761,Stevenage 007C,Unable to prosecute suspect
0abdf0ec884e34491882e2c3e0cf0b5bc5d0bd4749e3bf85d8041b37f5b3fd3f,2021-07,Hertfordshire Constabulary,Hertfordshire Constabulary,-0.180719,51.980985,On or near IVEL WAY,E01023593,North Hertfordshire 004G,Investigation complete; no suspect identified
21efc0851f94b8777b48da7d353af30ee97542abebf8c7c95af895aafce2575a,2021-07,Hertfordshire Constabulary,Hertfordshire Constabulary,-0.278841,51.949280,On or near Parking Area,E01023616,North Hertfordshire 012F,Unable to prosecute suspect
e0c7cac005a7e7d5ed78f2d3d5b8443ade67194d67dacaf58ddaa501d7461505,2021-07,Hertfordshire Constabulary,Hertfordshire Constabulary,0.159879,51.870846,On or near Shopping Area,E01023449,East Hertfordshire 004A,Investigation complete; no suspect identified
75ef1bdc7859a7c1436d97a1e10771e7130f91fe6f893a3cac752e7ae699082f,2021-07,Hertfordshire Constabulary,Hertfordshire Constabulary,-0.177282,51.796030,On or near BEAUCHAMPS,E01023944,Welwyn Hatfield 008B,Investigation complete; no suspect identified
06e9aa2532f8d3e1a68bd876b5dea581962b5d7a2781b40eee20300c649aa71b,2021-07,Hertfordshire Constabulary,Hertfordshire Constabulary,-0.154124,52.040960,On or near ALMS LANE,E01023586,North Hertfordshire 005B,Unable to prosecute suspect
9866f44dbe18c6a3ae7882c995a121efc97fd36d3ca6367129e3c8f961c94acb,2021-07,Hertfordshire Constabulary,Hertfordshire Constabulary,-0.377813,51.644333,On or near PADDOCK CLOSE,E01023884,Watford 012C,Unable to prosecute suspect
cd247893780a2df2fb81ebf6cde03486032817bce332724607ca4173c81bd809,2021-07,Hertfordshire Constabulary,Hertfordshire Constabulary,-0.404029,51.696235,On or near HOPE GREEN,E01023906,Watford 001C,Unable to prosecute suspect
bcaaa904736407e384de42b15e25f8f3bca03c7238abc9102873975d970891a0,2021-07,Hertfordshire Constabulary,Hertfordshire Constabulary,-0.171564,51.921497,On or near Pedestrian Subway,E01023789,Stevenage 001C,Unable to prosecute suspect
31a76910ff57b0f6dc636a295191794091d58911338c53d815be850de0e78bc6,2021-07,Hertfordshire Constabulary,Hertfordshire Constabulary,-0.225427,51.687369,On or near BIGNELLS CORNER,E01023584,Hertsmere 004D,Investigation complete; no suspect identified
2ea84b4e632fe39786c2932b5df2198c0da274c5457cae26e964f669195c0ab6,2021-07,Hertfordshire Constabulary,Hertfordshire Constabulary,-0.340100,51.734617,On or near REMUS CLOSE,E01023739,St Albans 017C,Suspect charged
5aafee72c7e3ea8968983aea5e830abc6653b0ff7a70698b6a4e8e8ff4d15761,2021-07,Hertfordshire Constabulary,Hertfordshire Constabulary,-0.192918,51.914102,On or near GRACE WAY,E01023778,Stevenage 002C,Investigation complete; no suspect identified
08f98b70108d8cb296a624dc72d8b21cd8abc14d5451ec8040f5bafa4b25ad30,2021-07,Hertfordshire Constabulary,Hertfordshire Constabulary,-0.166300,51.879000,On or near WYCHDELL,E01023763,Stevenage 012A,Unable to prosecute suspect
d9e9b0c5d653e65e39007ac5ce79ef0fbfcd614362ca9e40976747939318be30,2021-07,Hertfordshire Constabulary,Hertfordshire Constabulary,-0.498309,51.747023,On or near CHAULDEN HOUSE GARDENS,E01023384,Dacorum 016B,Unable to prosecute suspect
4cb27353fddfc4ebad875b1b29f8d75d130e0fbd3d840fca0db9571603c15bcb,2021-07,Hertfordshire Constabulary,Hertfordshire Constabulary,-0.388834,51.620863,On or near LIPHOOK ROAD,E01023843,Three Rivers 012C,Investigation complete; no suspect identified
7e8b63b5287a7792aede59b5b15bd245d5bb06d5777ca51fa6ac4dc85e689fd3,2021-07,Hertfordshire Constabulary,Hertfordshire Constabulary,-0.338012,51.755629,On or near CATHERINE STREET,E01023728,St Albans 012C,Suspect charged
ce95395aac297c865454f220e5b72295dc770970b002d83fbe387850bab38621,2021-07,Hertfordshire Constabulary,Hertfordshire Constabulary,0.143662,51.858212,On or near Supermarket,E01023448,East Hertfordshire 007F,Investigation complete; no suspect identified
00d8cf628ff1da388116cfc6da922cc0c7815520db97a2f20b56265c565d7127,2021-07,Hertfordshire Constabulary,Hertfordshire Constabulary,-0.017598,51.780164,On or near SPRINGLE LANE,E01023317,Broxbourne 001B,Investigation complete; no suspect identified
c910650d6f4beb7a3beea2374b9576cc8c4f47af9960954fc80e59c7df7c1002,2021-07,Hertfordshire Constabulary,Hertfordshire Constabulary,-0.412188,51.720255,On or near HENDERSON PLACE,E01023807,Three Rivers 001D,Unable to prosecute suspect
f678067418e90a7318c1ad2828e3715e646e6fb857586d652ed9f2b6a97fbcf8,2021-07,Hertfordshire Constabulary,Hertfordshire Constabulary,-0.406400,51.677330,On or near DELL ROAD,E01023870,Watford 004C,Investigation complete; no suspect identified
1a7f0274a9d1a63058564d426310d71dcce737bc05e79b074f064620bb1fd9e6,2021-07,Hertfordshire Constabulary,Hertfordshire Constabulary,-0.218324,51.772444,On or near HILLFIELD,E01033311,Welwyn Hatfield 010F,Suspect charged
4d7fe6d14a325858c29cd7941527f419a0c72d5e65ca3446cec842854d5f7c6f,2021-07,Hertfordshire Constabulary,Hertfordshire Constabulary,-0.205959,51.900634,On or near Parking Area,E01023758,Stevenage 008D,Investigation complete; no suspect identified
c64b11e9f341925a8ed24a54bd72291e0eb9d7310a2405f22e1dce760a754037,2021-07,Hertfordshire Constabulary,Hertfordshire Constabulary,0.160994,51.869864,On or near RIVERSIDE,E01023449,East Hertfordshire 004A,Suspect charged
e61dccb7651a72d5e34b15d63b2ba63e477dea6e51b6e93b461252e5df10bef3,2021-07,Hertfordshire Constabulary,Hertfordshire Constabulary,-0.377226,51.620685,On or near LITTLE OXHEY LANE,E01023810,Three Rivers 010C,Unable to prosecute suspect
9ddfe1c447a773200f1268897865f0d0e629398d8b3ea2d9f73d05c3dc73bfbc,2021-07,Hertfordshire Constabulary,Hertfordshire Constabulary,-0.469184,51.749003,On or near PARADISE,E01023398,Dacorum 015D,Unable to prosecute suspect
42be8fdf732ec90eed7e09a56868a1b8c099d7706415c897705f16900b208727,2021-07,Hertfordshire Constabulary,Hertfordshire Constabulary,-0.515967,51.650171,On or near TURNEYS ORCHARD,E01023816,Three Rivers 005B,Unable to prosecute suspect
6cd08a21b2ba1edd58717a841ae21d3d54182eb07225eaff1ee26559f31d6fc1,2021-07,Hertfordshire Constabulary,Hertfordshire Constabulary,-0.668468,51.792979,On or near GOLDFIELD ROAD,E01023425,Dacorum 002C,Offender given a caution
a2a35c47c38e245ca0a837442d5c204e925e3d2fb0ce0035b69e6e0cbef758b1,2021-07,Hertfordshire Constabulary,Hertfordshire Constabulary,-0.451221,51.763406,On or near LARCHWOOD ROAD,E01023346,Dacorum 013B,Suspect charged
9395cda7e4b74b895743a9f79d343b0054fefd89762cea5ea3c186c622a90981,2021-07,Hertfordshire Constabulary,Hertfordshire Constabulary,-0.292677,51.747911,On or near Sports/Recreation Area,E01023677,St Albans 015A,Investigation complete; no suspect identified
3c6656dd4d2476c1f7f1d0bd267f87101bbdf93a0933557629303fc72c90a563,2021-07,Hertfordshire Constabulary,Hertfordshire Constabulary,-0.242425,51.835912,On or near ST ALBANS ROAD,E01023969,Welwyn Hatfield 002C,Unable to prosecute suspect
2af7a8c070c7cc5bab4e6308ba100512c8d7b6e673a18b22fa37720595ca7787,2021-07,Hertfordshire Constabulary,Hertfordshire Constabulary,-0.218044,51.976115,On or near HOLMDALE,E01023630,North Hertfordshire 006A,Unable to prosecute suspect
c61a346cb8e1c90c1d2a9d3901aedacb043b965e239a957fbb7ff4240eee03ee,2021-07,Hertfordshire Constabulary,Hertfordshire Constabulary,-0.488487,51.747481,On or near PULLER ROAD,E01023381,Dacorum 018E,Unable to prosecute suspect
880eafebe379dae3bbc917dfa3fa1cd8ebe2cf03ab32db44b89ff19343b5c1e3,2021-07,Hertfordshire Constabulary,Hertfordshire Constabulary,-0.192210,51.700099,On or near MANOR ROAD,E01023578,Hertsmere 001C,Unable to prosecute suspect
f7d01d17b5377117c80db6df2a824d1b6e64d135bf012a74f6ab4d5186277b55,2021-07,Hertfordshire Constabulary,Hertfordshire Constabulary,-0.352109,51.721397,On or near GROVELANDS,E01023719,St Albans 019B,Unable to prosecute suspect
119ce04196c5e56476931a3d5a522b3b8355b3d0ddb788ee66f14f05beb8d0da,2021-07,Hertfordshire Constabulary,Hertfordshire Constabulary,-0.339165,51.753028,On or near WADDINGTON ROAD,E01023727,St Albans 012B,Investigation complete; no suspect identified
45ad13e04ce9332f8084815039f3d0dfeb81fc033738a1a0177c53e3d15ef31e,2021-07,Hertfordshire Constabulary,Hertfordshire Constabulary,0.156109,51.876770,On or near BARRELLS DOWN ROAD,E01023449,East Hertfordshire 004A,Unable to prosecute suspect
b5c0f34d4125a5a35a3c271065132651f6dbc14dffefb22623b132c21044f5e8,2021-07,Hertfordshire Constabulary,Hertfordshire Constabulary,-0.177520,51.687175,On or near Hospital,E01023575,Hertsmere 003E,Investigation complete; no suspect identified
57c288b64f4784e5fe788fc514d5d35e6de9b483894c707418fecf7184e2b1d7,2021-07,Hertfordshire Constabulary,Hertfordshire Constabulary,-0.202879,51.814957,On or near MAIDENSFIELD,E01023960,Welwyn Hatfield 003B,Investigation complete; no suspect identified
bd720c33e02b8a0b19dedbee70a5ccda498d276873bfdd359c50a4dbb5d1f7ad,2021-07,Hertfordshire Constabulary,Hertfordshire Constabulary,-0.200289,51.789281,On or near RAYMONDS CLOSE,E01023940,Welwyn Hatfield 009B,Unable to prosecute suspect
cbda198363bbe243cb082fbe9043a1b92ca55ac5d7d92c8c8b7abda8add94dea,2021-07,Hertfordshire Constabulary,Hertfordshire Constabulary,-0.037445,51.718001,On or near Supermarket,E01023305,Broxbourne 008D,Investigation complete; no suspect identified
d274914877698a3b01603bcbe2b973b8f2471c063513d12d84b9342ae25d19d8,2021-07,Hertfordshire Constabulary,Hertfordshire Constabulary,-0.406461,51.647576,On or near ROSE GARDENS,E01023865,Watford 011C,Unable to prosecute suspect
bc62ad62eaa52803d844b818c8949f049bc63690827caeaa38dc93fb36da2b38,2021-07,Hertfordshire Constabulary,Hertfordshire Constabulary,-0.397609,51.668245,On or near Supermarket,E01023855,Watford 006A,Unable to prosecute suspect
b8142f94e78f710fa7c4885f83cffd0b0b7f956179abacb85425fa0407df6adb,2021-07,Hertfordshire Constabulary,Hertfordshire Constabulary,-0.240935,51.822007,On or near AYOT ST PETER ROAD,E01023969,Welwyn Hatfield 002C,Investigation complete; no suspect identified
330de432c8f65988d3c55e0eadbe1a7f48de347935cf378d4c7c577df980267b,2021-07,Hertfordshire Constabulary,Hertfordshire Constabulary,-0.177151,51.692034,On or near ST JOHN'S CLOSE,E01023573,Hertsmere 003C,Unable to prosecute suspect
9d23e55cb681abdd438d14f56890787b4a11b4559ce3b5b69d78446f888bb1bd,2021-07,Hertfordshire Constabulary,Hertfordshire Constabulary,-0.179130,51.881843,On or near Parking Area,E01023784,Stevenage 011B,Unable to prosecute suspect
61fffbb95e913a4e10b4c5a0e9693c0e4e0d2e74694492c11978a1c002ee3532,2021-07,Hertfordshire Constabulary,Hertfordshire Constabulary,-0.458553,51.757019,On or near MANLEY ROAD,E01023351,Dacorum 015C,Investigation complete; no suspect identified
54b59ff6d2342942bbe7665e7c7e6ce0eae9bb4d4b5bd7cb81e94c18772bd2ff,2021-07,Hertfordshire Constabulary,Hertfordshire Constabulary,-0.278190,51.655675,On or near Supermarket,E01023530,Hertsmere 007B,Investigation complete; no suspect identified
ecdaec74f3abd01126e197d3a709ed16eb7b1b99a5c1713a1eda37d3d8a8e276,2021-07,Hertfordshire Constabulary,Hertfordshire Constabulary,-0.180063,51.797557,On or near ELDERFIELD,E01023944,Welwyn Hatfield 008B,Investigation complete; no suspect identified
3a0ca5ecfc1668a83d6d1316c68acab323dfe2fd6b23b7e3f899712095877c5d,2021-07,Hertfordshire Constabulary,Hertfordshire Constabulary,-0.357285,51.815399,On or near Supermarket,E01023701,St Albans 003C,Suspect charged
68551bc6d24dc43e36d2318b7e44fb2a463344d06f178c209e987077f837e262,2021-07,Hertfordshire Constabulary,Hertfordshire Constabulary,-0.403932,51.650446,On or near BANBURY STREET,E01023901,Watford 010C,Suspect charged
c994b0d4ee3008088b14c6cea72a8fef408537be2af86f57091f606c480203d5,2021-07,Hertfordshire Constabulary,Hertfordshire Constabulary,-0.256421,51.932325,On or near ASHBROOK LANE,E01023622,North Hertfordshire 014B,Investigation complete; no suspect identified
dc37b872374a769076798585580cc0f05bcf92ca9fa7235656c5963fdd64b30b,2021-07,Hertfordshire Constabulary,Hertfordshire Constabulary,0.140602,51.876657,On or near Sports/Recreation Area,E01023453,East Hertfordshire 003B,Unable to prosecute suspect
3c1d1f2d3c95da9e351fde01f03146316c8db1d522dcb12bf1dbbf6965397a8f,2021-07,Hertfordshire Constabulary,Hertfordshire Constabulary,0.166122,51.867153,On or near LONDON ROAD,E01023441,East Hertfordshire 005D,Unable to prosecute suspect
3afc7b2d7f8c2fc459e5cba0ac0739c251e7c3ae8954df38a34cc5b235b3bd22,2021-07,Hertfordshire Constabulary,Hertfordshire Constabulary,-0.178906,51.876606,On or near TINTERN CLOSE,E01023785,Stevenage 011C,Investigation complete; no suspect identified
a592c27abb19839a4216ef44d181c69bae6c8b49bfa476585fb15678842a65ab,2021-07,Hertfordshire Constabulary,Hertfordshire Constabulary,-0.391819,51.618566,On or near ELLESBOROUGH CLOSE,E01023806,Three Rivers 012A,Unable to prosecute suspect
1cfd44d09de42860b3bf53641f6f61488f4a3f2a6f4ab5cf1616c4c8d3dd68a3,2021-07,Hertfordshire Constabulary,Hertfordshire Constabulary,-0.016318,51.751826,On or near THE AVENUE,E01023291,Broxbourne 004C,Local resolution
48bb4703b587b8b9b5a32b915d9c3634f0d8c5fbfaa4e0db1fdaa34edea20f98,2021-07,Hertfordshire Constabulary,Hertfordshire Constabulary,-0.876880,51.949167,On or near RUDDS CLOSE,E01017736,Aylesbury Vale 005B,Suspect charged
900614b404412197a86cc30aa24ecff6054c40229a540e452013619f9e654ac6,2021-07,Hertfordshire Constabulary,Hertfordshire Constabulary,-0.180475,51.793436,On or near WHITETHORN,E01023943,Welwyn Hatfield 008A,Unable to prosecute suspect
74d79ff97edc8a365fd03f8d8d29f747b4c8a0345fad6909779b8d2f7ce08b48,2021-07,Hertfordshire Constabulary,Hertfordshire Constabulary,-0.453036,51.725970,On or near Petrol Station,E01023407,Dacorum 022B,Action to be taken by another organisation
6cdcf85014d5ed41075f2bc88112d04f6fb3dc8fd8f1a0af91db5db31dd48a91,2021-07,Hertfordshire Constabulary,Hertfordshire Constabulary,-0.336758,51.752293,On or near Police Station,E01023727,St Albans 012B,Investigation complete; no suspect identified
37cfc3177a795b18085c890aab097b5a94c11e53493fdde9c2e3d3ef5fd088a6,2021-07,Hertfordshire Constabulary,Hertfordshire Constabulary,-0.474072,51.753994,On or near Police Station,E01023400,Dacorum 015E,Investigation complete; no suspect identified
ac1b93441ab7565d10069cc7e5fa96ba346dc99556f78828a1e2bb3d2c1ede50,2021-07,Hertfordshire Constabulary,Hertfordshire Constabulary,-0.199558,51.896778,On or near Further/Higher Educational Building,E01023786,Stevenage 011D,Investigation complete; no suspect identified
8f2d85765aa007f897bf4e00b0faf04926fac8384feedfabf020fffbe29dc5a3,2021-07,Hertfordshire Constabulary,Hertfordshire Constabulary,0.161233,51.868484,On or near RIVERSIDE WALK,E01023450,East Hertfordshire 004B,Suspect charged
1d99d459e7d28d08adb60ed3fe52d44e03d6105df2d1d87ffbb9e88b330ccedc,2021-07,Hertfordshire Constabulary,Hertfordshire Constabulary,-0.026599,51.817742,On or near REDAN ROAD,E01023519,East Hertfordshire 012E,Investigation complete; no suspect identified
554cc531950c21af65c46ea1fdd2a8d190fe730d8b1c7bcc041d2a7d64f12e66,2021-07,Hertfordshire Constabulary,Hertfordshire Constabulary,-0.035217,51.694584,On or near LONGLANDS CLOSE,E01023333,Broxbourne 012B,Unable to prosecute suspect
7177f98a5c118649440f6b3d5fea2f1a5bffdb1665104d0e2b06d8254c15c184,2021-07,Hertfordshire Constabulary,Hertfordshire Constabulary,-0.174061,51.687571,On or near HILL CREST,E01023575,Hertsmere 003E,Unable to prosecute suspect
393b8f8fb00f8d18a60199b0208454c994f7054e3024d8aff31f4979cd79e8c1,2021-07,Hertfordshire Constabulary,Hertfordshire Constabulary,-0.189301,51.902456,On or near BEDWELL PARK,E01023757,Stevenage 008C,Investigation complete; no suspect identified
fb31e29edb893a4b4391d108d47de14c02049dd2fa39a84421f172c9fa7556df,2021-07,Hertfordshire Constabulary,Hertfordshire Constabulary,-0.194367,51.903721,On or near CROSSGATES,E01023758,Stevenage 008D,Unable to prosecute suspect
db3187fbe9acbb19aa72ce7643d565adb8c4c8b5296d2949b6a4e67e69bde819,2021-07,Hertfordshire Constabulary,Hertfordshire Constabulary,-0.031745,51.811515,On or near Supermarket,E01023514,East Hertfordshire 012C,Unable to prosecute suspect
93713a0c8acbe4f5f572f109e56c62896b6dec7dadec15411a0f0581c3d7ae93,2021-07,Hertfordshire Constabulary,Hertfordshire Constabulary,-0.033990,51.701856,On or near Supermarket,E01023301,Broxbourne 010E,Investigation complete; no suspect identified
eeaf5aacc77b5def2eecc08b01020dec2f2c402164edee146eb6ba5098b9e565,2021-07,Hertfordshire Constabulary,Hertfordshire Constabulary,-0.219571,51.924373,On or near Petrol Station,E01023800,Stevenage 002E,Unable to prosecute suspect
35f7531bf600e61dd632e337deb84a030912cc4609d0d1b97e72b508b8d04ad9,2021-07,Hertfordshire Constabulary,Hertfordshire Constabulary,-0.434944,51.775222,On or near LOWER EMMS,E01023434,Dacorum 005A,Investigation complete; no suspect identified
d622b11ef390aeeaece02b57e33d9b60786b014b76d132554fd778b865cc894d,2021-07,Hertfordshire Constabulary,Hertfordshire Constabulary,-0.880437,52.238782,On or near ALFRED STREET,E01027224,Northampton 025B,Unable to prosecute suspect
504ebfce2240fa345e1175aa8b5e36be56bae2d3eb30ada32291e19352b5c156,2021-07,Hertfordshire Constabulary,Hertfordshire Constabulary,-0.186999,51.903680,On or near HILLSIDE,E01023756,Stevenage 008B,Investigation complete; no suspect identified
e3fb82ed762a553a733448f2f6385b5b7a811498d7c7439e2ac3a311a63dd7e5,2021-07,Hertfordshire Constabulary,Hertfordshire Constabulary,-0.111959,51.706174,On or near THEOBALD'S ROAD,E01023947,Welwyn Hatfield 016A,Unable to prosecute suspect
90b3435f04bb64e90e154556a08acb76b628fcd09394d4a281a0dfa090e37098,2021-07,Hertfordshire Constabulary,Hertfordshire Constabulary,-0.400073,51.639747,On or near EASTBURY ROAD,E01023846,Three Rivers 008D,Investigation complete; no suspect identified
3fab68a37ede2a2ef14c0e8be7ad584599ef76a90b3a35e6fae17031973bcb5e,2021-07,Hertfordshire Constabulary,Hertfordshire Constabulary,-0.404544,51.688572,On or near BRAMBLE CLOSE,E01023892,Watford 002C,Investigation complete; no suspect identified
ecc0f5777a865a3c2f82ff2b62373b11a3ef846ededd0115fce738611944a530,2021-07,Hertfordshire Constabulary,Hertfordshire Constabulary,-0.383370,51.693273,On or near COATES WAY,E01023877,Watford 003E,Unable to prosecute suspect
8dfab0d3ca856ecc92bdae075d33665e86c23ad4191bbb79252658a580dc6a83,2021-07,Hertfordshire Constabulary,Hertfordshire Constabulary,-0.518849,51.649991,On or near COPMANS WICK,E01023816,Three Rivers 005B,Unable to prosecute suspect
bf305edb14011f5e63681781308fd6411e3a457f089f1961fb020aba836e0356,2021-07,Hertfordshire Constabulary,Hertfordshire Constabulary,-0.015178,51.764603,On or near NORRIS LANE,E01023322,Broxbourne 003C,Unable to prosecute suspect
8f75fce50e6a9a8d3cd420d114eb7f04c75b0db644ae51a4665c981f948cb8ff,2021-07,Hertfordshire Constabulary,Hertfordshire Constabulary,-0.015105,52.049499,On or near EASTFIELD ROAD,E01023657,North Hertfordshire 002D,Investigation complete; no suspect identified
eb5316d8b6cadfbbc697d258186d5301528083eb56050c1450e580d34fac02fe,2021-07,Hertfordshire Constabulary,Hertfordshire Constabulary,-0.433846,51.777635,On or near CUFFLEY COURT,E01023437,Dacorum 005D,Investigation complete; no suspect identified
e4cd8a9ffa8d32f1f2e782839a83b2ae4cdda395f44f7a82ca0a0ceecdc20b49,2021-07,Hertfordshire Constabulary,Hertfordshire Constabulary,-0.204587,51.801198,On or near Shopping Area,E01023918,Welwyn Hatfield 006C,Unable to prosecute suspect
0c3fd4ed12163a035e5657abd4c60877024985a390d2bea0534ad7d4c1b31ea8,2021-07,Hertfordshire Constabulary,Hertfordshire Constabulary,-0.387679,51.651411,On or near Supermarket,E01023860,Watford 009B,Investigation complete; no suspect identified
2f1057325973b7946e9dbcf6f7dab36de0588385b8f61cfd6d589f0ff57701ce,2021-07,Hertfordshire Constabulary,Hertfordshire Constabulary,-0.162565,51.849448,On or near DATCHWORTH GREEN,E01023467,East Hertfordshire 002A,Unable to prosecute suspect
a01c967ddb6cb482fdf4739dd2ce0a695d979e9a967762ea0d33e03394ce5bf9,2021-07,Hertfordshire Constabulary,Hertfordshire Constabulary,-0.158991,51.894676,On or near Petrol Station,E01023750,Stevenage 009A,Investigation complete; no suspect identified
be86cc3451abcd20203af1a44a9aea51d9710c4d2325b73903ea4cf786cac19e,2021-07,Hertfordshire Constabulary,Hertfordshire Constabulary,-0.250677,51.658721,On or near Sports/Recreation Area,E01023546,Hertsmere 009C,Investigation complete; no suspect identified
37f002da21c28dd9e733a489d86244ea2d39a9824446cdb6fbbbf143f926d0c2,2021-07,Hertfordshire Constabulary,Hertfordshire Constabulary,-0.394657,51.653970,On or near ST. MARYS VIEW,E01023862,Watford 009D,Suspect charged
73ea3f6128a560c86183c74e358d0f723bae35566b81dfb96886325dd402aac9,2021-07,Hertfordshire Constabulary,Hertfordshire Constabulary,-0.350514,51.819647,On or near STEWART ROAD,E01023689,St Albans 002E,Unable to prosecute suspect
1d0215cbea00f12dbab47910fd13980cf24ce0262a7a6cd7ec7aee1424f170a3,2021-07,Hertfordshire Constabulary,Hertfordshire Constabulary,-0.591965,51.770598,On or near HIGH STREET,E01023417,Dacorum 006D,Suspect charged
71925d249fcc8fdb9e542d96b276100133be51c3f4f526db40f3d42d17e1c8b3,2021-07,Hertfordshire Constabulary,Hertfordshire Constabulary,-0.283128,51.718170,On or near TYNEDALE,E01023704,St Albans 018A,Investigation complete; no suspect identified
68c796f64e0524267f8940d0ff605a31ffa5033dc8401f110e7fb2f7c2bdcbb9,2021-07,Hertfordshire Constabulary,Hertfordshire Constabulary,-0.335014,51.757169,On or near CHIME SQUARE,E01023728,St Albans 012C,Investigation complete; no suspect identified
49d5dc7d29c9e2d081e9578ebca975559f85530e3827f409e2574cf1cf6ab3f3,2021-07,Hertfordshire Constabulary,Hertfordshire Constabulary,-0.456151,51.749282,On or near Petrol Station,E01023387,Dacorum 019B,Investigation complete; no suspect identified
b980055b243766408aebd896a7b342cc39322b32dd8144713f56daeb53350747,2021-07,Hertfordshire Constabulary,Hertfordshire Constabulary,-0.106296,51.801859,On or near EDMUNDS ROAD,E01023489,East Hertfordshire 015C,Unable to prosecute suspect
fff969693755e9aed1cc22322a8f349792c8f0b30c28989591e561626ca75cc9,2021-07,Hertfordshire Constabulary,Hertfordshire Constabulary,-0.492120,51.681420,On or near CLUTTERBUCKS,E01023854,Three Rivers 003D,Unable to prosecute suspect
f49569c33a930ae0f0903c479a14c931843020233605ceb8a588b9338d91d3ac,2021-07,Hertfordshire Constabulary,Hertfordshire Constabulary,-0.402251,51.697415,On or near STUD GREEN,E01023904,Watford 001A,Suspect charged
56198ae9fdfc675ffc4e6216e864519caf1933cca040bbc226bd462d55134d61,2021-07,Hertfordshire Constabulary,Hertfordshire Constabulary,-0.360778,51.812687,On or near Sports/Recreation Area,E01023700,St Albans 003B,Unable to prosecute suspect
e509b875a34053d7286b124e86ee1b7b6b3c61ea499c7e0f403dd30e2a9f73ee,2021-07,Hertfordshire Constabulary,Hertfordshire Constabulary,-0.403972,51.687161,On or near SPARROW WALK,E01023890,Watford 002A,Unable to prosecute suspect
9f293df0803e491804d714266fd9f71bf0dd4be9555c2211f21e4e908944b4aa,2021-07,Hertfordshire Constabulary,Hertfordshire Constabulary,-0.175673,51.688117,On or near HILL RISE,E01023575,Hertsmere 003E,Investigation complete; no suspect identified
9144d4f922458330e2ada0067b34c2770ec535120fd8f26775f3fa0771828baa,2021-07,Hertfordshire Constabulary,Hertfordshire Constabulary,-0.210173,51.924068,On or near PIRTON CLOSE,E01023800,Stevenage 002E,Unable to prosecute suspect
163bf3bbda62c3c0ee37fdb8e5513cfc5a4cb30e26def0c213cad0c501aad289,2021-07,Hertfordshire Constabulary,Hertfordshire Constabulary,-0.408855,51.676203,On or near GISBURNE WAY,E01023868,Watford 004A,Investigation complete; no suspect identified
b2bd9746652af530bfc85fa3a8097a2bef5616b6af47c6a8c423200ace9328aa,2021-07,Hertfordshire Constabulary,Hertfordshire Constabulary,-0.034356,51.688068,On or near STURLAS WAY,E01023336,Broxbourne 013A,Investigation complete; no suspect identified
e89e9e614512a3c92b833a0c3a0501217eeac8bb94ca6d122c9f9fc8f1827777,2021-07,Hertfordshire Constabulary,Hertfordshire Constabulary,-0.400367,51.663004,On or near ST ALBANS ROAD,E01023880,Watford 007C,Unable to prosecute suspect
06fbb52ebdb088343e5110edbb2a0e5a704595ede79dd1200c51c0cc85f4211e,2021-07,Hertfordshire Constabulary,Hertfordshire Constabulary,-0.353193,51.717447,On or near BIRCHWOOD WAY,E01023719,St Albans 019B,Unable to prosecute suspect
edd774783e12785a12b54ff3dc19c5c9efd2c3c668e9c8cdbb8652c6548bf964,2021-07,Hertfordshire Constabulary,Hertfordshire Constabulary,-0.245254,51.751897,On or near A1001,E01023937,Welwyn Hatfield 013E,Investigation complete; no suspect identified
8972cab49df23f073fd92f696f9026b3b0dc66f75ac2af6c26b420c5f48f3851,2021-07,Hertfordshire Constabulary,Hertfordshire Constabulary,-0.409742,51.645507,On or near VICARAGE ROAD,E01023864,Watford 011B,Investigation complete; no suspect identified
3a4bee40ab28f337b04abc80db5cb6ccb26a19722e6eb0d49670fd371f9a7fa9,2021-07,Hertfordshire Constabulary,Hertfordshire Constabulary,-0.092269,51.723868,On or near RICHARDSON CRESCENT,E01023315,Broxbourne 007D,Investigation complete; no suspect identified
3265a7d89983696446afce74a979a0fb3c620e5ef0658aa88e77fe5eecdb9f7f,2021-07,Hertfordshire Constabulary,Hertfordshire Constabulary,-0.346667,51.759428,On or near TEMPLE VIEW,E01023669,St Albans 009A,Unable to prosecute suspect
587c3a4d982ac8766c5a44ab97833c8db170a84689729b0b60b6f88b7fce94b9,2021-07,Hertfordshire Constabulary,Hertfordshire Constabulary,-0.394657,51.653970,On or near ST. MARYS VIEW,E01023862,Watford 009D,Suspect charged
76dbf7f7f9695313e4ba34cd4d4ba02828dcd50f47b8ee6c92e4dc39a077b3d6,2021-07,Hertfordshire Constabulary,Hertfordshire Constabulary,-0.127092,51.920123,On or near HIGH STREET,E01023509,East Hertfordshire 002E,Suspect charged
75f17fcfa32176092e112b8ee8e1d7306700dd8967021dc0e2fc0c8f6c27ecb4,2021-07,Hertfordshire Constabulary,Hertfordshire Constabulary,-0.199926,51.891209,On or near Park/Open Space,E01023786,Stevenage 011D,Investigation complete; no suspect identified
31dce19e0f16017cfca467e795274dc5f2ec8b738004e1c765d8a8af609e222e,2021-07,Hertfordshire Constabulary,Hertfordshire Constabulary,-0.489481,51.634223,On or near Petrol Station,E01023836,Three Rivers 009B,Investigation complete; no suspect identified
35a3563ebe3535f98251138af7a41d6561957abda745326fda0e2107eece5172,2021-07,Hertfordshire Constabulary,Hertfordshire Constabulary,-0.473034,51.747821,On or near Shopping Area,E01023398,Dacorum 015D,Suspect charged
501fd4b2c5ef78750baf962fb45f96870478b082e3d700a59896a33fa0f851a1,2021-07,Hertfordshire Constabulary,Hertfordshire Constabulary,-0.153549,51.969601,On or near ASHANGER LANE,E01023663,North Hertfordshire 005G,Investigation complete; no suspect identified
a969d74894258b2329fccc3cbb073b6e092377392fb39e7820a16c92082e854e,2021-07,Hertfordshire Constabulary,Hertfordshire Constabulary,-0.383480,51.688985,On or near CUFFLEY AVENUE,E01023877,Watford 003E,Unable to prosecute suspect
9f3275170337ab20fabd95eb4a6e482b910b60454ed3cd9b6bff0046c3ec946a,2021-07,Hertfordshire Constabulary,Hertfordshire Constabulary,-0.387679,51.651411,On or near Supermarket,E01023860,Watford 009B,Investigation complete; no suspect identified
fc034ca6cbab8e813d1ce0c37a8accedefe311bbad31322d479c3d0e10c5569d,2021-07,Hertfordshire Constabulary,Hertfordshire Constabulary,-0.277400,51.947011,On or near Supermarket,E01023616,North Hertfordshire 012F,Unable to prosecute suspect
ffc9bcad53776f28e6b091c271a003cb515d90504af7d9c8afd233f8fa40360a,2021-07,Hertfordshire Constabulary,Hertfordshire Constabulary,-0.276557,51.655669,On or near KEYSTONE PASSAGE,E01023530,Hertsmere 007B,Unable to prosecute suspect
c348ae9a2f8f20c6529c3b23aad5fa51917e48b6e0d9ba11c1fc021de8061670,2021-07,Hertfordshire Constabulary,Hertfordshire Constabulary,-0.381216,51.689179,On or near GADDESDEN CRESCENT,E01023877,Watford 003E,Investigation complete; no suspect identified
c3aedbaf90f41264fe99259d68940366bc9b4f82f101e195b38a19072aaf0773,2021-07,Hertfordshire Constabulary,Hertfordshire Constabulary,-0.425861,51.703822,On or near MANOR HOUSE GARDENS,E01023803,Three Rivers 001B,Investigation complete; no suspect identified
256346d801ee0fb2e7cdc85e00eceb69dac72ccdf588c6cb67d36c9d37496c1b,2021-07,Hertfordshire Constabulary,Hertfordshire Constabulary,-0.177371,51.693045,On or near Parking Area,E01023572,Hertsmere 003B,Investigation complete; no suspect identified
89384e543d672dc03f5b9bac68ee1b2ada9ef60a8eff32ccee09417439b5e462,2021-07,Hertfordshire Constabulary,Hertfordshire Constabulary,-0.394657,51.653970,On or near ST. MARYS VIEW,E01023862,Watford 009D,Unable to prosecute suspect
d7c52b1e6492dadca2ec472994bb781118140745a67e231279096cae1df4a954,2021-07,Hertfordshire Constabulary,Hertfordshire Constabulary,-0.459193,51.741616,On or near SUNRISE CRESCENT,E01023389,Dacorum 019D,Unable to prosecute suspect
811899c6629d4546d2bdfc8c1ed5416df1fbf42295f8e7121ff191d9c557b2f5,2021-07,Hertfordshire Constabulary,Hertfordshire Constabulary,-0.417774,51.682987,On or near COURTLANDS DRIVE,E01023868,Watford 004A,Investigation complete; no suspect identified
30868194e9210de24f2ec084cc11e792355468acbeb1bcbfd8c606567153085a,2021-07,Hertfordshire Constabulary,Hertfordshire Constabulary,-0.397351,51.677593,On or near Parking Area,E01023857,Watford 006C,Unable to prosecute suspect
73f4ad8afb7555686e34c31c9b3f122408273228c2f9ca0900f5cc0015a38bf5,2021-07,Hertfordshire Constabulary,Hertfordshire Constabulary,-0.433203,51.777374,On or near ROWLEY WALK,E01023437,Dacorum 005D,Unable to prosecute suspect
5f1e28be3b24d9b185a5ffead39c76dad61d4c1df3ac88a68e0d7930fa90f01e,2021-07,Hertfordshire Constabulary,Hertfordshire Constabulary,-0.320587,51.755093,On or near CLARENCE ROAD,E01023675,St Albans 011C,Investigation complete; no suspect identified
38e9720aa7b3bda278b5eda951d170fcd706570c02f3784e49613b3be570f54d,2021-07,Hertfordshire Constabulary,Hertfordshire Constabulary,-0.276925,51.691319,On or near HARRIS LANE,E01023583,Hertsmere 004C,Investigation complete; no suspect identified
04aaac176b3df5c35213738303fb46adcb24adfae0c67e1cf5e7cc16ca869639,2021-07,Hertfordshire Constabulary,Hertfordshire Constabulary,-0.178240,51.849952,On or near BIRCH ROAD,E01023967,Welwyn Hatfield 001C,Unable to prosecute suspect
684eb1b5b538c543d1f59fd5e1be6e64601b205c977d7390b201774cd0288607,2021-07,Hertfordshire Constabulary,Hertfordshire Constabulary,0.002566,51.786351,On or near LEE CLOSE,E01023505,East Hertfordshire 018F,Unable to prosecute suspect
d1b24cd64bf03cbe63b0eb9753428174fc8d6ae7fc3feaf91316b9895811badb,2021-07,Hertfordshire Constabulary,Hertfordshire Constabulary,-0.276715,51.653792,On or near DRAYTON ROAD,E01023539,Hertsmere 011A,Investigation complete; no suspect identified
74b12c28b8d4b9ecfb77054be6c1a0d0843e8ff9ba09985c16b7663fab084e25,2021-07,Hertfordshire Constabulary,Hertfordshire Constabulary,-0.387679,51.651411,On or near Supermarket,E01023860,Watford 009B,Local resolution
e96d9b817d77da9d0109cb6e3cbb3943ea1c119365b0a35b5c983ed57e8a8820,2021-07,Hertfordshire Constabulary,Hertfordshire Constabulary,-0.306360,51.948070,On or near MANLEY HIGHWAY,E01023615,North Hertfordshire 012E,Investigation complete; no suspect identified
6a249cfd7273b5999869452c9f374f44597c338dfed901b42419fb34d8df4f5c,2021-07,Hertfordshire Constabulary,Hertfordshire Constabulary,,,No location,,,Unable to prosecute suspect
673cec7cee20be64107abad26e87a21cf3aad18cba72a4575e5cafc3e8e02762,2021-07,Hertfordshire Constabulary,Hertfordshire Constabulary,-0.354720,51.743590,On or near CARDINAL GROVE,E01023743,St Albans 014B,Investigation complete; no suspect identified
336c499f0c1f22a363c438e54c896bf4d0b87fcc0f1dc9d305839ccae8dc3ec0,2021-07,Hertfordshire Constabulary,Hertfordshire Constabulary,-0.264794,51.665369,On or near NEAGLE CLOSE,E01023545,Hertsmere 009B,Unable to prosecute suspect
f4edb5ca39da0180f1640e7d3e66afc3014449c16a49fa45f1351ad034e2642b,2021-07,Hertfordshire Constabulary,Hertfordshire Constabulary,-0.386718,51.672772,On or near WESTFIELD AVENUE,E01023898,Watford 005D,Investigation complete; no suspect identified
1df486c0e4054d60a98c30c254aac2b5f16cef564377aad7134977118966473d,2021-07,Hertfordshire Constabulary,Hertfordshire Constabulary,-0.017560,51.762170,On or near WHITEHANDS CLOSE,E01023323,Broxbourne 003D,Unable to prosecute suspect
03ad6631e209f6ca7571c296fade5489f1986e19b688106c325d80e69787670c,2021-07,Hertfordshire Constabulary,Hertfordshire Constabulary,-0.220058,51.910587,On or near GUNNELS WOOD ROAD,E01023796,Stevenage 005B,Unable to prosecute suspect
5549292ddbbf999682ace43aee6fc2d5262e19d4a891838cbe7d51f340f8bd63,2021-07,Hertfordshire Constabulary,Hertfordshire Constabulary,-0.247430,51.764905,On or near ERRINGTON CLOSE,E01033308,Welwyn Hatfield 010E,Unable to prosecute suspect
7868a9cbac20678c6d0e702fc96f154406945637d385fdad0a71b3921d0846dc,2021-07,Hertfordshire Constabulary,Hertfordshire Constabulary,-0.355488,51.664552,On or near M1,E01023555,Hertsmere 008D,Suspect charged
2b083b66ad01b8d45af4a29381fb40351375e0bd290a81e1f26ff9d0ae64144d,2021-07,Hertfordshire Constabulary,Hertfordshire Constabulary,-0.465731,51.761142,On or near BOWYERS,E01023401,Dacorum 008A,Unable to prosecute suspect
5d1c2b966894cce45266f74d97b78d900c954f2beb1cb860fe9326e7550e5a03,2021-07,Hertfordshire Constabulary,Hertfordshire Constabulary,-0.028653,51.953386,On or near Sports/Recreation Area,E01023465,East Hertfordshire 001C,Unable to prosecute suspect
0b5a8387966f210c8981a6f0066e887bd69a50697e7959392a338e6097cf57fb,2021-07,Hertfordshire Constabulary,Hertfordshire Constabulary,0.188575,51.873661,On or near WOODSIDE,E01023440,East Hertfordshire 005C,Investigation complete; no suspect identified
8c7fbd1668fe76e7540cfea1278ab90de425a05bcb516b6485311e15ca6e7837,2021-07,Hertfordshire Constabulary,Hertfordshire Constabulary,-0.340262,51.632883,On or near Petrol Station,E01023550,Hertsmere 013C,Investigation complete; no suspect identified
60e19b2b6be786930396276f73cf04bbdcb216e437259439a288695af9a4e5f6,2021-07,Hertfordshire Constabulary,Hertfordshire Constabulary,-0.338796,51.720427,On or near BRANCH ROAD,E01023720,St Albans 019C,Unable to prosecute suspect
e1fc02726e9fa8e48a482f25dda70b2e18c3edccc2b17ec4c432394a251113d7,2021-07,Hertfordshire Constabulary,Hertfordshire Constabulary,-0.368430,51.896822,On or near ELMTREE AVENUE,E01023624,North Hertfordshire 014D,Investigation complete; no suspect identified
57af41e3788d0a2e473d0d025c78b5b9ac25edf2fabbd84f954dc6bfddaa781f,2021-07,Hertfordshire Constabulary,Hertfordshire Constabulary,-0.164497,51.906145,On or near SIDDONS ROAD,E01023760,Stevenage 007B,Investigation complete; no suspect identified
43834b3e8c3f2855c844e108fc2f96689b17b082061fb0fa38493f8aca260eee,2021-07,Hertfordshire Constabulary,Hertfordshire Constabulary,-0.189056,51.903846,On or near LINKWAYS EAST,E01023757,Stevenage 008C,Investigation complete; no suspect identified
03c36f1c7e4e3e363ef1d98b1ddad52aa243184ed8054723659e165ce0472659,2021-07,Hertfordshire Constabulary,Hertfordshire Constabulary,-0.291715,51.947490,On or near CROW FURLONG,E01023615,North Hertfordshire 012E,Unable to prosecute suspect
67e7c61b69e862b96bc2a6f425c492e18b97fe63169ed5ad120df2898a27ef06,2021-07,Hertfordshire Constabulary,Hertfordshire Constabulary,-0.255178,51.948240,On or near NIMBUS WAY,E01023610,North Hertfordshire 013E,Unable to prosecute suspect
394ebc761ec3d0fd1c69c1ced99905c60a594874fedc387f8150977f23e4bb4a,2021-07,Hertfordshire Constabulary,Hertfordshire Constabulary,-0.342282,51.730017,On or near WATLING STREET,E01023718,St Albans 019A,Investigation complete; no suspect identified
ea1a9454d564075c5a195ae13759538e4a5a1aa1ef3a904baaa01d025af0c681,2021-07,Hertfordshire Constabulary,Hertfordshire Constabulary,-0.269874,51.666019,On or near BRACKEN CLOSE,E01023537,Hertsmere 006D,Unable to prosecute suspect
a564001b19bbbd33ec81888bea8e3befa690d76734ac3c5a8a45fb91d3d7a0a0,2021-07,Hertfordshire Constabulary,Hertfordshire Constabulary,-0.210640,51.971921,On or near GOLDON,E01023643,North Hertfordshire 009E,Unable to prosecute suspect
6fbe9055d9ab1e3430d2ead85382980f623c4dfbbf88a1ccac53ce0e1ed1b9c6,2021-07,Hertfordshire Constabulary,Hertfordshire Constabulary,-0.083733,51.798319,On or near BEANE RIVER VIEW,E01023470,East Hertfordshire 014A,Investigation complete; no suspect identified
bc461eae97042c160135f1a60fa5a8baf102c7e98708ffb4d60cb23da6441a7a,2021-07,Hertfordshire Constabulary,Hertfordshire Constabulary,-0.452037,51.745460,On or near ALLDICKS ROAD,E01023357,Dacorum 020A,Investigation complete; no suspect identified
a67e110e57e524defae6da33fc7cfaf848bf946a1570ea218f4ee85bc2a21f6d,2021-07,Hertfordshire Constabulary,Hertfordshire Constabulary,-0.183024,51.796029,On or near POUNDWELL,E01023944,Welwyn Hatfield 008B,Unable to prosecute suspect
9e973a3dc13724eaeff367ef505d5b4a9227bf0a985bb3149a7f548ef7977c6f,2021-07,Hertfordshire Constabulary,Hertfordshire Constabulary,-0.278236,51.751297,On or near ACREWOOD WAY,E01023678,St Albans 015B,Investigation complete; no suspect identified
5fa793afd64e27a2dc6b352d80bb0982722e4824563f4bd374a28f961dc8380c,2021-07,Hertfordshire Constabulary,Hertfordshire Constabulary,-0.086527,51.710358,On or near Supermarket,E01023311,Broxbourne 007A,Investigation complete; no suspect identified
52d5b08216a8277d9b149834e2d5472ab247084be7decebd36f5c092b88190b3,2021-07,Hertfordshire Constabulary,Hertfordshire Constabulary,-0.178955,51.917826,On or near Pedestrian Subway,E01023774,Stevenage 003D,Unable to prosecute suspect
257c14dda0df68ea0726630052ac75a63056e76bcc850d895e624ae33dd6f2ef,2021-07,Hertfordshire Constabulary,Hertfordshire Constabulary,-0.393795,51.622334,On or near FLEETWOOD WAY,E01023843,Three Rivers 012C,Unable to prosecute suspect
9ae1e40b7bbb188760ccc811c105d34d43287371b5ea100193c9af0f112c0259,2021-07,Hertfordshire Constabulary,Hertfordshire Constabulary,0.083999,51.647287,On or near Parking Area,E01021776,Epping Forest 011C,Suspect charged
3dad05bb4fba9c13d557e177b75061061498f287188defe2f7edf3abd9c32527,2021-07,Hertfordshire Constabulary,Hertfordshire Constabulary,-0.357077,51.643793,On or near MILNER COURT,E01023557,Hertsmere 013F,Unable to prosecute suspect
82e96b7b451e3b734695b1318200121bc2312890febe4201cb4a705819c1e93d,2021-07,Hertfordshire Constabulary,Hertfordshire Constabulary,-0.490145,51.635985,On or near CHURCH LANE,E01023836,Three Rivers 009B,Unable to prosecute suspect
601af4afa5883bee29551537f56687cd84dc00e634d45329ad8557d5e3a41a41,2021-07,Hertfordshire Constabulary,Hertfordshire Constabulary,-0.463594,51.773289,On or near TREMAINE GROVE,E01023397,Dacorum 007E,Unable to prosecute suspect
ca07b648b07bbae7124b573e1190b294c1adcc676664b93d3a0e4844a8492d08,2021-07,Hertfordshire Constabulary,Hertfordshire Constabulary,-0.308042,51.749986,On or near HEDLEY ROAD,E01023667,St Albans 013C,Investigation complete; no suspect identified
34ca5997cbfc23f6384730805c768431d937893a3089609f598334a30a9cb451,2021-07,Hertfordshire Constabulary,Hertfordshire Constabulary,-0.473578,51.751029,On or near BRIDGE STREET,E01023398,Dacorum 015D,Unable to prosecute suspect
c917fb85fa2218ff34818c3fb308aa5bd85cccbe2b2f21cfdf76349e9bffcd9e,2021-07,Hertfordshire Constabulary,Hertfordshire Constabulary,-0.391416,51.656084,On or near STANLEY ROAD,E01023860,Watford 009B,Suspect charged
795d6935c0017d72f84b7d3fca1b480de5d7aee84fbf16326175788df6609185,2021-07,Hertfordshire Constabulary,Hertfordshire Constabulary,-0.396809,51.674088,On or near LEA ROAD,E01023857,Watford 006C,Investigation complete; no suspect identified
d64d4e52ac4859d8e99fa8bbe8a309ae66cec425149afe67cb99e801b31632ed,2021-07,Hertfordshire Constabulary,Hertfordshire Constabulary,-0.310027,51.687861,On or near WATERSIDE,E01023523,Hertsmere 005A,Investigation complete; no suspect identified
431a21eecc99750adafb00b119e77d8c19152458f7a19235ef37c2ffabfd08ee,2021-07,Hertfordshire Constabulary,Hertfordshire Constabulary,-0.416624,51.657065,On or near FULLERIAN CRESCENT,E01023888,Watford 008C,Investigation complete; no suspect identified
b3fec111c3de445aa7b2bdfd507edd221479fd5d3aab7756c3fc27a03c149517,2021-07,Hertfordshire Constabulary,Hertfordshire Constabulary,-0.413180,51.669554,On or near LANGLEY WAY,E01023878,Watford 007A,Investigation complete; no suspect identified
c1f0ef6790c2501fd29b5047d916efbf6d7a4253da69f87114cbca4b6f4d05d7,2021-07,Hertfordshire Constabulary,Hertfordshire Constabulary,-0.177070,51.701978,On or near BLACKBURY CLOSE,E01023580,Hertsmere 001E,Investigation complete; no suspect identified
c4bbe1a0caf164da81dabda7a413ee0cec18e8780a19aa5b553b9bf1a6a107d4,2021-07,Hertfordshire Constabulary,Hertfordshire Constabulary,-0.036275,51.716920,On or near Parking Area,E01023305,Broxbourne 008D,Investigation complete; no suspect identified
785d4dd5fdb1abdb0e0cca8f77073f21f8f9fe36a30dd5f9b1867181687b54d9,2021-07,Hertfordshire Constabulary,Hertfordshire Constabulary,-0.086527,51.710358,On or near Supermarket,E01023311,Broxbourne 007A,Suspect charged
b59568e531aadd21ac03813bdac1b4edbe688924106e351fafea7f1204b8197f,2021-07,Hertfordshire Constabulary,Hertfordshire Constabulary,-0.387679,51.651411,On or near Supermarket,E01023860,Watford 009B,Investigation complete; no suspect identified
87c267ca82bcf3e55ef2fec11688fb6de3ff87abd00f14f42d3f7ea6a648eb65,2021-07,Hertfordshire Constabulary,Hertfordshire Constabulary,-0.440873,51.647247,On or near Parking Area,E01023825,Three Rivers 006E,Unable to prosecute suspect
cb25dc25cd9165fa086edf9e1e70a9fdbb49d2ea8cbdc95293096685a8c06199,2021-07,Hertfordshire Constabulary,Hertfordshire Constabulary,-0.255373,51.644107,On or near Shopping Area,E01023543,Hertsmere 011E,Investigation complete; no suspect identified
67c95e512b67eae0d981ba83e1dd56ae2917c7f11d8fed488cbb85395825eb2b,2021-07,Hertfordshire Constabulary,Hertfordshire Constabulary,-0.662846,51.793815,On or near PARSONAGE PLACE,E01023420,Dacorum 003C,Suspect charged
0ebf71c7fa86a0863e6fa4d5a912f6a3bc92eeafa9a964fa19d594581ce79d74,2021-07,Hertfordshire Constabulary,Hertfordshire Constabulary,-0.200491,52.014108,On or near Petrol Station,E01023585,North Hertfordshire 005A,Suspect charged
0e2cd17a0b5a824960871d0f3f9a086174958425ac78192a4761cf550ba8517b,2021-07,Hertfordshire Constabulary,Hertfordshire Constabulary,-0.339165,51.753028,On or near WADDINGTON ROAD,E01023727,St Albans 012B,Unable to prosecute suspect
56ebfdd8fe7f4c938ce858f161355f393a4355ddd6c5da002a06596c17cd7666,2021-07,Hertfordshire Constabulary,Hertfordshire Constabulary,,,No location,,,Suspect charged
ec118d80453a8388ce21ea0bf0244c4990351fe51560b0c37fa6726bc07368aa,2021-07,Hertfordshire Constabulary,Hertfordshire Constabulary,-0.194407,51.782645,On or near CAMFIELD,E01023942,Welwyn Hatfield 009D,Further action is not in the public interest
061b7d455484a0bb24ce053b10455d8514a5164941d210e4f63665f316e97062,2021-07,Hertfordshire Constabulary,Hertfordshire Constabulary,-0.307075,51.763451,On or near THE RIDGEWAY,E01023714,St Albans 010B,Unable to prosecute suspect
5185af1749e8c0d846c7b8c635197a1236f8d649157d6b86ae7210cd8ad924d4,2021-07,Hertfordshire Constabulary,Hertfordshire Constabulary,-0.329827,51.757149,On or near BOWGATE,E01023676,St Albans 011D,Unable to prosecute suspect
78abab25000e30832f55411c775c45defd9b211d18b26cf551d0ce1063714330,2021-07,Hertfordshire Constabulary,Hertfordshire Constabulary,-0.255373,51.644107,On or near Shopping Area,E01023543,Hertsmere 011E,Investigation complete; no suspect identified
720a00505882e16a1de194cf75d97ce6c61c1ecdf6d712561c589c0f1e35e74a,2021-07,Hertfordshire Constabulary,Hertfordshire Constabulary,-0.038159,51.690784,On or near DYSONS CLOSE,E01023332,Broxbourne 012A,Unable to prosecute suspect
663fb0f2050a38560baab0440c1ffba6fbdd7200d351d1fd3188d2a7457183f0,2021-07,Hertfordshire Constabulary,Hertfordshire Constabulary,-0.040375,51.705470,On or near PROSPECT ROAD,E01023297,Broxbourne 010A,Unable to prosecute suspect
e6544670c6bfcf3c1c330866ebd0e435d27e400b974410dd4b87d83025d7f550,2021-07,Hertfordshire Constabulary,Hertfordshire Constabulary,-0.464911,51.741286,On or near IVORY COURT,E01023386,Dacorum 019A,Unable to prosecute suspect
7099fdf03e0c1007889453ff0e0e938d8925b72627de38789be08dff40be66fc,2021-07,Hertfordshire Constabulary,Hertfordshire Constabulary,0.002308,51.800491,On or near Sports/Recreation Area,E01023504,East Hertfordshire 018E,Investigation complete; no suspect identified
c588d8bdab515a87af6f766dfeaa65b2f061665ced5866c12cfe62b734deb49b,2021-07,Hertfordshire Constabulary,Hertfordshire Constabulary,-0.311849,51.745032,On or near OLIVE CLOSE,E01023682,St Albans 016B,Unable to prosecute suspect
d8376f96b5f04cc89c66a46836ce7797eef35a1b62baeb1a39bb92b04e39e58b,2021-07,Hertfordshire Constabulary,Hertfordshire Constabulary,-0.554937,51.759656,On or near NEW STREET,E01023361,Dacorum 009A,Unable to prosecute suspect
192cb1f51e19f577c2c2ec7f592f57649cd5bb01e878125cfd72b8805de1dcdd,2021-07,Hertfordshire Constabulary,Hertfordshire Constabulary,-0.175045,51.880826,On or near NOKESIDE,E01023785,Stevenage 011C,Local resolution
768116747ed5de07f44cc2269aa303819893e5a4897887fd5b35d4f8e455b308,2021-07,Hertfordshire Constabulary,Hertfordshire Constabulary,-0.277603,51.973252,On or near WITTER AVENUE,E01023594,North Hertfordshire 014A,Investigation complete; no suspect identified
f871732790da0951eef778186ff24960146bcb4bb7e41fe4a28daafaa54ec03f,2021-07,Hertfordshire Constabulary,Hertfordshire Constabulary,-0.188917,51.914167,On or near Pedestrian Subway,E01023781,Stevenage 006D,Unable to prosecute suspect
5bc130cb06100af2a2fdd77403e46af89b9a05698e711d6f0a6e62391ac94bc1,2021-07,Hertfordshire Constabulary,Hertfordshire Constabulary,-0.028233,51.817526,On or near HIGH OAK ROAD,E01023519,East Hertfordshire 012E,Unable to prosecute suspect
7ee233bd13dee33b1e13377cdfc2cb9da2cb85b8fe97a74dabf280e074a8724f,2021-07,Hertfordshire Constabulary,Hertfordshire Constabulary,-0.201129,51.904760,On or near Parking Area,E01023758,Stevenage 008D,Unable to prosecute suspect
b983667427f3677ef51f2c3d519086a71b6eaa30bc9947333629b8c5059035d8,2021-07,Hertfordshire Constabulary,Hertfordshire Constabulary,-0.103395,51.760727,On or near WELL-ROW,E01023486,East Hertfordshire 010B,Unable to prosecute suspect
1948223993914ced63ca912fed413269da64074fe8b3a92b6f18802631ea5e1f,2021-07,Hertfordshire Constabulary,Hertfordshire Constabulary,-0.182853,51.865913,On or near Supermarket,E01023628,North Hertfordshire 015E,Suspect charged
a2db06869b6ba57d18a4777332de2a1e32cf469454ac63730c3aa7930deae97a,2021-07,Hertfordshire Constabulary,Hertfordshire Constabulary,-0.339165,51.753028,On or near WADDINGTON ROAD,E01023727,St Albans 012B,Investigation complete; no suspect identified
c9d3f9471c077d92262fb707118f15c9c60124cf751c2c3cfec53059034e088d,2021-07,Hertfordshire Constabulary,Hertfordshire Constabulary,-0.016823,51.762140,On or near LANGTON ROAD,E01023323,Broxbourne 003D,Investigation complete; no suspect identified
09eb870cc263b9e30aa1e74427d83839c8aa744e794e7f7b879c56cf73f4fa9e,2021-07,Hertfordshire Constabulary,Hertfordshire Constabulary,-0.044869,51.783472,On or near OLIVERS WAY,E01023480,East Hertfordshire 018C,Offender given a caution
9cd3949d73afddf2dbd15a68bfe95f66cdd8b074315a954f99b29ab33e03c172,2021-07,Hertfordshire Constabulary,Hertfordshire Constabulary,-0.078483,51.788765,On or near MORGANS CLOSE,E01023476,East Hertfordshire 017B,Investigation complete; no suspect identified
f0c86bdb0c9d993e30d4ed8d322c2b709fb24c605b6a45777dfaebe95c0183b0,2021-07,Hertfordshire Constabulary,Hertfordshire Constabulary,-0.054993,51.825840,On or near WESTMILL ROAD,E01023471,East Hertfordshire 014B,Unable to prosecute suspect
f5beb1ae627d3b73b6f6d4fccc4ea6e436fe86ad615499e986f1c3fea90ffb9c,2021-07,Hertfordshire Constabulary,Hertfordshire Constabulary,-0.224473,51.746487,On or near MILLWARDS,E01023933,Welwyn Hatfield 014A,Unable to prosecute suspect
f5c4124ed0cb980b644fd17a994cf815f79f0a290b6596b5dbc8f3cdf33feb92,2021-07,Hertfordshire Constabulary,Hertfordshire Constabulary,-0.158991,51.894676,On or near Petrol Station,E01023750,Stevenage 009A,Investigation complete; no suspect identified
86294382e964d61985f9d4c395985d24fa8ab9318fe45aba8e2321be1c9bc478,2021-07,Hertfordshire Constabulary,Hertfordshire Constabulary,-0.578045,51.764802,On or near GOSSOMS END,E01023370,Dacorum 012B,Investigation complete; no suspect identified
10c9b659951d4c4d969a75e700b642fe039c4c04d5eb97d9a3f62b23658816a7,2021-07,Hertfordshire Constabulary,Hertfordshire Constabulary,-0.017519,51.943497,On or near DOWNHALL LEY,E01023466,East Hertfordshire 001D,Suspect charged
8fefe5681313217b7a320c5c7e50ba2382fcc1edd73523686c04fc105b8dcecc,2021-07,Hertfordshire Constabulary,Hertfordshire Constabulary,-0.312394,51.743619,On or near Supermarket,E01023683,St Albans 016C,Unable to prosecute suspect
c952815456be87f722daf47a3eeec1fbce2a586aac5574d99b6814e153d50491,2021-07,Hertfordshire Constabulary,Hertfordshire Constabulary,-0.203129,51.784604,On or near ROLLSWOOD,E01023941,Welwyn Hatfield 009C,Offender given a caution
8eeaafc322da24509934ba549a5f3582c015f7121c3d9c5be45c615169b125ed,2021-07,Hertfordshire Constabulary,Hertfordshire Constabulary,-0.205344,51.802208,On or near STONEHILLS,E01023918,Welwyn Hatfield 006C,Unable to prosecute suspect
33c3acc2debc2a636647b499e402f4a4855125e5c3865b8ab6ee8773c6e27ad7,2021-07,Hertfordshire Constabulary,Hertfordshire Constabulary,-0.273574,51.669877,On or near PURSLEY GARDENS,E01023534,Hertsmere 006A,Unable to prosecute suspect
8cd18d1f613a08aec46ead184bb132c745555cae9602f51bac52399e98074232,2021-07,Hertfordshire Constabulary,Hertfordshire Constabulary,-0.364564,51.664669,On or near HARTSWOOD CLOSE,E01023555,Hertsmere 008D,Investigation complete; no suspect identified
3327a3c05593cce53d66e9ae3ded63971a64808e67e019a71e03441586915343,2021-07,Hertfordshire Constabulary,Hertfordshire Constabulary,-0.184271,51.892380,On or near Parking Area,E01023794,Stevenage 010D,Investigation complete; no suspect identified
ffa546bcd49b2d2e01c4cbeed7cf1e9a9e1903a14e9d411dfa7c6ea87a30020b,2021-07,Hertfordshire Constabulary,Hertfordshire Constabulary,-0.025353,51.702457,On or near SHALCROSS DRIVE,E01023299,Broxbourne 010C,Action to be taken by another organisation
b6202724c37dd3a0641213e45a43ae99584c3fb8c2895d6c632a44da03f6557b,2021-07,Hertfordshire Constabulary,Hertfordshire Constabulary,-0.400039,51.663279,On or near ST ALBANS ROAD,E01023861,Watford 009C,Investigation complete; no suspect identified
11f368be9b25b5cddfca35bd758b76247513a4e0d3be23c3bb3f61b3b74d3782,2021-07,Hertfordshire Constabulary,Hertfordshire Constabulary,-0.398030,51.691963,On or near Petrol Station,E01023905,Watford 001B,Offender given a caution
25dd238d32e86afada78224dd5fb42d3cc0bf6165e6ede8813154f25eb61e4d2,2021-07,Hertfordshire Constabulary,Hertfordshire Constabulary,-0.379980,51.687318,On or near AMWELL CLOSE,E01023873,Watford 003A,Unable to prosecute suspect
203059069af78377259b11df80b965accb208bf802c715f1efa9d88f5993cfa8,2021-07,Hertfordshire Constabulary,Hertfordshire Constabulary,-0.218986,51.811569,On or near Parking Area,E01023959,Welwyn Hatfield 003A,Unable to prosecute suspect
15263777f213471ef3e95e7813da0e33a6306a4c2859043df4e2bf6c1b3967d4,2021-07,Hertfordshire Constabulary,Hertfordshire Constabulary,-0.427644,51.771743,On or near LILLY LANE,E01023722,St Albans 006A,Unable to prosecute suspect
3f1402f5b91647d4b56f5260adc16011caf92c7c1312b28fbbdb3601bca5bbc3,2021-07,Hertfordshire Constabulary,Hertfordshire Constabulary,-0.386718,51.672772,On or near WESTFIELD AVENUE,E01023898,Watford 005D,Investigation complete; no suspect identified
b5208e60197a3dbfcdbd2d467e701a563277a699c8d6f772f443b01e11a99dca,2021-07,Hertfordshire Constabulary,Hertfordshire Constabulary,-0.459527,51.747995,On or near SHERBOURNE CLOSE,E01023387,Dacorum 019B,Investigation complete; no suspect identified
6f89d943f96de1dee01c9b2a0bfc6fe14746713422c703a0f3196e5972fef291,2021-07,Hertfordshire Constabulary,Hertfordshire Constabulary,-0.011724,51.766694,On or near Petrol Station,E01023327,Broxbourne 002A,Suspect charged
4ea4ca2562503b973d4525d588f192aacd89420a5069d8a74a991900ef0041b1,2021-07,Hertfordshire Constabulary,Hertfordshire Constabulary,0.160145,51.868827,On or near NAILS LANE,E01023446,East Hertfordshire 007D,Investigation complete; no suspect identified
9f5f2aaf1d2534dc5d6e72280465e09df6ed4468c5d86a45c1a7bd67f47f8d28,2021-07,Hertfordshire Constabulary,Hertfordshire Constabulary,-0.345621,51.745638,On or near Sports/Recreation Area,E01023743,St Albans 014B,Investigation complete; no suspect identified
094b9de8e01b491a32a787a48d1aaf4f0210dabac3ab0432bf07afed7ac6c56e,2021-07,Hertfordshire Constabulary,Hertfordshire Constabulary,-0.295286,51.720946,On or near SANDERS CLOSE,E01023706,St Albans 018C,Investigation complete; no suspect identified
132b28d2f79c7cec65f68bd09cc3fad9294edf5f628930c6b2383edfe54ecc42,2021-07,Hertfordshire Constabulary,Hertfordshire Constabulary,-0.334424,51.752718,On or near UPPER MARLBOROUGH ROAD,E01023727,St Albans 012B,Local resolution
4c59f8f14eeb59b73c9ac7ce8a9133bdd2981eecd2b7db6b44bebb55d9a28f54,2021-07,Hertfordshire Constabulary,Hertfordshire Constabulary,-0.187324,51.991949,On or near STATION ROAD,E01023589,North Hertfordshire 004C,Investigation complete; no suspect identified
334083e3c68b475daeb3933d9e264385bbc4bbb835f4507ea14bc84514bb6709,2021-07,Hertfordshire Constabulary,Hertfordshire Constabulary,-0.188557,51.795494,On or near SALISBURY ROAD,E01023958,Welwyn Hatfield 007E,Suspect charged
7827de8c0069e5d25c45b66aabdbaa869e8265a52ed7b52a8272b72c058a9065,2021-07,Hertfordshire Constabulary,Hertfordshire Constabulary,0.131404,51.800416,On or near HAMPTON GARDENS,E01023500,East Hertfordshire 011B,Unable to prosecute suspect
94cf145f4d554237f852209152a61cbd7ee3d9141b45ac1b20b5715c1d16132b,2021-07,Hertfordshire Constabulary,Hertfordshire Constabulary,-0.269599,51.940648,On or near Petrol Station,E01023606,North Hertfordshire 013A,Investigation complete; no suspect identified
30cba351ff1a7b103ca55bc5499d8b17ec839b49516d39eb4e5b9e23109f2086,2021-07,Hertfordshire Constabulary,Hertfordshire Constabulary,-0.220417,51.776333,On or near Supermarket,E01033311,Welwyn Hatfield 010F,Investigation complete; no suspect identified
50fb525c94f322db18d58d1e905a7a28d6f129f7ecacaf1c24ce32489e18eb0f,2021-07,Hertfordshire Constabulary,Hertfordshire Constabulary,-0.088170,51.725617,On or near NIGHTINGALE ROAD,E01023307,Broxbourne 006A,Investigation complete; no suspect identified
886861f565c055e64ca379b9d5f8e29e8fb8df4787c94cda8b0dfce6eea2a255,2021-07,Hertfordshire Constabulary,Hertfordshire Constabulary,-0.305078,51.751759,On or near REDWOOD CLOSE,E01023665,St Albans 013B,Suspect charged
68dd8445ba160e106c96123b2483bddcc02f50e709c2a35b4602f005f71dca76,2021-07,Hertfordshire Constabulary,Hertfordshire Constabulary,-0.313340,51.734946,On or near THE WILLOWS,E01023684,St Albans 016D,Investigation complete; no suspect identified
8e4295f4dd6a0059ee33f2c0860180e06f5fd1f68fa2ec36dc0d6cf08c8bcaba,2021-07,Hertfordshire Constabulary,Hertfordshire Constabulary,-0.392412,51.651242,On or near Parking Area,E01023862,Watford 009D,Investigation complete; no suspect identified
4d97c25ebe2e8b4a6ce3edbbbc038b9eef25979b0cc284bb58e66c798ff514ab,2021-07,Hertfordshire Constabulary,Hertfordshire Constabulary,-0.473578,51.751029,On or near BRIDGE STREET,E01023398,Dacorum 015D,Unable to prosecute suspect
1e25e65e7bed00c7b3861e1b5349c6533c1af306c49de1344e6fd7fb72d34d99,2021-07,Hertfordshire Constabulary,Hertfordshire Constabulary,-0.352562,51.649926,On or near HARCOURT ROAD,E01023560,Hertsmere 012C,Unable to prosecute suspect
6f44ed12fc8c76dcdcdc6eec5478f23d6490928f8d40ddecba0f7c47649b5045,2021-07,Hertfordshire Constabulary,Hertfordshire Constabulary,-0.560359,51.760909,On or near CASTLE STREET,E01023361,Dacorum 009A,Investigation complete; no suspect identified
af015b68d4684a1a9f11d4295af265a947578f0f67c1d46ea40a1069205d186f,2021-07,Hertfordshire Constabulary,Hertfordshire Constabulary,-0.281231,51.668164,On or near NORTHGATE PATH,E01023536,Hertsmere 006C,Investigation complete; no suspect identified
d889256ed7517f1ff9ab02208c287f9284df1fb0c122e882d33e37825a381f21,2021-07,Hertfordshire Constabulary,Hertfordshire Constabulary,-0.398753,51.673926,On or near THE HAREBREAKS,E01023857,Watford 006C,Unable to prosecute suspect
ce543b096d83b35917b8b94c31e67d66aefb2949d6ff853d55bf034dedcc2b01,2021-07,Hertfordshire Constabulary,Hertfordshire Constabulary,-0.565200,51.760411,On or near Police Station,E01023365,Dacorum 014A,Investigation complete; no suspect identified
682380f2a278f66c7f1355a0edaa19d8d131e4be036080e2246be4bd75853c05,2021-07,Hertfordshire Constabulary,Hertfordshire Constabulary,-0.316242,51.770236,On or near BISHOP'S CLOSE,E01023709,St Albans 008A,Unable to prosecute suspect
cf304c57d8f0d9ef5d03f9aa47e183d96cad9345356f0606af944050d6549404,2021-07,Hertfordshire Constabulary,Hertfordshire Constabulary,-0.329827,51.757149,On or near BOWGATE,E01023676,St Albans 011D,Unable to prosecute suspect
fcdad6067bd4d63fda5601e40594190b0344d45ca0f1ebfdf5302da5d833b001,2021-07,Hertfordshire Constabulary,Hertfordshire Constabulary,-0.335951,51.715091,On or near HYDE LANE,E01023720,St Albans 019C,Unable to prosecute suspect
149607c286cae29483e213e3cb30d7daddeb63d4a2d520a70a1b42eed0bb59bb,2021-07,Hertfordshire Constabulary,Hertfordshire Constabulary,-0.194407,51.782645,On or near CAMFIELD,E01023942,Welwyn Hatfield 009D,Unable to prosecute suspect
1d8c662a6ea2fe3a758bbddd28a3181ef2fd08633f79b536b7cb4ac57a96a0f0,2021-07,Hertfordshire Constabulary,Hertfordshire Constabulary,-0.411005,51.652772,On or near KINGS AVENUE,E01023900,Watford 010B,Unable to prosecute suspect
c4ffbe0e30781faf7f5fa8959fb4d01f3b084e46115d20b0d72771877e2f409d,2021-07,Hertfordshire Constabulary,Hertfordshire Constabulary,-0.278190,51.655675,On or near Supermarket,E01023530,Hertsmere 007B,Investigation complete; no suspect identified
1eae2dc13bb8ee3065a3e4e5a291bf788570d841aa1663f1fb2314f23d013afc,2021-07,Hertfordshire Constabulary,Hertfordshire Constabulary,-0.398381,51.622549,On or near ABRAHAM CLOSE,E01023842,Three Rivers 012B,Unable to prosecute suspect
f0dbf6f46237be835fbb749edf9ca2786ebccd7a719ba18e7e74697e877d20aa,2021-07,Hertfordshire Constabulary,Hertfordshire Constabulary,-0.278310,51.671575,On or near STILTON PATH,E01023535,Hertsmere 006B,Investigation complete; no suspect identified
ec466afcdb96c7e4aaaea3a441c85d3b79e0ff95a64bc2acc2707e0bfe5d0e84,2021-07,Hertfordshire Constabulary,Hertfordshire Constabulary,-0.471424,51.749149,On or near Shopping Area,E01023398,Dacorum 015D,Investigation complete; no suspect identified
0cece9d3e81e94452f94af95e4b17a0f39833ee2d23282b5ece5d9f4a4a20dcc,2021-07,Hertfordshire Constabulary,Hertfordshire Constabulary,-0.198505,51.800224,On or near HYDE WAY,E01023954,Welwyn Hatfield 007A,Investigation complete; no suspect identified
f0c599fd3b94d42dddd8c25788becb6ceb8d849e8365c16a7e59ac07082df36b,2021-07,Hertfordshire Constabulary,Hertfordshire Constabulary,-0.411620,51.682733,On or near LEGGATTS CLOSE,E01023871,Watford 004D,Unable to prosecute suspect
0c7e6a6f46f175c8d60ebf2c0887aa66942ce18f8c6be0b2a30370436a52d5cc,2021-07,Hertfordshire Constabulary,Hertfordshire Constabulary,-0.064896,51.716919,On or near BYRON CLOSE,E01023324,Broxbourne 009B,Unable to prosecute suspect
3c2da8f1ead2c0675afd8404a75d17e40be8f6f182f72d2e57a20a4bdf910dd8,2021-07,Hertfordshire Constabulary,Hertfordshire Constabulary,-0.199253,51.899318,On or near Pedestrian Subway,E01023758,Stevenage 008D,Investigation complete; no suspect identified
f784d689f63db2a6e420eafbe7ac6ca6fab6aa18a434d60341b91eee7c27762d,2021-07,Hertfordshire Constabulary,Hertfordshire Constabulary,-0.061047,51.710794,On or near Pedestrian Subway,E01023325,Broxbourne 009C,Investigation complete; no suspect identified
069ab270acd8d9d91d890833ba3fb976cac055f7e6e859cbc339ca75c103b43c,2021-07,Hertfordshire Constabulary,Hertfordshire Constabulary,-0.392017,51.656668,On or near GROSVENOR ROAD,E01023860,Watford 009B,Unable to prosecute suspect
be9fbda833f8a71c186d129ba2ce2784cbb162eb3fe539af97d598c3a9fbdc30,2021-07,Hertfordshire Constabulary,Hertfordshire Constabulary,-0.658316,51.795463,On or near Petrol Station,E01023421,Dacorum 004B,Unable to prosecute suspect
40cd99f5e70a98e18c5af3e48d8ff3133e169c92df41305d5a7fb7e6d9e3a8bd,2021-07,Hertfordshire Constabulary,Hertfordshire Constabulary,-0.389664,51.660250,On or near PANKHURST PLACE,E01023860,Watford 009B,Unable to prosecute suspect
4fbf717d0e4d24c69ce8d3937d2d7d5c19ef7cf27881a14054c35d1b6c12ff3b,2021-07,Hertfordshire Constabulary,Hertfordshire Constabulary,-0.171800,51.690899,On or near OAKMERE AVENUE,E01023575,Hertsmere 003E,Investigation complete; no suspect identified
0a9b260e3632ede9b8fb0ce3d7c574af0d326012ab4fda54c7df761beb8d82ba,2021-07,Hertfordshire Constabulary,Hertfordshire Constabulary,-0.471660,51.738308,On or near ORCHARD STREET,E01033023,Dacorum 018H,Investigation complete; no suspect identified
e9a75a299ad13182824098575d4d3b752825ea4a382353890bf71f1ce881ebab,2021-07,Hertfordshire Constabulary,Hertfordshire Constabulary,-0.278841,51.949280,On or near Parking Area,E01023616,North Hertfordshire 012F,Unable to prosecute suspect
acd3bb1460cc1dd961584dac0a6f6ce164bdb22c6243b6560ff22a8aba3b6fd7,2021-07,Hertfordshire Constabulary,Hertfordshire Constabulary,-0.407111,51.653340,On or near WHIPPENDELL ROAD,E01023899,Watford 010A,Investigation complete; no suspect identified
030cf75c61193eea3e9e144097de4447650cb1fca44fb5d52a9c9970bf878041,2021-07,Hertfordshire Constabulary,Hertfordshire Constabulary,-0.201368,51.898028,On or near Supermarket,E01023786,Stevenage 011D,Unable to prosecute suspect
eeb53f2c1885e96bef2c2fd4f6ced4eb8e576e1abc74f80ffdd3108d0beafcca,2021-07,Hertfordshire Constabulary,Hertfordshire Constabulary,-0.329757,51.765717,On or near Sports/Recreation Area,E01023715,St Albans 010C,Investigation complete; no suspect identified
00d6528fd95f4a3952d2d933f18bb27de3f87c8b0d0ab9f66b6f89a41f47241e,2021-07,Hertfordshire Constabulary,Hertfordshire Constabulary,-0.306636,51.739553,On or near HILL END LANE,E01023678,St Albans 015B,Investigation complete; no suspect identified
f60695e15a8a5a77eb12ff5198cda944941cd0aa2dd71826c16e14c028a7cfed,2021-07,Hertfordshire Constabulary,Hertfordshire Constabulary,-0.327401,51.758886,On or near WALTON STREET,E01023716,St Albans 010D,Unable to prosecute suspect
8babcdc3286d640eddc82b57cad5dbf5188e17bb371606e686e15270e4421667,2021-07,Hertfordshire Constabulary,Hertfordshire Constabulary,-0.569778,51.762750,On or near ST JOHN'S WELL LANE,E01023361,Dacorum 009A,Investigation complete; no suspect identified
4440569f7e224d1c8d1cd5a80b59678f5c517782c9a9ff761ecbb5317cfa09c4,2021-07,Hertfordshire Constabulary,Hertfordshire Constabulary,-0.468815,51.746624,On or near SIMMONDS RISE,E01023388,Dacorum 019C,Unable to prosecute suspect
e7ecb20e9b051d517e30ca955449e51635379b86c4747d03a50637185b6f50a9,2021-07,Hertfordshire Constabulary,Hertfordshire Constabulary,-0.575606,51.764026,On or near GLOSSOM END,E01023370,Dacorum 012B,Unable to prosecute suspect
701179554cc90550868aefa04019f9aefd7b5777b1dbda0eb125124bbf7c68e7,2021-07,Hertfordshire Constabulary,Hertfordshire Constabulary,-0.389542,51.661229,On or near OCTAVIA COURT,E01023860,Watford 009B,Unable to prosecute suspect
fa86e14ece57b504ee67d2ef2635ba8747cfef75003d5940312f268730187dc8,2021-07,Hertfordshire Constabulary,Hertfordshire Constabulary,-0.278236,51.751297,On or near ACREWOOD WAY,E01023678,St Albans 015B,Investigation complete; no suspect identified
960f7873cce80f10a7499231ee91460f24ae0057b75df84dbe839b8bb8de0834,2021-07,Hertfordshire Constabulary,Hertfordshire Constabulary,-0.386570,51.627675,On or near Petrol Station,E01023805,Three Rivers 010A,Unable to prosecute suspect
061c1b3f485c39ce18769605b92cfd382208786aa59331f803cf23e16634125f,2021-07,Hertfordshire Constabulary,Hertfordshire Constabulary,0.143662,51.858212,On or near Supermarket,E01023448,East Hertfordshire 007F,Unable to prosecute suspect
6fba3a9196d4068fc786ceb705aadb1b3e71110430ac5ea9581e6bda03f424fd,2021-07,Hertfordshire Constabulary,Hertfordshire Constabulary,-0.071448,51.800726,On or near SPENCER STREET,E01023478,East Hertfordshire 017D,Unable to prosecute suspect
cf329fd81e595d7dc79e812a5323471517217866c5a34bd0373bf14fd9292ac2,2021-07,Hertfordshire Constabulary,Hertfordshire Constabulary,-0.399213,51.658412,On or near Supermarket,E01023861,Watford 009C,Investigation complete; no suspect identified
b473e9ae872321242341801a800218b4de59ad6dc74e631b266999d58909f176,2021-07,Hertfordshire Constabulary,Hertfordshire Constabulary,-0.541368,51.724753,On or near Prison,E01023373,Dacorum 021A,Formal action is not in the public interest
6a451bf9a58cee393f8f1558ae63425ce6677e9a4906c7963c1a7ee69fdd39b1,2021-07,Hertfordshire Constabulary,Hertfordshire Constabulary,-0.355834,51.648200,On or near Supermarket,E01023561,Hertsmere 012D,Investigation complete; no suspect identified
4a7187705d08bd0494d65b395ebaf99010973165a8ad1bfcfbc1b0112e220acc,2021-07,Hertfordshire Constabulary,Hertfordshire Constabulary,-0.227436,51.746657,On or near SOUTHDOWN COURT,E01023933,Welwyn Hatfield 014A,Unable to prosecute suspect
d1ace5f2cf1b93b051b1d4c87931e91c4cb5a5e8674c49089f3cad6f32b78579,2021-07,Hertfordshire Constabulary,Hertfordshire Constabulary,-0.030548,52.058840,On or near THE QUADRANT,E01023656,North Hertfordshire 002C,Suspect charged
fbd32209968088ec771123ab4a9d7789fdac80f284a2b8f8559a313f272788c8,2021-07,Hertfordshire Constabulary,Hertfordshire Constabulary,0.154672,51.819343,On or near REEDINGS WAY,E01023499,East Hertfordshire 011A,Unable to prosecute suspect
60c03e875fc2615908f0674e2f400852ab29a78368e15fbe1bbf003306e3bd6f,2021-07,Hertfordshire Constabulary,Hertfordshire Constabulary,0.143662,51.858212,On or near Supermarket,E01023448,East Hertfordshire 007F,Investigation complete; no suspect identified
e82d2d4f94fa694f1567afca0ac4826545c6bcb17ce26a364cc94bed60ac93c6,2021-07,Hertfordshire Constabulary,Hertfordshire Constabulary,-0.192512,51.697963,On or near Supermarket,E01023579,Hertsmere 001D,Investigation complete; no suspect identified
a405bbee3a8550040390167f3387068c8ce86b9149d7f913d3aea71618c83f9e,2021-07,Hertfordshire Constabulary,Hertfordshire Constabulary,-0.359816,51.728464,On or near WATFORD ROAD,E01023730,St Albans 020B,Investigation complete; no suspect identified
5655104fad14b9906713cb0c3be9e743a7b0a0e2f5c573f470112c983ec435e2,2021-07,Hertfordshire Constabulary,Hertfordshire Constabulary,-0.029105,51.810527,On or near Parking Area,E01023514,East Hertfordshire 012C,Suspect charged
c5afd14aa9ca565b448084c11ad85c07f2ed31facbb599becff8edc4701f6fe7,2021-07,Hertfordshire Constabulary,Hertfordshire Constabulary,-0.022039,51.733956,On or near BURY HOLME,E01023340,Broxbourne 005A,Unable to prosecute suspect
e2fda7c4915af77b54053dc2eda0fb7ee2916e1e48a9797c58d5b53d9c9c31a0,2021-07,Hertfordshire Constabulary,Hertfordshire Constabulary,0.000913,51.770607,On or near OGARD ROAD,E01023330,Broxbourne 002D,Investigation complete; no suspect identified
057329f4d4535573e61823d1d383ca7de0c5a2b4868696ffd8e2e7fecfe46b6a,2021-07,Hertfordshire Constabulary,Hertfordshire Constabulary,-0.207227,51.977570,On or near Sports/Recreation Area,E01023643,North Hertfordshire 009E,Unable to prosecute suspect
be762f19640a82213eea14554318f9005a9a9e0322fc86d7024015d64de8d6de,2021-07,Hertfordshire Constabulary,Hertfordshire Constabulary,-0.394598,51.671990,On or near BALMORAL ROAD,E01023858,Watford 006D,Unable to prosecute suspect
bc0bc3e8002c79a55b20049fe2ea80f0b112d6bd3ee76f44f3b48ec4153f8a08,2021-07,Hertfordshire Constabulary,Hertfordshire Constabulary,-0.286110,51.671077,On or near BERWICK ROAD,E01023535,Hertsmere 006B,Investigation complete; no suspect identified
ac121d01eb8d8aed80367a1fea3caf7d6e71595a898d58f0950887cb60fd2503,2021-07,Hertfordshire Constabulary,Hertfordshire Constabulary,-0.031745,51.811515,On or near Supermarket,E01023514,East Hertfordshire 012C,Investigation complete; no suspect identified
1654ec3ddd3d53e2f24187923ab784fd52084201311560c8cae03a97c1cc766b,2021-07,Hertfordshire Constabulary,Hertfordshire Constabulary,-0.256464,51.659365,On or near ELSTREE WAY,E01023545,Hertsmere 009B,Investigation complete; no suspect identified
64d58b1039de734806728a7528d2501d4f11cfedc8212b58f90e3d1eb87dc22b,2021-07,Hertfordshire Constabulary,Hertfordshire Constabulary,-0.244747,51.766466,On or near DRAGON MOTH ROAD,E01033308,Welwyn Hatfield 010E,Investigation complete; no suspect identified
060cd492424250a2339a6c7d267d438d36ba09da90150f1954ad253f0d91d52b,2021-07,Hertfordshire Constabulary,Hertfordshire Constabulary,-0.240381,51.761347,On or near Shopping Area,E01023921,Welwyn Hatfield 012B,Investigation complete; no suspect identified
6879ca05764c035a779424359b41c86328fb77885241d7f10208d2955b42f4f6,2021-07,Hertfordshire Constabulary,Hertfordshire Constabulary,-0.563289,51.760378,On or near Supermarket,E01023361,Dacorum 009A,Investigation complete; no suspect identified
5abc1a65e28f7886e50fe7d3060e11f789b8374ee4c8b501fc3df6b54fe26211,2021-07,Hertfordshire Constabulary,Hertfordshire Constabulary,-0.394657,51.653970,On or near ST. MARYS VIEW,E01023862,Watford 009D,Suspect charged
3cfe5f797a075717b0e638d95e5efeda944bfc0ab3df1eb8bb237cff4bf6cbef,2021-07,Hertfordshire Constabulary,Hertfordshire Constabulary,-0.171349,51.698122,On or near COTTON ROAD,E01023572,Hertsmere 003B,Suspect charged
e7e7ae7f5e972e253036c02af937d1182ff4555094881249807d77a6dc20609a,2021-07,Hertfordshire Constabulary,Hertfordshire Constabulary,-0.091190,51.798270,On or near NORTH ROAD GARDENS,E01023479,East Hertfordshire 017E,Unable to prosecute suspect
684a9680992c9946908708ab18ebc8e18295fb11eb4b520681df24d623fa5844,2021-07,Hertfordshire Constabulary,Hertfordshire Constabulary,-0.304488,51.637057,On or near A41,E01023564,Hertsmere 010B,Investigation complete; no suspect identified
95dd94aafb63612c9fe85de3c6c7d5c260efe2b5940081090d5c2a4ca70312c3,2021-07,Hertfordshire Constabulary,Hertfordshire Constabulary,-0.412188,51.720255,On or near HENDERSON PLACE,E01023807,Three Rivers 001D,Unable to prosecute suspect
3cc44cf8aabf453939b2c676f8d85ff3cb039387fef2f8d17e5791b039ec11fd,2021-07,Hertfordshire Constabulary,Hertfordshire Constabulary,-0.450532,51.779708,On or near SQUIRES RIDE,E01023395,Dacorum 007C,Unable to prosecute suspect
3ebf799796d565261c673913e30aadd86ced3b14ba6829dc2b8c6d5e2121de8a,2021-07,Hertfordshire Constabulary,Hertfordshire Constabulary,-0.269599,51.940648,On or near Petrol Station,E01023606,North Hertfordshire 013A,Investigation complete; no suspect identified
45cd05be5462be8829e05671dc047730683a0d24cdd4eaba6a7692b64aa1a097,2021-07,Hertfordshire Constabulary,Hertfordshire Constabulary,-0.411005,51.652772,On or near KINGS AVENUE,E01023900,Watford 010B,Unable to prosecute suspect
1b3becfaef734baf4781399d3c907c4d8a0c85349997c78bb1e815c5099a965a,2021-07,Hertfordshire Constabulary,Hertfordshire Constabulary,-0.326523,51.755609,On or near CORRINGHAM COURT,E01023676,St Albans 011D,Investigation complete; no suspect identified
a49f3eac3d8263e07a500e4b00ec30e7ff4d465296322cdd4f8d03e2b89b5aa3,2021-07,Hertfordshire Constabulary,Hertfordshire Constabulary,-0.387679,51.651411,On or near Supermarket,E01023860,Watford 009B,Investigation complete; no suspect identified
c976aec7a2d9052657bb4ab389bd21fe7692c8b2bd5cc440297a6aa009924138,2021-07,Hertfordshire Constabulary,Hertfordshire Constabulary,-0.168296,51.833091,On or near TEBBUTT COURT,E01023467,East Hertfordshire 002A,Unable to prosecute suspect
6081a001925dd7ec8780b8b4ce642ad9f8d34541ba2ccb876d7d4aac1a0fdf9b,2021-07,Hertfordshire Constabulary,Hertfordshire Constabulary,-0.409742,51.645507,On or near VICARAGE ROAD,E01023864,Watford 011B,Suspect charged
69cfe4ceae15e255287dc8a0e2f13926abb3b9b94054ffa9f677dc2fb53fc434,2021-07,Hertfordshire Constabulary,Hertfordshire Constabulary,-0.252428,51.948244,On or near KEATS WAY,E01023621,North Hertfordshire 011E,Unable to prosecute suspect
d71bcae4a1e1cc14b0538aa410f6f94d3e678be0e9b88d4918adb45a6167b96a,2021-07,Hertfordshire Constabulary,Hertfordshire Constabulary,-0.396503,51.669246,On or near HATFIELD ROAD,E01023855,Watford 006A,Unable to prosecute suspect
4959fa100a0ac1ca806b220e5802808119247efaf5c6f37c29e5677d07b4dcc8,2021-07,Hertfordshire Constabulary,Hertfordshire Constabulary,-0.270335,51.953652,On or near NIGHTINGALE ROAD,E01023601,North Hertfordshire 010A,Investigation complete; no suspect identified
f998eadbb9fae30ddbf9c08677c7343c828d802ce4c52f863602d9ad5af8b600,2021-07,Hertfordshire Constabulary,Hertfordshire Constabulary,-0.020514,51.848321,On or near NORTH DRIVE,E01023506,East Hertfordshire 006B,Unable to prosecute suspect
c02c9ded5d0dabb9c8a2ae88ba042a9eece04fa7dd0dafb54296ec4e7a638cb0,2021-07,Hertfordshire Constabulary,Hertfordshire Constabulary,-0.249160,51.767782,On or near THE RUNWAY,E01033314,Welwyn Hatfield 010G,Investigation complete; no suspect identified
20a7446ff09b7d3993c96bba87b24b5f932c875a9cf0192fd56d37c5af914f18,2021-07,Hertfordshire Constabulary,Hertfordshire Constabulary,0.090817,51.831656,On or near CENTENARY CLOSE,E01023496,East Hertfordshire 009C,Unable to prosecute suspect
59a219f33380c0a6fcbdacbf1031db2270964b50e559e7d1d15b393ccc68a6d9,2021-07,Hertfordshire Constabulary,Hertfordshire Constabulary,-0.043504,51.787891,On or near PORTLAND PLACE,E01023480,East Hertfordshire 018C,Unable to prosecute suspect
1ba1b01e40d36dfe4f0d6e1d5df3b5f7d3acd3110cb54112b435122179694b6f,2021-07,Hertfordshire Constabulary,Hertfordshire Constabulary,-0.237817,51.765040,On or near GOLDSMITH WAY,E01033308,Welwyn Hatfield 010E,Suspect charged
ff60f7ab4c0be8c543b676d67584591bcce6bec3f2f801f07efa4bb8826a3b1f,2021-07,Hertfordshire Constabulary,Hertfordshire Constabulary,-0.028163,51.723376,On or near GREAT CAMBRIDGE ROAD,E01023342,Broxbourne 005C,Investigation complete; no suspect identified
c66e5742bc245de2d016cc02c192ea3ac15a3125f6cfdb919e2305e625310010,2021-07,Hertfordshire Constabulary,Hertfordshire Constabulary,-0.393947,51.634394,On or near HIGHLANDS,E01023845,Three Rivers 008C,Unable to prosecute suspect
ad6eb95ea325e3da21367de1d9fc85156727b588beb9541781dddae70997dff6,2021-07,Hertfordshire Constabulary,Hertfordshire Constabulary,0.156203,51.862650,On or near BEECHLANDS,E01023444,East Hertfordshire 007B,Unable to prosecute suspect
72e4e560ae6f5192e4dae0f8c1a894a8525b3863f7b53df97f89b6e3ab229fda,2021-07,Hertfordshire Constabulary,Hertfordshire Constabulary,-0.031006,51.715573,On or near PRESCOTT ROAD,E01023304,Broxbourne 008C,Unable to prosecute suspect
c3c7053793c08aa4d690a7cc70c93f0e200e1f11fcd531e168ae6fdb44e05a8f,2021-07,Hertfordshire Constabulary,Hertfordshire Constabulary,-0.355269,51.636646,On or near ASH HILL CLOSE,E01023558,Hertsmere 012A,Investigation complete; no suspect identified
584c56d5be075f9cabba785f1ce08feb47adaa080601131a11a633c6eadf99fa,2021-07,Hertfordshire Constabulary,Hertfordshire Constabulary,-0.393604,51.696821,On or near Sports/Recreation Area,E01023905,Watford 001B,Unable to prosecute suspect
5f09ff13df8d5dad59897be798eefd472956f2b954fb082bbef74df9a5c563a9,2021-07,Hertfordshire Constabulary,Hertfordshire Constabulary,-0.502862,51.763563,On or near ELM GREEN,E01023427,Dacorum 011B,Unable to prosecute suspect
51b7614cb0d10b6fb29c06bd6cd0c519b629b9caf48784b28c27ea274b709b14,2021-07,Hertfordshire Constabulary,Hertfordshire Constabulary,-0.060054,51.799244,On or near WOODLAND MOUNT,E01023483,East Hertfordshire 016B,Investigation complete; no suspect identified
257323aed24f70f4d79eb0d9eb4c033dbe41fd09032e206c87a9cbc4ae626954,2021-07,Hertfordshire Constabulary,Hertfordshire Constabulary,-0.028316,51.684558,On or near Sports/Recreation Area,E01023337,Broxbourne 013B,Local resolution
0d4a189c4399a74b5487e35ad843ad937da4ddbfb4624b2eadb235b1103be7a9,2021-07,Hertfordshire Constabulary,Hertfordshire Constabulary,-0.040651,51.686024,On or near BROADLANDS CLOSE,E01023339,Broxbourne 013D,Unable to prosecute suspect
8d3a8f9e755b25cb4758f392f1777a408fb9f6c13a50ce46222f8a0ea3a8ab73,2021-07,Hertfordshire Constabulary,Hertfordshire Constabulary,0.160339,51.870451,On or near Shopping Area,E01023449,East Hertfordshire 004A,Suspect charged
54be73d3477474b9339ddb73b7a03e05559e8e8cc2d8f67d0f0c256df40ac2a0,2021-07,Hertfordshire Constabulary,Hertfordshire Constabulary,-0.160205,51.889497,On or near MALLARD ROAD,E01023750,Stevenage 009A,Unable to prosecute suspect
967d23c036981bd1830772bf2b844078e14e7a4cf5888265cd043d5e49c09fea,2021-07,Hertfordshire Constabulary,Hertfordshire Constabulary,-0.339165,51.753028,On or near WADDINGTON ROAD,E01023727,St Albans 012B,Suspect charged
ed8ea4a0dc63fb1714980db41f9f30e0c0ff04af406de360c79c503268f48a33,2021-07,Hertfordshire Constabulary,Hertfordshire Constabulary,-0.246490,51.768614,On or near WAIGHT CLOSE,E01033314,Welwyn Hatfield 010G,Investigation complete; no suspect identified
3103c17900ed9013527f4e8f19002c5150fa754828a7ae3d5e34dd7d3cbf2751,2021-07,Hertfordshire Constabulary,Hertfordshire Constabulary,-0.417733,51.655111,On or near MANHATTAN AVENUE,E01023886,Watford 008A,Investigation complete; no suspect identified
0ffba0ca3f25bfd73f4249e5da38763a10189d0b40ef74b45f98e5f13ecf6226,2021-07,Hertfordshire Constabulary,Hertfordshire Constabulary,-0.191856,51.885896,On or near HANOVER CLOSE,E01023786,Stevenage 011D,Unable to prosecute suspect
392ebbbf6fd8157843608b524ab77f891df740fe0577d8bb01d30e2ced2cf24f,2021-07,Hertfordshire Constabulary,Hertfordshire Constabulary,-0.397080,51.657007,On or near Theatre/Concert Hall,E01023861,Watford 009C,Investigation complete; no suspect identified
dc9f9e3ede31c8e4a25374e29bcb6c5b8aceb923fc4fe1450ea4d6f88b79596b,2021-07,Hertfordshire Constabulary,Hertfordshire Constabulary,-0.400866,51.658281,On or near Nightclub,E01023861,Watford 009C,Unable to prosecute suspect
c64148f961ffb5391229dc4ff12bcfd7cecdf952d7ed8b13a5cfd255af82eaf6,2021-07,Hertfordshire Constabulary,Hertfordshire Constabulary,-0.398279,51.643895,On or near CROSSMEAD,E01023883,Watford 012B,Investigation complete; no suspect identified
0ece313d9607769cb7ee7a9e1cd237b85439725cf6c6fe2c10d7aa3e9c036d7f,2021-07,Hertfordshire Constabulary,Hertfordshire Constabulary,-0.186161,51.982157,On or near HILLCREST,E01023593,North Hertfordshire 004G,Unable to prosecute suspect
98b22dde7778ae843ad0aad0589d721f94cfa31a2ca7ed1f3ae5ed2d22b49472,2021-07,Hertfordshire Constabulary,Hertfordshire Constabulary,-0.170329,51.925047,On or near WEDGWOOD GATE,E01023789,Stevenage 001C,Unable to prosecute suspect
a23bf62f018db5d69f53d17486292992ba4601b73e83b3517e56fd811b527b91,2021-07,Hertfordshire Constabulary,Hertfordshire Constabulary,-0.195411,51.909591,On or near LANGTHORNE AVENUE,E01023775,Stevenage 006A,Unable to prosecute suspect
df0827a875e3a6a1b3f79a5098dad50107cec57091b1d6af55b702a3d6fa29d2,2021-07,Hertfordshire Constabulary,Hertfordshire Constabulary,-0.405429,51.647742,On or near WILLOW LANE,E01023901,Watford 010C,Suspect charged
c6d093d90effe04ce43a2cd2653006f52d1b5c690b46f4823bfe7423b600e96c,2021-07,Hertfordshire Constabulary,Hertfordshire Constabulary,-0.345762,51.637007,On or near ST PETER'S CLOSE,E01023549,Hertsmere 013B,Suspect charged
6dc1f6eb7c57eed321df2294d87b10b44550b4023378e06f5e0e042b465dd98e,2021-07,Hertfordshire Constabulary,Hertfordshire Constabulary,-0.230459,51.747521,On or near NORTHDOWN ROAD,E01023937,Welwyn Hatfield 013E,Investigation complete; no suspect identified
5d0dadd988d579d0886844c8d9da17ae3a61ba706990dea6cb9851dc49b4eaf1,2021-07,Hertfordshire Constabulary,Hertfordshire Constabulary,-0.418432,51.703119,On or near BREAKSPEARE ROAD,E01023802,Three Rivers 001A,Investigation complete; no suspect identified
a419a68582ded14ac4b3bd50219fd5c971f984f72524161865f30fef856b8299,2021-07,Hertfordshire Constabulary,Hertfordshire Constabulary,-0.220558,51.902717,On or near BABBAGE ROAD,E01023798,Stevenage 005D,Suspect charged
db057d0a71d0113ad97055b3e37cac92d844e62099bff9dae8b0c4a75af80a1e,2021-07,Hertfordshire Constabulary,Hertfordshire Constabulary,-0.473578,51.751029,On or near BRIDGE STREET,E01023398,Dacorum 015D,Suspect charged
93223e4376bc447fcb497f77a49b50bf67c27aad5681f5e9b9de98fcbad9c7ad,2021-07,Hertfordshire Constabulary,Hertfordshire Constabulary,-0.036438,51.695782,On or near FRIENDS AVENUE,E01023332,Broxbourne 012A,Investigation complete; no suspect identified
0854fee81ef904073e2988e9b479e7f5a97bd9318132ccb567727029e9807884,2021-07,Hertfordshire Constabulary,Hertfordshire Constabulary,-0.435251,51.776404,On or near ARAGON CLOSE,E01023437,Dacorum 005D,Unable to prosecute suspect
87242ed8a9d6de02a75fda89d3f3da5a294cc5fb12afc0f6dac92d53189aee2d,2021-07,Hertfordshire Constabulary,Hertfordshire Constabulary,-0.384111,51.646452,On or near Parking Area,E01023884,Watford 012C,Investigation complete; no suspect identified
db21ad081eaeb946786d057cbd69f7f8160ce9caed73ddbf0f0b64fde558f90d,2021-07,Hertfordshire Constabulary,Hertfordshire Constabulary,-0.469017,51.739370,On or near DURRANTS HILL ROAD,E01033023,Dacorum 018H,Unable to prosecute suspect
14212a0eabbd3d0e17c33517f18fb7d1369797f8d09478d977f1d0012afc4587,2021-07,Hertfordshire Constabulary,Hertfordshire Constabulary,-0.336975,51.751505,On or near Shopping Area,E01023727,St Albans 012B,Investigation complete; no suspect identified
5ab8689b07ddd7a9986f62da867ea37e3025d99408bfc789f976320d2a53787d,2021-07,Hertfordshire Constabulary,Hertfordshire Constabulary,0.057344,51.822651,On or near BELL LANE,E01023491,East Hertfordshire 009A,Unable to prosecute suspect
b42d2daa229570a2cb37e7dab426f29f392e8a1c3d753fa69ea9802924216dc7,2021-07,Hertfordshire Constabulary,Hertfordshire Constabulary,-0.236916,51.758400,On or near ALDYKES,E01023923,Welwyn Hatfield 012D,Unable to prosecute suspect
1b25e1a012822543d2c6a02e04c43d89be006af175bc615b092ce771a6dcc2d0,2021-07,Hertfordshire Constabulary,Hertfordshire Constabulary,-0.387679,51.651411,On or near Supermarket,E01023860,Watford 009B,Investigation complete; no suspect identified
81590b54a2b3a0bdffda3ed3b76c62c0a74147b1cf2938f4ff2f5dc599c29a19,2021-07,Hertfordshire Constabulary,Hertfordshire Constabulary,-0.394857,51.655268,On or near Shopping Area,E01023860,Watford 009B,Suspect charged
d62245b6c79d68a27721865ac4eb29e1e5b8aeca7d1f0f0880357607304cca12,2021-07,Hertfordshire Constabulary,Hertfordshire Constabulary,0.104608,51.869996,On or near FARM PLACE,E01023493,East Hertfordshire 003F,Investigation complete; no suspect identified
6d6d7cf39c793ba5bc16e6cd99686e57aa81ad4e9d58c3264fbe75e7234ddc1d,2021-07,Hertfordshire Constabulary,Hertfordshire Constabulary,-0.597187,51.772801,On or near BIRCH ROAD,E01023417,Dacorum 006D,Investigation complete; no suspect identified
ac7e9f2f4a493b35178832f084ed1477a2e4557df56ed4d895e050874f6e9d98,2021-07,Hertfordshire Constabulary,Hertfordshire Constabulary,-0.468953,51.637077,On or near Parking Area,E01023850,Three Rivers 007C,Unable to prosecute suspect
143b923a147c52a63c62f5a6b0f7ca985f773a9a6000fa24cce4cfa8ad7e729e,2021-07,Hertfordshire Constabulary,Hertfordshire Constabulary,-0.030048,52.060252,On or near Petrol Station,E01023656,North Hertfordshire 002C,Investigation complete; no suspect identified
c3f969815fb0f6a50984e157ca04857d274c38e36d80b4a6ba57f2c780c9a1db,2021-07,Hertfordshire Constabulary,Hertfordshire Constabulary,-0.229967,51.757513,On or near Sports/Recreation Area,E01023923,Welwyn Hatfield 012D,Investigation complete; no suspect identified
a8850bc602fc9e5b431faaf95c093e134a24d1f14fc0d47e57c50bd41ebc33e5,2021-07,Hertfordshire Constabulary,Hertfordshire Constabulary,-0.200289,51.789281,On or near RAYMONDS CLOSE,E01023940,Welwyn Hatfield 009B,Unable to prosecute suspect
7dbfd033a5623d692b49b916e3f44137bcb2b2b2fddb4f65e1342399c07a13de,2021-07,Hertfordshire Constabulary,Hertfordshire Constabulary,-0.387511,51.682188,On or near CEZANNE ROAD,E01023875,Watford 003C,Unable to prosecute suspect
9d74958a5e3f1fd61d3f218eb31193b0ba7b723560d81786f1658c3cb073c435,2021-07,Hertfordshire Constabulary,Hertfordshire Constabulary,-0.011780,51.753557,On or near ST CROSS COURT,E01023321,Broxbourne 003B,Unable to prosecute suspect
0dffdf51bb295edba41e3bfe2637b474008bb5f819fd6a10aa3644f6dc75913f,2021-07,Hertfordshire Constabulary,Hertfordshire Constabulary,-0.350999,51.716894,On or near WITHY PLACE,E01023719,St Albans 019B,Unable to prosecute suspect
49fbd45966218b2fb446ad6e58e648a2fb7c1ce8c7fb2b9038e81fa932f3af96,2021-07,Hertfordshire Constabulary,Hertfordshire Constabulary,-0.471424,51.749149,On or near Shopping Area,E01023398,Dacorum 015D,Investigation complete; no suspect identified
329da89e2a191abe3c03291f818de49f3c4830e4ac4ec45ca3f6148374d72fe4,2021-07,Hertfordshire Constabulary,Hertfordshire Constabulary,-0.023683,51.746402,On or near BORRELL CLOSE,E01023289,Broxbourne 004A,Investigation complete; no suspect identified
ec70ec21564cfca08bac52b3edef53b25e0546c4f3265f44c02d90590f7701b1,2021-07,Hertfordshire Constabulary,Hertfordshire Constabulary,-0.202790,51.901746,On or near Bus/Coach Station,E01023758,Stevenage 008D,Investigation complete; no suspect identified
f7823b42d7e5cdc3d4d8e8d8cccc14e704b275206e11d859361c36aef31b1b8b,2021-07,Hertfordshire Constabulary,Hertfordshire Constabulary,-0.011977,51.743785,On or near OLD NAZEING ROAD,E01023292,Broxbourne 004D,Unable to prosecute suspect
da23269dc65de6a7159e57aea25af658cf941c51fad56beaeb12932e2302fc93,2021-07,Hertfordshire Constabulary,Hertfordshire Constabulary,-0.403619,51.680331,On or near BRUSHRISE,E01023870,Watford 004C,Unable to prosecute suspect
f2da7b8ec1fc5c595948f0683bc382574b40cbb2cf3203bbeba219ec62eac146,2021-07,Hertfordshire Constabulary,Hertfordshire Constabulary,-0.483229,51.657450,On or near FARM LANE,E01023813,Three Rivers 004B,Investigation complete; no suspect identified
175438bb17716009de7458f779081b6ec0bef372be6cd12fb4f72ebfc101e67c,2021-07,Hertfordshire Constabulary,Hertfordshire Constabulary,-0.286847,51.718611,On or near COLNBROOK CLOSE,E01023704,St Albans 018A,Investigation complete; no suspect identified
5d57609f1ec1f32c59469166461258318ec1979c886f72328caa82fe652253b6,2021-07,Hertfordshire Constabulary,Hertfordshire Constabulary,-0.164530,51.692494,On or near HONEYWOOD CLOSE,E01023574,Hertsmere 003D,Suspect charged
01973d89469293d10eddf12eca851efc4a5e25fd1baa3a5198813ab6e5c99d45,2021-07,Hertfordshire Constabulary,Hertfordshire Constabulary,-0.469545,51.756336,On or near BROAD STREET,E01023400,Dacorum 015E,Unable to prosecute suspect
33d7e8cca46101093af9e701c4c253ffbce8ac226d2ab3e219f30743d76f68d5,2021-07,Hertfordshire Constabulary,Hertfordshire Constabulary,-0.561435,51.758530,On or near RECTORY LANE,E01023365,Dacorum 014A,Investigation complete; no suspect identified
a4dcb7064e172a2019a73f61717e11d3bbb503745d5bf4852db88d72596a1a74,2021-07,Hertfordshire Constabulary,Hertfordshire Constabulary,-0.192136,51.697580,On or near Parking Area,E01023579,Hertsmere 001D,Investigation complete; no suspect identified
47c3470242699f8d4cf2ccb156f6855412c68be74bd7a5b845be9e818c2a6573,2021-07,Hertfordshire Constabulary,Hertfordshire Constabulary,-0.216555,51.985750,On or near HAYSMAN CLOSE,E01023633,North Hertfordshire 006D,Unable to prosecute suspect
ad313ee33c00b7549d76d1a65fc220431003dfa17a12cbfcf528c99ef2d33c7e,2021-07,Hertfordshire Constabulary,Hertfordshire Constabulary,-0.310570,51.751344,On or near SUTTON ROAD,E01023674,St Albans 011B,Suspect charged
fdb451fa2a2260208042eaeb7e01f475528fb54c66cf218e180a9488ada4c713,2021-07,Hertfordshire Constabulary,Hertfordshire Constabulary,-0.110608,51.708032,On or near STATION ROAD,E01023947,Welwyn Hatfield 016A,Unable to prosecute suspect
03e9e00e4961b9d90dff471956b93d07f26d7dfc02c4b25e77c938e4ab1de156,2021-07,Hertfordshire Constabulary,Hertfordshire Constabulary,-0.348140,51.737338,On or near TITHE BARN CLOSE,E01023744,St Albans 014C,Suspect charged
46d9d72691555ea9964571ec466384bbe472ba1d3925d49b62abf0185c71bf6b,2021-07,Hertfordshire Constabulary,Hertfordshire Constabulary,-0.427348,51.755644,On or near Petrol Station,E01023409,Dacorum 017A,Local resolution
48fb4dfdf4ff8e6c4f1d8eb1e112cd6b85ec82e719b1ac3e74f62232b722b0e0,2021-07,Hertfordshire Constabulary,Hertfordshire Constabulary,-0.169992,51.690160,On or near PARK AVENUE,E01023574,Hertsmere 003D,Unable to prosecute suspect
56318ce7d5e07b463a29d414850f0615e7e61f389f9efaa93c99f960fe97578b,2021-07,Hertfordshire Constabulary,Hertfordshire Constabulary,-0.212070,51.816617,On or near MONKSWOOD,E01023962,Welwyn Hatfield 003D,Unable to prosecute suspect
133b2685e14bf61e16b08fddb957c8b2a3105bdcb300471f061833b930cea4de,2021-07,Hertfordshire Constabulary,Hertfordshire Constabulary,-0.040375,51.710155,On or near Petrol Station,E01023303,Broxbourne 008B,Investigation complete; no suspect identified
d53c6f3af560b308d7e155c548deb32a0e98758fab28502af0e1a340aee44235,2021-07,Hertfordshire Constabulary,Hertfordshire Constabulary,-0.407105,51.650210,On or near BRIGHTWELL ROAD,E01023903,Watford 010E,Investigation complete; no suspect identified
5b456a3346a78432321b1c4aa583cdfc1520451676b983cbce696dd1fcd4c80b,2021-07,Hertfordshire Constabulary,Hertfordshire Constabulary,-0.402875,51.663650,On or near DENMARK STREET,E01023880,Watford 007C,Unable to prosecute suspect
f16d82678d70c250edb944e636640268004a27b140fea64034e325ab55c70011,2021-07,Hertfordshire Constabulary,Hertfordshire Constabulary,-0.421990,51.659493,On or near Parking Area,E01023886,Watford 008A,Local resolution
3be606b5dec44e87ce7fb58e1800e5481af72c1d006baead423a11e5f7b0d792,2021-07,Hertfordshire Constabulary,Hertfordshire Constabulary,0.146975,51.817065,On or near CROFTERS,E01023499,East Hertfordshire 011A,Local resolution
2c918ae814ae6a1155d54d4ac302c99a25be2f6afb633cac4751e52bc8cbabfc,2021-07,Hertfordshire Constabulary,Hertfordshire Constabulary,-0.222164,51.762494,On or near GOLDINGS CRESCENT,E01023924,Welwyn Hatfield 011A,Unable to prosecute suspect
a12990d31840f943998c287ae14b00c28230dc74e8470dd7f1ca0538f27161eb,2021-07,Hertfordshire Constabulary,Hertfordshire Constabulary,-0.407128,51.685864,On or near HEMMING WAY,E01023891,Watford 002B,Investigation complete; no suspect identified
83ce11c62af389066c03cdf329da759f958e0ab21d255e8e17a4105afd0bfe0f,2021-07,Hertfordshire Constabulary,Hertfordshire Constabulary,-0.394857,51.655268,On or near Shopping Area,E01023860,Watford 009B,Investigation complete; no suspect identified
432476a1cd1c1dd5d1b99b79e983143aa3d671f1ff7057356d7647ab03815e18,2021-07,Hertfordshire Constabulary,Hertfordshire Constabulary,-0.367562,51.646844,On or near FALCONER ROAD,E01023563,Hertsmere 012F,Investigation complete; no suspect identified
a43532b52ec6e3879efd03aa03b159bff287d5f6a217d1352ccca475450fa1fb,2021-07,Hertfordshire Constabulary,Hertfordshire Constabulary,-0.178039,51.694062,On or near Petrol Station,E01023580,Hertsmere 001E,Investigation complete; no suspect identified
1888d48a5c32780590a53985652a52d6f0350e6e41c915680d88852cc09de39a,2021-07,Hertfordshire Constabulary,Hertfordshire Constabulary,-0.190044,51.722096,On or near MOFFATS CLOSE,E01023908,Welwyn Hatfield 015A,Investigation complete; no suspect identified
40cb75a80a53eff9dde5986fa2d22e08cf46e5175cc6a9cfc2dd5be213059f97,2021-07,Hertfordshire Constabulary,Hertfordshire Constabulary,-0.460291,51.717001,On or near HIGHFIELD,E01023408,Dacorum 022C,Investigation complete; no suspect identified
828f99d911e60fb8d54689c899492f555ed28478c2dbecc69224e04ca9f5b18d,2021-07,Hertfordshire Constabulary,Hertfordshire Constabulary,-0.210054,51.807423,On or near SHERRARDSPARK ROAD,E01023959,Welwyn Hatfield 003A,Investigation complete; no suspect identified
8ede56c20a4876e3fba4061a6bf95b0aab6fa809b391877e75ca67070b9c547e,2021-07,Hertfordshire Constabulary,Hertfordshire Constabulary,-0.438248,51.771066,On or near Parking Area,E01023346,Dacorum 013B,Unable to prosecute suspect
05ba0fb18f099fee611d3e42e2a99ddb5a4434ae17445b016ac0dd6db7c23c71,2021-07,Hertfordshire Constabulary,Hertfordshire Constabulary,-0.490462,51.635126,On or near CLARKFIELD,E01023836,Three Rivers 009B,Unable to prosecute suspect
2e3d01f6a377ec5f2c5bda751cea07b6df0ab0813628ecdab2bcb6ce1075f91e,2021-07,Hertfordshire Constabulary,Hertfordshire Constabulary,-0.204608,51.899535,On or near Police Station,E01023758,Stevenage 008D,Suspect charged
a4f02eed33240b081d194287c04851d44564e7a5e44202e1ef767df4270629e5,2021-07,Hertfordshire Constabulary,Hertfordshire Constabulary,-0.488666,51.682634,On or near CAROON DRIVE,E01023854,Three Rivers 003D,Unable to prosecute suspect
54c29dd51287abf041dcd9dde018740d7dcaa389410e3569b99a068c0ec201d5,2021-07,Hertfordshire Constabulary,Hertfordshire Constabulary,-0.198592,51.892951,On or near Shopping Area,E01023786,Stevenage 011D,Investigation complete; no suspect identified
2a492a3231ea39d6791ab1c756af5db8f6a327a3571ee13f32d15c40575fca08,2021-07,Hertfordshire Constabulary,Hertfordshire Constabulary,-0.658316,51.795463,On or near Petrol Station,E01023421,Dacorum 004B,Investigation complete; no suspect identified
8fc50f0ffc3ef8240d8f1aac1ee91da46307b224a583d76dc46b508417911a89,2021-07,Hertfordshire Constabulary,Hertfordshire Constabulary,-0.268194,51.741879,On or near ST MARKS CLOSE,E01023679,St Albans 015C,Unable to prosecute suspect
d1facdf9aafb788257add6c43e6615cae0588852fbea9ea02d807fa87b64b417,2021-07,Hertfordshire Constabulary,Hertfordshire Constabulary,-0.468953,51.637077,On or near Parking Area,E01023850,Three Rivers 007C,Unable to prosecute suspect
fa0c97e872106149c3b5b259d79df118d84637b8fdea5080102d2ab1a7944597,2021-07,Hertfordshire Constabulary,Hertfordshire Constabulary,-0.300292,51.754622,On or near OAKWOOD DRIVE,E01023668,St Albans 013D,Unable to prosecute suspect
2bb49b283c3629078945514438b113f67d192dcf5347681084ad4091340605f8,2021-07,Hertfordshire Constabulary,Hertfordshire Constabulary,-0.264318,51.885963,On or near BULLOCK'S HILL,E01023623,North Hertfordshire 014C,Investigation complete; no suspect identified
1980db659cd1b6866472d3685a7862ebcd0d9d161bd4cd126c54fd20c2ad4f86,2021-07,Hertfordshire Constabulary,Hertfordshire Constabulary,-0.374593,51.651914,On or near HEATHFIELD ROAD,E01023559,Hertsmere 012B,Suspect charged
3d6ccb02aff05f2cddc7413399fe0dd662a5137c6f6af296d9874ff57332c472,2021-07,Hertfordshire Constabulary,Hertfordshire Constabulary,-0.367459,51.644864,On or near RECTORY LANE,E01023563,Hertsmere 012F,Unable to prosecute suspect
3db3d94ed562db472e418e26e19a0b075f51fc24d46964595a2987c575a0c72f,2021-07,Hertfordshire Constabulary,Hertfordshire Constabulary,-0.232421,51.850446,On or near GRANGE RISE,E01023596,North Hertfordshire 015B,Unable to prosecute suspect
572540fe406a211e26a96bd045b9de2dc8c4b34e6dfc7d451826bc5bec6a1cb9,2021-07,Hertfordshire Constabulary,Hertfordshire Constabulary,-0.186072,51.869298,On or near NEW CLOSE,E01023628,North Hertfordshire 015E,Unable to prosecute suspect
23e57b94a2882b4432342ca821ddb87f3e7833210a97a47203cf20f28262dd72,2021-07,Hertfordshire Constabulary,Hertfordshire Constabulary,-0.197266,51.897031,On or near BUCKTHORN AVENUE,E01023758,Stevenage 008D,Investigation complete; no suspect identified
e311bea38872d30a7d5720ea1d88a7c48b99d515c83e6fc72c3db7491d6cb7cb,2021-07,Hertfordshire Constabulary,Hertfordshire Constabulary,-0.008800,51.871602,On or near RIGERY LANE,E01023507,East Hertfordshire 006C,Suspect charged
6a6ca73b8148575364b852f7e2e97f83d3167907ef49458402c57b965dd8896b,2021-07,Hertfordshire Constabulary,Hertfordshire Constabulary,-0.201690,51.998733,On or near Park/Open Space,E01023636,North Hertfordshire 003B,Investigation complete; no suspect identified
f7b85339f68c62bc65d2d33bc7dfdd30a2aedb7f04e83dc70fa28ba9ed068dab,2021-07,Hertfordshire Constabulary,Hertfordshire Constabulary,-0.569778,51.762750,On or near ST JOHN'S WELL LANE,E01023361,Dacorum 009A,Investigation complete; no suspect identified
ddefc7147817d4606971291ddb169fad47848a97dc6e9f45e8411ddf328c73b9,2021-07,Hertfordshire Constabulary,Hertfordshire Constabulary,-0.083135,51.795675,On or near Pedestrian Subway,E01023470,East Hertfordshire 014A,Suspect charged
ed8d74c0bf6ce952eca19a610e5bff6e20ca7517982313e07e65155040abf819,2021-07,Hertfordshire Constabulary,Hertfordshire Constabulary,-0.041100,51.708449,On or near CHURCH LANE,E01023303,Broxbourne 008B,Action to be taken by another organisation
ebb78bd1de061325dd2c19ae7d681e4f3da212d9f0ac568c82dd072a9003df96,2021-07,Hertfordshire Constabulary,Hertfordshire Constabulary,-0.348429,51.744500,On or near Sports/Recreation Area,E01023743,St Albans 014B,Investigation complete; no suspect identified
2591778df6bf55a0372e11db8ced90652cfd2cb83a317cea671aa41f7525bdee,2021-07,Hertfordshire Constabulary,Hertfordshire Constabulary,-0.020631,52.058116,On or near Supermarket,E01023661,North Hertfordshire 001B,Investigation complete; no suspect identified
b9ec01d019d1daca923b2204d7543b80d5d492ef49d0c5969932db0a23cafbfe,2021-07,Hertfordshire Constabulary,Hertfordshire Constabulary,-0.050165,51.711729,On or near FLAMSTEAD END ROAD,E01023326,Broxbourne 009D,Action to be taken by another organisation
298561320e2968d2b12e48b0e5e36b48a77807feeaef5ecc9bbc085cfe85c82b,2021-07,Hertfordshire Constabulary,Hertfordshire Constabulary,-0.183276,51.863347,On or near LONDON ROAD,E01023628,North Hertfordshire 015E,Investigation complete; no suspect identified
1e6dbcb8dcdc1c445e4a039aa9064e20eb623bf15938ad6de81ad38196b7df8d,2021-07,Hertfordshire Constabulary,Hertfordshire Constabulary,-0.273348,51.657924,On or near GROSVENOR ROAD,E01023530,Hertsmere 007B,Unable to prosecute suspect
e16a97bdf6858edd8ed07c2f83f4aab365b3aad8563b817d002036731e6dcb53,2021-07,Hertfordshire Constabulary,Hertfordshire Constabulary,-0.474584,51.739227,On or near RIVERSEND ROAD,E01023354,Dacorum 018B,Unable to prosecute suspect
8b01cf474da4c2ff2854dcd20b5b869d08ba469b3646705c214c208efed26cf6,2021-07,Hertfordshire Constabulary,Hertfordshire Constabulary,-0.469624,51.639020,On or near Supermarket,E01023850,Three Rivers 007C,Offender given a caution
a799006e5d3771ba2a515fb91d60c3b66f312f49e4bd0e46a0d241a8243c9f51,2021-07,Hertfordshire Constabulary,Hertfordshire Constabulary,-0.020957,51.685451,On or near QUEENS WAY,E01023338,Broxbourne 013C,Investigation complete; no suspect identified
332724ae0abd76667550b9200c1d4ec80396011a79f2e7eb6e2c1703a8f2911a,2021-07,Hertfordshire Constabulary,Hertfordshire Constabulary,-0.201989,51.840229,On or near COPPER BEECHES,E01023966,Welwyn Hatfield 001B,Investigation complete; no suspect identified
caf951883998a1ec3efa4439c17379f72c2ad4e44262385aaf3e08be91f74573,2021-07,Hertfordshire Constabulary,Hertfordshire Constabulary,-0.391751,51.658463,On or near QUEEN'S PLACE,E01023859,Watford 009A,Investigation complete; no suspect identified
3df33b14d7a86d65a111b3d3ba2900f1205b3de5b097f9ff914384474713ad2a,2021-07,Hertfordshire Constabulary,Hertfordshire Constabulary,-0.178844,51.882099,On or near Supermarket,E01023784,Stevenage 011B,Investigation complete; no suspect identified
9b4a09d669349d410697389de44c78f13fc2a4ac4ff6e4efedbc75969302daea,2021-07,Hertfordshire Constabulary,Hertfordshire Constabulary,-0.394857,51.655268,On or near Shopping Area,E01023860,Watford 009B,Offender given a caution
2f8654c5f4933bb8bf91cef12a650fd98d9b70b693233dbaff1774785c9fbe0b,2021-07,Hertfordshire Constabulary,Hertfordshire Constabulary,-0.221224,51.966776,On or near NEWLANDS,E01023642,North Hertfordshire 009D,Investigation complete; no suspect identified
165ec8f88b1ecaa9c4c790b35f28bd25debfd2fd1d838c6062eb0cc6b4f2911d,2021-07,Hertfordshire Constabulary,Hertfordshire Constabulary,-0.163273,51.799949,On or near HUNSDON,E01023950,Welwyn Hatfield 005A,Investigation complete; no suspect identified
0f434ffd0534d32ccd77964b174175d9fc3e57834bb9649e1f776e4fcc2b5554,2021-07,Hertfordshire Constabulary,Hertfordshire Constabulary,-0.399807,51.696546,On or near THE BROW,E01023904,Watford 001A,Unable to prosecute suspect
fe03c803d0d15763af548fe18b7ced9bd2f4f26b541344356414d5ee3a63f852,2021-07,Hertfordshire Constabulary,Hertfordshire Constabulary,-0.553656,51.755746,On or near LOMBARDY DRIVE,E01023367,Dacorum 014C,Investigation complete; no suspect identified
c2a7bc58f797d95969277cbdc927313a785e67a89d784704738a320ff448d930,2021-07,Hertfordshire Constabulary,Hertfordshire Constabulary,-0.118052,51.858770,On or near GREAT INNINGS SOUTH,E01033609,East Hertfordshire 010E,Investigation complete; no suspect identified
9fdfc195aa531fc1d26081ab847f388afaa726f8431a653159d73042f9f8d4a4,2021-07,Hertfordshire Constabulary,Hertfordshire Constabulary,-0.471526,51.753008,On or near Parking Area,E01023398,Dacorum 015D,Investigation complete; no suspect identified
f19731829822463777b02aeb22273bf5019e4aa07e071898ff6bd7e1358fd9ae,2021-07,Hertfordshire Constabulary,Hertfordshire Constabulary,-0.471010,51.749413,On or near WOLSEY ROAD,E01023398,Dacorum 015D,Unable to prosecute suspect
c503871242abc861cf2662af7ff0984d60f651076d6126b4f7a908beef9d068e,2021-07,Hertfordshire Constabulary,Hertfordshire Constabulary,-0.235975,51.773267,On or near HOLME ROAD,E01033310,Welwyn Hatfield 002E,Unable to prosecute suspect
d31be213e5ec74dd8751b3e405b38f7afa20481010fcef748261929919c667f8,2021-07,Hertfordshire Constabulary,Hertfordshire Constabulary,-0.202881,51.796316,On or near EDGARS COURT,E01023954,Welwyn Hatfield 007A,Unable to prosecute suspect
a5c54cd21315ea35cf50871239bc0e60f23b59f9e334ab881c0fee7aba52ed56,2021-07,Hertfordshire Constabulary,Hertfordshire Constabulary,-0.336498,51.738055,On or near ABBOTS AVENUE WEST,E01023738,St Albans 017B,Unable to prosecute suspect
c43f2f810b765562de402d6cb96f84f9e44df30a25c913208ff98bd31ef37c77,2021-07,Hertfordshire Constabulary,Hertfordshire Constabulary,-0.220578,51.687062,On or near WASH LANE,E01023567,Hertsmere 002A,Investigation complete; no suspect identified
2d48289c658497f5eb4b277c45f17428bc4af7bd6800e7618e189e48d313aba0,2021-07,Hertfordshire Constabulary,Hertfordshire Constabulary,-0.525924,51.740655,On or near A41,E01023377,Dacorum 021E,Investigation complete; no suspect identified
85ab22c1ac139daf86dec0fa0ba09aff7fba7a36214e864aec50766a4c58579a,2021-07,Hertfordshire Constabulary,Hertfordshire Constabulary,-0.471442,51.760641,On or near CHAPEL COTTAGES,E01023399,Dacorum 010C,Unable to prosecute suspect
7045cbc92d5dd30026984101d212257fff17d1a47b886bef60ee251f09c33621,2021-07,Hertfordshire Constabulary,Hertfordshire Constabulary,-0.032834,51.708482,On or near Sports/Recreation Area,E01023298,Broxbourne 010B,Unable to prosecute suspect
a04d181680c0cdcbde1bd0b5267212730811783d61353c9f3dcdbd9b931ee814,2021-07,Hertfordshire Constabulary,Hertfordshire Constabulary,-0.205363,51.904294,On or near Petrol Station,E01023758,Stevenage 008D,Local resolution
7784f338c7d182588caa9640cb51cfcaf50efe6bc680bb272316c8293671f04d,2021-07,Hertfordshire Constabulary,Hertfordshire Constabulary,-0.217948,51.912839,On or near BRIXHAM CLOSE,E01023796,Stevenage 005B,Investigation complete; no suspect identified
356a9d3163f64da3d21980cc2f1d25f15fe85c14b5b8a3838c914d6572ff23e8,2021-07,Hertfordshire Constabulary,Hertfordshire Constabulary,-0.458152,51.769639,On or near WATLING CLOSE,E01023396,Dacorum 007D,Investigation complete; no suspect identified
301dceebeb166e2053c03114842d56dbdbcc7403d50575a62d8d90f2844ca971,2021-07,Hertfordshire Constabulary,Hertfordshire Constabulary,-0.323187,51.746687,On or near ASPASIA CLOSE,E01023666,St Albans 011A,Unable to prosecute suspect
12dd55b78167978e2c3ada205fe2277ab302561b6d33461bed6fc11cdcab6ebe,2021-07,Hertfordshire Constabulary,Hertfordshire Constabulary,-0.201301,51.895708,On or near TIPPET COURT,E01023786,Stevenage 011D,Investigation complete; no suspect identified
f5a871f8091ac17dd789bd6d113ecb6aadbf41681043d7b30c141eab964e9d9b,2021-07,Hertfordshire Constabulary,Hertfordshire Constabulary,-0.076597,51.796629,On or near MARKET STREET,E01023478,East Hertfordshire 017D,Investigation complete; no suspect identified
8ca322e87484f5e5fb12c693a32e88136de6a1472cc54fe066e8db9cf8e2381a,2021-07,Hertfordshire Constabulary,Hertfordshire Constabulary,-0.186088,51.924104,On or near Pedestrian Subway,E01023788,Stevenage 001B,Suspect charged
f296bbde55a5e15861422fb1c5357e9ee12a3db210d9e2aa23c832baa5db74b7,2021-07,Hertfordshire Constabulary,Hertfordshire Constabulary,-0.437416,51.775857,On or near KIMPTON CLOSE,E01023434,Dacorum 005A,Unable to prosecute suspect
d14872d24b06106384499697031b9cf1d8839b9f214b75cb2543eb01cc861551,2021-07,Hertfordshire Constabulary,Hertfordshire Constabulary,-0.422678,51.654251,On or near ROYAL COURT,E01023886,Watford 008A,Investigation complete; no suspect identified
317e72c790a6aac8197049f23e7f8836ce9b5459f7f3c918f556b42ac856efeb,2021-07,Hertfordshire Constabulary,Hertfordshire Constabulary,-0.399154,51.644509,On or near RIVERSIDE ROAD,E01023883,Watford 012B,Unable to prosecute suspect
f3d6da45d931008da315b3e80eeca8a99581dae958044c32d1a0189c539fec13,2021-07,Hertfordshire Constabulary,Hertfordshire Constabulary,-0.029398,51.812447,On or near DICKENSON WAY,E01023514,East Hertfordshire 012C,Unable to prosecute suspect
456211d1a432eb11e88e9b8a796e7306e82a364f668d16fcf8745e3ff7a73955,2021-07,Hertfordshire Constabulary,Hertfordshire Constabulary,-0.203689,51.794584,On or near ATHELSTAN WALK SOUTH,E01023954,Welwyn Hatfield 007A,Unable to prosecute suspect
7db29878c42e2afdbe9f2194059b81d9a915800cecf5700d1f2a99203976aafa,2021-07,Hertfordshire Constabulary,Hertfordshire Constabulary,-0.416651,51.704795,On or near LANGLEY ROAD,E01023802,Three Rivers 001A,Offender given a caution
4c383a4dcdaf5ba933b503cb3ccfc3a831fe0eedd58aecaa673f022fdb3988dc,2021-07,Hertfordshire Constabulary,Hertfordshire Constabulary,-0.363026,51.732592,On or near HAWTHORN WAY,E01023730,St Albans 020B,Unable to prosecute suspect
0ace83aa932345937b6872ba949198ee3825fe4d22259ec4f13276c47ae94547,2021-07,Hertfordshire Constabulary,Hertfordshire Constabulary,0.137478,51.872371,On or near ANGLESEY CLOSE,E01023454,East Hertfordshire 003C,Suspect charged
df97970d3f14add3c6419b896292c0c28dfb13f0eca0054aad4d0d7f7b738bb9,2021-07,Hertfordshire Constabulary,Hertfordshire Constabulary,-0.406755,51.796927,On or near Sports/Recreation Area,E01023723,St Albans 006B,Unable to prosecute suspect
cd536dcb25da356c79bdd5ecd880af4b31b911b5d13de1e8cec43b772b4c00e8,2021-07,Hertfordshire Constabulary,Hertfordshire Constabulary,-0.461190,51.736139,On or near DELL MEADOW,E01033023,Dacorum 018H,Investigation complete; no suspect identified
ffb9c824ba07800ce00f48723ea823604452d5155b48f3df0305ac723965562b,2021-07,Hertfordshire Constabulary,Hertfordshire Constabulary,-0.362832,51.704705,On or near HUNTERS RIDE,E01023717,St Albans 020A,Unable to prosecute suspect
31ea8082b350af66f4de60450ecb39c895f3201696c8574d685cc20c219d1adc,2021-07,Hertfordshire Constabulary,Hertfordshire Constabulary,-0.339165,51.753028,On or near WADDINGTON ROAD,E01023727,St Albans 012B,Investigation complete; no suspect identified
1103c09cbba7968d6e0aab1871c347dd2b0585018e3e26741fa47e7d5b240645,2021-07,Hertfordshire Constabulary,Hertfordshire Constabulary,-0.056041,51.698239,On or near PRIMROSE PATH,E01023293,Broxbourne 011A,Unable to prosecute suspect
0dffdf51bb295edba41e3bfe2637b474008bb5f819fd6a10aa3644f6dc75913f,2021-07,Hertfordshire Constabulary,Hertfordshire Constabulary,-0.350999,51.716894,On or near WITHY PLACE,E01023719,St Albans 019B,Unable to prosecute suspect
de25b1955f56412b7232168672a3cb3b800ffdebaa2949a46edfc938c4bdd47b,2021-07,Hertfordshire Constabulary,Hertfordshire Constabulary,-0.306360,51.948070,On or near MANLEY HIGHWAY,E01023615,North Hertfordshire 012E,Investigation complete; no suspect identified
695154658475b9709932910adb05775ea095d4eebc8e86eb476a6c7cbb1d0d24,2021-07,Hertfordshire Constabulary,Hertfordshire Constabulary,-0.456228,51.713037,On or near FIVE ACRES,E01023408,Dacorum 022C,Investigation complete; no suspect identified
1204f04104d51b9a905bbaea529a79fc27057d07b99acc72d81e045c53c6fa0d,2021-07,Hertfordshire Constabulary,Hertfordshire Constabulary,-0.021188,51.686129,On or near ELEANOR WAY,E01023338,Broxbourne 013C,Investigation complete; no suspect identified
444db5971250b1bf077361760187383a5ec2b30b4ac4ec4cf3b48f1745b9c96e,2021-07,Hertfordshire Constabulary,Hertfordshire Constabulary,-0.199291,51.799067,On or near BROAD COURT,E01023954,Welwyn Hatfield 007A,Unable to prosecute suspect
49891a4644ad975a54b21147bd23da285cb2a6c2da91edecab383723c44aeb05,2021-07,Hertfordshire Constabulary,Hertfordshire Constabulary,-0.228597,51.968829,On or near Sports/Recreation Area,E01023648,North Hertfordshire 008E,Unable to prosecute suspect
a595fb26e221740f42f1de8e3fd31aeba63c38d1ecf53a37e443a2c41567b43d,2021-07,Hertfordshire Constabulary,Hertfordshire Constabulary,-0.171710,51.800044,On or near LEY WALK,E01023951,Welwyn Hatfield 005B,Investigation complete; no suspect identified
1298327dca614d12e2b884e7d3970476ae036bfb4e6ece28f81124af49463b76,2021-07,Hertfordshire Constabulary,Hertfordshire Constabulary,-0.211342,51.828763,On or near A1000,E01023968,Welwyn Hatfield 002B,Investigation complete; no suspect identified
658a643098fe3784b7a95627d13a174c3dd1df6f82f8340f79dc005d8d0984eb,2021-07,Hertfordshire Constabulary,Hertfordshire Constabulary,-0.386718,51.672772,On or near WESTFIELD AVENUE,E01023898,Watford 005D,Investigation complete; no suspect identified
bea861da5e49c0ae193be9cab87ee4ca90c0c6096c43be33ff64d20d3f67952a,2021-07,Hertfordshire Constabulary,Hertfordshire Constabulary,-0.223086,51.915263,On or near HOPTON ROAD,E01023795,Stevenage 005A,Investigation complete; no suspect identified
041b7565dc978bd52706719604ed42624d24a651dfdbbed67737b6be6b113708,2021-07,Hertfordshire Constabulary,Hertfordshire Constabulary,-0.273577,51.948061,On or near MOUNT GARRISON,E01023609,North Hertfordshire 013D,Investigation complete; no suspect identified
72eb7f39ce3e53f9410ccc93860978e96534fae7d40fd411cbb7dadea6cd2fe1,2021-07,Hertfordshire Constabulary,Hertfordshire Constabulary,-0.167910,51.918374,On or near SANDOWN ROAD,E01023771,Stevenage 003A,Investigation complete; no suspect identified
f2eb9d0a6ac82a60ad0000cfcea410f485bafab9fd2e0207a11b62169989622a,2021-07,Hertfordshire Constabulary,Hertfordshire Constabulary,-0.169794,51.930317,On or near BLACKDOWN CLOSE,E01033027,North Hertfordshire 005K,Investigation complete; no suspect identified
c1297245ab48c438f9c9f6d8bf423cafe508bd615e309879863de5cb44ae8995,2021-07,Hertfordshire Constabulary,Hertfordshire Constabulary,-0.220558,51.902717,On or near BABBAGE ROAD,E01023798,Stevenage 005D,Unable to prosecute suspect
2c25c3596920617cbd71d5ca9e667da7edcc81b9fb60172e60409fb95fd164fd,2021-07,Hertfordshire Constabulary,Hertfordshire Constabulary,-0.085943,51.802977,On or near ELTON ROAD,E01023474,East Hertfordshire 014E,Investigation complete; no suspect identified
f4935965d7a2bed9af9d7c7549c1c6d29d14a81caf5ed6957212271208c3bb22,2021-07,Hertfordshire Constabulary,Hertfordshire Constabulary,-0.015178,51.764603,On or near NORRIS LANE,E01023322,Broxbourne 003C,Unable to prosecute suspect
3c3d9037f8ce3d6df8092d6188930c4abd1a0141709a30d3209716120be65181,2021-07,Hertfordshire Constabulary,Hertfordshire Constabulary,-0.304858,51.849300,On or near HIGH STREET,E01023626,North Hertfordshire 015C,Unable to prosecute suspect
a52e2e7fb6f82bae3b168fdc03448b15fec04cb573e5529eb532d4da7880dfea,2021-07,Hertfordshire Constabulary,Hertfordshire Constabulary,-0.050165,51.711729,On or near FLAMSTEAD END ROAD,E01023326,Broxbourne 009D,Investigation complete; no suspect identified
bf8b29be584eb2e2154c8408a62651a9c8154881bd6de466322863ba6f475533,2021-07,Hertfordshire Constabulary,Hertfordshire Constabulary,-0.332996,51.641503,On or near Conference/Exhibition Centre,E01023551,Hertsmere 013D,Action to be taken by another organisation
fbd7dffe9ea55c048ae4f19fdf1da11a77d9bf019a86c9f3c4e512221859973f,2021-07,Hertfordshire Constabulary,Hertfordshire Constabulary,-0.272243,51.722300,On or near Park/Open Space,E01023584,Hertsmere 004D,Suspect charged
df97970d3f14add3c6419b896292c0c28dfb13f0eca0054aad4d0d7f7b738bb9,2021-07,Hertfordshire Constabulary,Hertfordshire Constabulary,-0.406755,51.796927,On or near Sports/Recreation Area,E01023723,St Albans 006B,Unable to prosecute suspect
7fff89ecb06d159fc1e0a6539de09d1588404c70fddf4d8f92e8bc2bb4efb8bc,2021-07,Hertfordshire Constabulary,Hertfordshire Constabulary,-0.237790,51.772800,On or near DAISY DRIVE,E01033310,Welwyn Hatfield 002E,Unable to prosecute suspect
79eff97bf6571b1b3d8e8c58ad9befd1adf7cb1a1315752edc8e3615bd8d4d16,2021-07,Hertfordshire Constabulary,Hertfordshire Constabulary,-0.057277,51.695742,On or near LIEUTENANT ELLIS WAY,E01023293,Broxbourne 011A,Unable to prosecute suspect
4ee97f72e8dcccda4617d998562f7668d459b6fca6c3fb1ab1d876a47d40256e,2021-07,Hertfordshire Constabulary,Hertfordshire Constabulary,-0.389951,51.679470,On or near Supermarket,E01023896,Watford 005B,Suspect charged
064025408af4ea46ecb7db8ab5ec826e5d1321ae6e9e1459277f6d63f73e155b,2021-07,Hertfordshire Constabulary,Hertfordshire Constabulary,-0.400166,51.656797,On or near WILMINGTON CLOSE,E01023861,Watford 009C,Unable to prosecute suspect
fa701282c791db00e70a963ef2a9101297bb2f7b481a67a15bc85ae93b0a2dca,2021-07,Hertfordshire Constabulary,Hertfordshire Constabulary,-0.305286,51.781031,On or near HIGH STREET,E01023736,St Albans 007D,Investigation complete; no suspect identified
84e53f78c8e38e4d9a5bf880ec31ead56fc8cbf30a27bcbc76ce56945c32ca04,2021-07,Hertfordshire Constabulary,Hertfordshire Constabulary,-0.351346,51.816736,On or near THE MEWS,E01023689,St Albans 002E,Unable to prosecute suspect
b85c752107553cec54cb5d6b1fc6d32922718515b89af7c88e08f2bed2d0fc1a,2021-07,Hertfordshire Constabulary,Hertfordshire Constabulary,-0.203375,51.813445,On or near GREENFIELD,E01023961,Welwyn Hatfield 003C,Unable to prosecute suspect
e7be69a2aedae5b7383d528fc2df3831631598090b386c6f7fd80707b0b5e65a,2021-07,Hertfordshire Constabulary,Hertfordshire Constabulary,-0.185010,51.930661,On or near DOVE ROAD,E01023801,Stevenage 002F,Suspect charged
d571fceecdc321a3b2f3619b58539b8da9574ff4abf6930dcdf8f22b488f1302,2021-07,Hertfordshire Constabulary,Hertfordshire Constabulary,-0.033919,51.698141,On or near THE BRAMBLES,E01023300,Broxbourne 010D,Investigation complete; no suspect identified
e3e18db7153e76b56513a551934293d3465b44d278de6631e85c1dc37047b572,2021-07,Hertfordshire Constabulary,Hertfordshire Constabulary,-0.040629,51.821097,On or near DOVEDALE,E01023516,East Hertfordshire 013D,Suspect charged
5febc60754ec61243248924f8df07bfe81c77f06d3934c0a2493ed0178d707f4,2021-07,Hertfordshire Constabulary,Hertfordshire Constabulary,-0.294808,51.956472,On or near MOSS WAY,E01023612,North Hertfordshire 012B,Unable to prosecute suspect
ca9273445c05d44798cb0f772bd3af1cd31dcf9d760d34692d773919401b570e,2021-07,Hertfordshire Constabulary,Hertfordshire Constabulary,-0.659832,51.803995,On or near MOREFIELDS,E01023419,Dacorum 003B,Unable to prosecute suspect
1023bde215a151880235518d15f687a3f25e05362cb5720738fb937e43027fff,2021-07,Hertfordshire Constabulary,Hertfordshire Constabulary,-0.058779,51.719803,On or near BENCROFT,E01023309,Broxbourne 006C,Unable to prosecute suspect
7c7650b2ba0e299fb1f3c7df7fdebf7637547c333e107b90509c8f0a7b935296,2021-07,Hertfordshire Constabulary,Hertfordshire Constabulary,-0.421990,51.659493,On or near Parking Area,E01023886,Watford 008A,Investigation complete; no suspect identified
5de11a39f33cec72a83f1dd92185658e1c70f73aa6f470b0e1056730227205ae,2021-07,Hertfordshire Constabulary,Hertfordshire Constabulary,-0.227088,51.763674,On or near Supermarket,E01023920,Welwyn Hatfield 012A,Investigation complete; no suspect identified
86854db93a1444b0b837bbeb060f77c40c4a1ff20c1d564ea89f23bc8f0bf771,2021-07,Hertfordshire Constabulary,Hertfordshire Constabulary,-0.472495,51.744037,On or near CORNER HALL,E01033023,Dacorum 018H,Investigation complete; no suspect identified
e39ec4976d2b1801416a67a368b5ab798656d219dbd9664beca5e297f4937f92,2021-07,Hertfordshire Constabulary,Hertfordshire Constabulary,-0.208946,51.912162,On or near BELL LANE,E01023775,Stevenage 006A,Investigation complete; no suspect identified
77b8c2ae567d132a1f25f15d34cbd44f854d5ecb97d3a9df318f333e900483fd,2021-07,Hertfordshire Constabulary,Hertfordshire Constabulary,-0.657328,51.799444,On or near SHUGARS GREEN,E01023421,Dacorum 004B,Unable to prosecute suspect
d825d4a2dfa9d685b95686cee21e07ee1f4761564e8c4154d14146f338ccc1fc,2021-07,Hertfordshire Constabulary,Hertfordshire Constabulary,-0.237817,51.765040,On or near GOLDSMITH WAY,E01033308,Welwyn Hatfield 010E,Local resolution
c6c309d04a65874ac2be5bc13f66b5934896fe56705c30154e3f900fa3504473,2021-07,Hertfordshire Constabulary,Hertfordshire Constabulary,-0.241235,51.763599,On or near Supermarket,E01033308,Welwyn Hatfield 010E,Suspect charged
619f33af9c117e2ae639a190d1044af0570ff56b85bfe8329c5c55d4ab2bd957,2021-07,Hertfordshire Constabulary,Hertfordshire Constabulary,-0.270241,51.659038,On or near SHENLEY ROAD,E01023538,Hertsmere 006E,Investigation complete; no suspect identified
67b5a7951dc357fdd00e9b19e28d317892d40f1b2ca9cd8c557c1786f49723de,2021-07,Hertfordshire Constabulary,Hertfordshire Constabulary,-0.459527,51.747995,On or near SHERBOURNE CLOSE,E01023387,Dacorum 019B,Unable to prosecute suspect
13d5022c65dfc5f39cd150e3d8c65c57eee953e6a554f3707054f40ca9d6f21e,2021-07,Hertfordshire Constabulary,Hertfordshire Constabulary,-0.217965,51.769777,On or near BRANCH CLOSE,E01023930,Welwyn Hatfield 010B,Investigation complete; no suspect identified
2ea84b4e632fe39786c2932b5df2198c0da274c5457cae26e964f669195c0ab6,2021-07,Hertfordshire Constabulary,Hertfordshire Constabulary,-0.340100,51.734617,On or near REMUS CLOSE,E01023739,St Albans 017C,Suspect charged
ff0c4a4d928b1d1261693324a3db91f36c09e64547eb3a65fb1752c6aa6346ae,2021-07,Hertfordshire Constabulary,Hertfordshire Constabulary,-0.314909,51.769444,On or near SLIMMONS DRIVE,E01023709,St Albans 008A,Unable to prosecute suspect
15405c883ef976c17610ed997c4cad0e29eb5db3bbdd790f52486b9a6740e408,2021-07,Hertfordshire Constabulary,Hertfordshire Constabulary,-0.186444,51.867640,On or near KERR CLOSE,E01023628,North Hertfordshire 015E,Suspect charged
fca08182fdce9df270563d7346358cbff3dcb7ad83a16bef18695a6e825c1661,2021-07,Hertfordshire Constabulary,Hertfordshire Constabulary,-0.318370,51.737158,On or near NEW BARNES AVENUE,E01023684,St Albans 016D,Investigation complete; no suspect identified
5ff67bf88350df2882e47c7e28b94d884240347442e60126b8c9d7df94da4d94,2021-07,Hertfordshire Constabulary,Hertfordshire Constabulary,-0.383370,51.693273,On or near COATES WAY,E01023877,Watford 003E,Unable to prosecute suspect
acfd855237085b18cf8fd1e66cb81226caaf106dd22b9bff11b0f72c3da16881,2021-07,Hertfordshire Constabulary,Hertfordshire Constabulary,-0.357285,51.815399,On or near Supermarket,E01023701,St Albans 003C,Investigation complete; no suspect identified
6328f0f920355de7cd219501486f9445e90278d1341cb898847934e773240460,2021-07,Hertfordshire Constabulary,Hertfordshire Constabulary,-0.401540,51.704446,On or near WOODSIDE ROAD,E01023832,Three Rivers 002C,Unable to prosecute suspect
592a99beb5494044dfef0113220401d0c8d119490c4a91da6332ef7efc6a8db9,2021-07,Hertfordshire Constabulary,Hertfordshire Constabulary,-0.011362,51.762740,On or near Shopping Area,E01023323,Broxbourne 003D,Unable to prosecute suspect
38a4318fadd77149215d01e63ed6a420efcb3f8e89b5d0f5e9dceb6c9d97239f,2021-07,Hertfordshire Constabulary,Hertfordshire Constabulary,-0.340262,51.632883,On or near Petrol Station,E01023550,Hertsmere 013C,Investigation complete; no suspect identified
ed51518bfd26af2cfd527fc2e9f25ad040a52702bce0aa428ef6aea9ff377bb5,2021-07,Hertfordshire Constabulary,Hertfordshire Constabulary,-0.176826,51.900016,On or near AYLWARD DRIVE,E01023761,Stevenage 007C,Suspect charged
c0bfb06e89deb77e6f6c1769cbe07105166413a131534f04eabf2ad2875ba1ae,2021-07,Hertfordshire Constabulary,Hertfordshire Constabulary,-0.400520,51.659491,On or near Nightclub,E01023861,Watford 009C,Investigation complete; no suspect identified
0bbe576bf7fba6c645820d53fc59ab1ec9d07aa12f9ddc6571a691b241e9553c,2021-07,Hertfordshire Constabulary,Hertfordshire Constabulary,-0.463449,51.757911,On or near DOWNSIDE,E01023401,Dacorum 008A,Investigation complete; no suspect identified
d39c311fd61168026f0ed2dd72d8cfc616b5a47d20cc720450df1ada596c26d4,2021-07,Hertfordshire Constabulary,Hertfordshire Constabulary,-0.471424,51.749149,On or near Shopping Area,E01023398,Dacorum 015D,Investigation complete; no suspect identified
bd976bb2ba660f419de9cd4b24cf5e66d833f3032e9034624f3951c7d5c2e194,2021-07,Hertfordshire Constabulary,Hertfordshire Constabulary,-0.349176,51.757386,On or near WELLS CLOSE,E01023669,St Albans 009A,Suspect charged
1bb3801aa808698bb2daf2d6f144e09983a372fc84a53d14873937d2c2b6477a,2021-07,Hertfordshire Constabulary,Hertfordshire Constabulary,-0.204587,51.801198,On or near Shopping Area,E01023918,Welwyn Hatfield 006C,Investigation complete; no suspect identified
8f1ca70c4db265690783297838d522d14896939104cda3de234aa8ca825a611a,2021-07,Hertfordshire Constabulary,Hertfordshire Constabulary,-0.452632,51.759001,On or near HOBLETTS ROAD,E01023347,Dacorum 013C,Suspect charged
aa36742a240c6a7c0b59c1f353c18e3791c82bce6e65286ef95e1fd37948b668,2021-07,Hertfordshire Constabulary,Hertfordshire Constabulary,-0.387380,51.674489,On or near BUSHEY MILL LANE,E01023896,Watford 005B,Investigation complete; no suspect identified
433d738652e33c9968a1349022aa15e1137cf7d9ee29d77252dc69e85b1ff837,2021-07,Hertfordshire Constabulary,Hertfordshire Constabulary,-0.014152,51.946264,On or near SUNNY HILL,E01023464,East Hertfordshire 001B,Investigation complete; no suspect identified
11b4e698b04782f2880df96f434dde6b643936ba1d87f2533df70fba0e7cb52e,2021-07,Hertfordshire Constabulary,Hertfordshire Constabulary,-0.279476,51.654929,On or near GLENHAVEN AVENUE,E01023532,Hertsmere 007D,Investigation complete; no suspect identified
15b212e56c35121541ad6650470d9befc88ace756f6930effe403d489606fb33,2021-07,Hertfordshire Constabulary,Hertfordshire Constabulary,-0.404029,51.696235,On or near HOPE GREEN,E01023906,Watford 001C,Unable to prosecute suspect
bc8202ab6d0ea95c16d2980d5ddad384bd9dfdedfa465e2eb76ad36514eface8,2021-07,Hertfordshire Constabulary,Hertfordshire Constabulary,-0.230362,51.762977,On or near Further/Higher Educational Building,E01023920,Welwyn Hatfield 012A,Unable to prosecute suspect
3478e8f03ed32ef6a839f63502c39b0fa3ef76d0e9a49674cfe8904adff684c6,2021-07,Hertfordshire Constabulary,Hertfordshire Constabulary,-0.020902,51.760644,On or near ROSEHILL CLOSE,E01023323,Broxbourne 003D,Suspect charged
aaeb52451a3ab328ca3f999b258cab903c5e1b12881ee0c7102085cce4ad18d7,2021-07,Hertfordshire Constabulary,Hertfordshire Constabulary,-0.203302,51.903480,On or near Supermarket,E01023758,Stevenage 008D,Suspect charged
5a89a92a92a4302a7db36b23e89056b0f1e2f76989413558d80c17299e8043cd,2021-07,Hertfordshire Constabulary,Hertfordshire Constabulary,-0.268620,51.664769,On or near NORTHFIELD ROAD,E01023537,Hertsmere 006D,Unable to prosecute suspect
b7fdff6d10e4014bcbc1ea0d1089c00fec7576d0e264c4298cf8df8100d3631f,2021-07,Hertfordshire Constabulary,Hertfordshire Constabulary,-0.427348,51.755644,On or near Petrol Station,E01023409,Dacorum 017A,Local resolution
728ef68c31f5a3b8264ffaa2f393c801341594f8abe38532deb13afdd6ab4070,2021-07,Hertfordshire Constabulary,Hertfordshire Constabulary,-0.357077,51.643793,On or near MILNER COURT,E01023557,Hertsmere 013F,Unable to prosecute suspect
214b882e3f15d3761f131aa7f3a49ad8daecaaa1891f49e50d7a72c4365c244b,2021-07,Hertfordshire Constabulary,Hertfordshire Constabulary,-0.300637,51.747730,On or near GREENSLEEVES CLOSE,E01023677,St Albans 015A,Unable to prosecute suspect
c67d7d0a5318df0c0a605aa4b5b0a2db17e762fce8608db8677191c5ae622417,2021-07,Hertfordshire Constabulary,Hertfordshire Constabulary,-0.395758,51.655118,On or near HIGH STREET,E01023862,Watford 009D,Suspect charged
91b692d28f4de07fa639a188a394c8dcd4baf7255ee7079b50821b1448ac8665,2021-07,Hertfordshire Constabulary,Hertfordshire Constabulary,-0.341728,51.634298,On or near HIGH ROAD,E01023550,Hertsmere 013C,Unable to prosecute suspect
edefdd83ee9a6e4f0e5acb61fd844e9ed46f4de4eb527941dbc0c632981ed88e,2021-07,Hertfordshire Constabulary,Hertfordshire Constabulary,-0.365625,51.742438,On or near ICKNIELD CLOSE,E01023744,St Albans 014C,Investigation complete; no suspect identified
a7b7f59a3b2bcc5130908ee5cdcbe765630d5b3a999b66e9fa04e36a3812bea8,2021-07,Hertfordshire Constabulary,Hertfordshire Constabulary,-0.373427,51.664298,On or near WALNUT GREEN,E01023555,Hertsmere 008D,Unable to prosecute suspect
0af88588af1a8716525ce0c6f13440d8db3a8b73bcdb096232bdb83851a28f2c,2021-07,Hertfordshire Constabulary,Hertfordshire Constabulary,-0.307471,51.762944,On or near Petrol Station,E01023714,St Albans 010B,Investigation complete; no suspect identified
55ed5ba136114f11ba364ad687538fb971a64c573bec4ebcabb5e56ea84acfef,2021-07,Hertfordshire Constabulary,Hertfordshire Constabulary,-0.032977,51.811554,On or near WEST STREET,E01023514,East Hertfordshire 012C,Investigation complete; no suspect identified
5f449c5b1427c637683963fae92a03d12bad7cea88e9edc20ce290ccdeb479b8,2021-07,Hertfordshire Constabulary,Hertfordshire Constabulary,-0.339686,51.739602,On or near PEMBERTON CLOSE,E01023737,St Albans 017A,Unable to prosecute suspect
29e6c4cd7116ab2ee41054a46fb55d1df520ed734cddddc0c5621b524d8fbe74,2021-07,Hertfordshire Constabulary,Hertfordshire Constabulary,-0.435696,51.777794,On or near PARR CRESCENT,E01023434,Dacorum 005A,Unable to prosecute suspect
136fdabf60be49583c9f31b97ac91035584e064260a81e6f93185c40ccb28a55,2021-07,Hertfordshire Constabulary,Hertfordshire Constabulary,-0.370698,51.711738,On or near FIVE ACRES AVENUE,E01023732,St Albans 020D,Suspect charged
bb53f6196887654f9201add7c40de56da5dd1f340989bf17452c8c6c1688dbaf,2021-07,Hertfordshire Constabulary,Hertfordshire Constabulary,0.013667,51.994600,On or near Petrol Station,E01023597,North Hertfordshire 005C,Unable to prosecute suspect
b70f2fd033c99be31ee949903c3ba00b4030fc8da735198dfb0b0b87e1b86143,2021-07,Hertfordshire Constabulary,Hertfordshire Constabulary,-0.037445,51.718001,On or near Supermarket,E01023305,Broxbourne 008D,Unable to prosecute suspect
90a6c56c5bf184f200847b783e871b2e37f4250a78a10fa53dd0ca5ab592bff9,2021-07,Hertfordshire Constabulary,Hertfordshire Constabulary,-0.244173,51.762573,On or near BISHOP SQUARE,E01033308,Welwyn Hatfield 010E,Unable to prosecute suspect
fd2838ce17de37155c06e256cc32fdf0a3633a9e4e90f75e1f99a99c1d749ea7,2021-07,Hertfordshire Constabulary,Hertfordshire Constabulary,-0.342292,51.825844,On or near LOWER LUTON ROAD,E01023693,St Albans 001D,Investigation complete; no suspect identified
fb5c1138961fa7d2b9bf57a9b4c3fdffd2824c3da6cb6fa8fd6d37bc0a6acc6d,2021-07,Hertfordshire Constabulary,Hertfordshire Constabulary,-0.253090,51.653865,On or near TEMPSFORD AVENUE,E01023547,Hertsmere 009D,Unable to prosecute suspect
0d7529214faaf60997b682e5c59d19acc7f08b6c3b66589ae5e1b3c903a1b61b,2021-07,Hertfordshire Constabulary,Hertfordshire Constabulary,-0.471027,51.759637,On or near AUSTINS PLACE,E01023399,Dacorum 010C,Suspect charged
23a874b5e632cf5b32bb024306b502e5018dcdd0a89926f5619c03dad0147605,2021-07,Hertfordshire Constabulary,Hertfordshire Constabulary,-0.386796,51.692960,On or near NEWLANDS WALK,E01023905,Watford 001B,Investigation complete; no suspect identified
907544af869cceedf51c72c74f1342c3e658af9b03e89efa829e42395d92610c,2021-07,Hertfordshire Constabulary,Hertfordshire Constabulary,-0.158991,51.894676,On or near Petrol Station,E01023750,Stevenage 009A,Investigation complete; no suspect identified
f7823b42d7e5cdc3d4d8e8d8cccc14e704b275206e11d859361c36aef31b1b8b,2021-07,Hertfordshire Constabulary,Hertfordshire Constabulary,-0.011977,51.743785,On or near OLD NAZEING ROAD,E01023292,Broxbourne 004D,Unable to prosecute suspect
02c2214a2cb7fa0008724895be24e23ff9dca1a7c48c345ffe0dcf75b33162b3,2021-07,Hertfordshire Constabulary,Hertfordshire Constabulary,-0.294913,51.668499,On or near FARM CLOSE,E01023533,Hertsmere 007E,Investigation complete; no suspect identified
1e3cbca60e53673b22bdd4275cba7b2788f78f4944ca1e543b0b31e0ba7315d6,2021-07,Hertfordshire Constabulary,Hertfordshire Constabulary,,,No location,,,Investigation complete; no suspect identified
6b86dcdbac425ff0566a79c0feb32a7f5183b06e2e9ae164367fcc122f7ee39f,2021-07,Hertfordshire Constabulary,Hertfordshire Constabulary,-0.208263,51.801029,On or near Supermarket,E01023918,Welwyn Hatfield 006C,Further action is not in the public interest
fc4880925e813bb5c77a25c5548020f3d7abd2d483c2c3d2008c176d795d1d36,2021-07,Hertfordshire Constabulary,Hertfordshire Constabulary,-0.166504,51.801465,On or near LINCOLN CLOSE,E01023950,Welwyn Hatfield 005A,Unable to prosecute suspect
b1c88d73b6efcca1b8c1141225df1efb7ba762834171769de5ac1035562b6e0b,2021-07,Hertfordshire Constabulary,Hertfordshire Constabulary,-0.455078,51.777322,On or near PUTTERS CROFT,E01023394,Dacorum 007B,Local resolution
7bb23a3c689bebe8a8f1bf082be1382d33f09e95668a0904899245bccf67e830,2021-07,Hertfordshire Constabulary,Hertfordshire Constabulary,-0.223086,51.915263,On or near HOPTON ROAD,E01023795,Stevenage 005A,Suspect charged
b0321f7af4aeef86899a03be81a7862bb86788ca0545d6e4c9262d3f3677c4cf,2021-07,Hertfordshire Constabulary,Hertfordshire Constabulary,-0.422285,51.679298,On or near ROSECROFT DRIVE,E01023881,Watford 007D,Local resolution
eaf13e4acc68773e4d97717730ef234de21025bb8e5207b96affab0b5b7d1b1d,2021-07,Hertfordshire Constabulary,Hertfordshire Constabulary,-0.471724,51.750133,On or near KING HARRY STREET,E01023398,Dacorum 015D,Suspect charged
b199a1d9f630bcfc5a81a470230911eb8b983137b8e231c9c7cc16e987bd0d76,2021-07,Hertfordshire Constabulary,Hertfordshire Constabulary,-0.239647,51.983652,On or near RUNNALOW,E01023652,North Hertfordshire 007D,Unable to prosecute suspect
6e92eab2ab3a6fdd5cba08099da7f6ddb0e8683d640a832795b4dd6261bb13eb,2021-07,Hertfordshire Constabulary,Hertfordshire Constabulary,0.161233,51.868484,On or near RIVERSIDE WALK,E01023450,East Hertfordshire 004B,Suspect charged
9497023c6f1112417b8826d1d8032a7b507ea3bf8db939af65acb620660f7444,2021-07,Hertfordshire Constabulary,Hertfordshire Constabulary,,,No location,,,Investigation complete; no suspect identified
3cb327ad12bff887bbff0eabdb429655c9091bc494a3cf9eaecff703190f4448,2021-07,Hertfordshire Constabulary,Hertfordshire Constabulary,-0.399605,51.652626,On or near WIGGENHALL ROAD,E01023901,Watford 010C,Investigation complete; no suspect identified
33661f00d4b9fac02d2cb482efd1fe48370683651a931fd0703afd96bb87a7ef,2021-07,Hertfordshire Constabulary,Hertfordshire Constabulary,-0.445569,51.760032,On or near UNDERACRES CLOSE,E01023346,Dacorum 013B,Unable to prosecute suspect
258f56627d4da4c9f12bb92a4d875ae3e3457db48f002998833a59291fa71bd3,2021-07,Hertfordshire Constabulary,Hertfordshire Constabulary,-0.443237,51.757051,On or near HALESWOOD ROAD,E01023345,Dacorum 013A,Investigation complete; no suspect identified
2c41595206ef26aa5e8f866821d3b8883a78a8339326f39bcafe6e40d6c6c2fb,2021-07,Hertfordshire Constabulary,Hertfordshire Constabulary,0.032328,51.740734,On or near HOE LANE,E01021794,Epping Forest 002D,Suspect charged
261cdfb3f9e7e0348a4fa33fa64503cec2e8427ba9310018e72f15b14d0cd0ae,2021-07,Hertfordshire Constabulary,Hertfordshire Constabulary,-0.336758,51.752293,On or near Police Station,E01023727,St Albans 012B,Unable to prosecute suspect
556b44f773453967b0eea2305935344bb92b12bd2753b60b41fb343b575b33ed,2021-07,Hertfordshire Constabulary,Hertfordshire Constabulary,-0.261362,51.647747,On or near BURGHLEY AVENUE,E01023542,Hertsmere 011D,Unable to prosecute suspect
cb63f32d9cd8415be40a926791edd360f1b6b636b6b638424b9fb420b2ebe429,2021-07,Hertfordshire Constabulary,Hertfordshire Constabulary,-0.129289,52.109085,On or near HIGH STREET,E01018290,South Cambridgeshire 019D,Unable to prosecute suspect
2a27931ba7e695564b4dfe6c3d67c7f50275be64f685360d08cf896a89acd2a0,2021-07,Hertfordshire Constabulary,Hertfordshire Constabulary,-0.007310,52.050644,On or near Sports/Recreation Area,E01023658,North Hertfordshire 002E,Unable to prosecute suspect
149d387a066a92b8a6d57e8f2eb631816fb770c4743f0b5f8a17ff6678c341e7,2021-07,Hertfordshire Constabulary,Hertfordshire Constabulary,-0.228986,51.977773,On or near Supermarket,E01023644,North Hertfordshire 008A,Local resolution
659bdf5fba73432d5f14131ec136d821fdbb435a778fc346b6f565e098b51fe0,2021-07,Hertfordshire Constabulary,Hertfordshire Constabulary,-0.397741,51.661206,On or near ST JOHN'S ROAD,E01023861,Watford 009C,Unable to prosecute suspect
7bd00fe2c134b779794274a6166481708a1f1c8deb193ce11993a93c7b79537c,2021-07,Hertfordshire Constabulary,Hertfordshire Constabulary,-0.420923,51.677283,On or near THE RIDGEWAY,E01023881,Watford 007D,Investigation complete; no suspect identified
85205bc5c747f31504e5fc70b4ec3a513b04bc40defa721f5cd62b56d7b4e90d,2021-07,Hertfordshire Constabulary,Hertfordshire Constabulary,0.688470,51.722586,On or near JERSEY ROAD,E01021889,Maldon 004A,Unable to prosecute suspect
f6e3e56dee0eb66f831696e3f20bd21aec3f107e392757a57867d3db403454cf,2021-07,Hertfordshire Constabulary,Hertfordshire Constabulary,-0.495338,51.703464,On or near Sports/Recreation Area,E01023375,Dacorum 021C,Unable to prosecute suspect
544b238cdbda000586df72992d582ec5436300a40d387fe26677b48e0bdf222c,2021-07,Hertfordshire Constabulary,Hertfordshire Constabulary,-0.387511,51.682188,On or near CEZANNE ROAD,E01023875,Watford 003C,Unable to prosecute suspect
ef6d54438e0d9b7666aa8f8204f5aee5838a35c34aa6561fff20c98010fc663b,2021-07,Hertfordshire Constabulary,Hertfordshire Constabulary,-0.278190,51.655675,On or near Supermarket,E01023530,Hertsmere 007B,Local resolution
cfcd02ce3b928f32fbed49943e398be892a3f68e2c41b7e404f5fb2b53ff3b0d,2021-07,Hertfordshire Constabulary,Hertfordshire Constabulary,-0.181677,51.706537,On or near HEATH CLOSE,E01023911,Welwyn Hatfield 015D,Suspect charged
6174ed981acd01626128a1eebba73ce01113b6c1dc4349deb386f20bff15dbbd,2021-07,Hertfordshire Constabulary,Hertfordshire Constabulary,-0.345640,51.741934,On or near MERCERS ROW,E01023737,St Albans 017A,Suspect charged
e59b19117d837660d9ad2c33172d80fa0a5312ffcff94d5805d8a6c5e6297d09,2021-07,Hertfordshire Constabulary,Hertfordshire Constabulary,-0.039344,51.713249,On or near FAVEROLLE GREEN,E01023303,Broxbourne 008B,Unable to prosecute suspect
cc877383fb2b5eeb1d3655d55611536a84a607d4ead380003b111704d85592fa,2021-07,Hertfordshire Constabulary,Hertfordshire Constabulary,-0.278275,51.667159,On or near GATESHEAD ROAD,E01023535,Hertsmere 006B,Unable to prosecute suspect
5549292ddbbf999682ace43aee6fc2d5262e19d4a891838cbe7d51f340f8bd63,2021-07,Hertfordshire Constabulary,Hertfordshire Constabulary,-0.247430,51.764905,On or near ERRINGTON CLOSE,E01033308,Welwyn Hatfield 010E,Unable to prosecute suspect
fcb7249e2d4f1e96eec733d715287b4f07fd195db50de3db3633871369c6019a,2021-07,Hertfordshire Constabulary,Hertfordshire Constabulary,-0.270358,51.950028,On or near HARRISON CLOSE,E01023609,North Hertfordshire 013D,Investigation complete; no suspect identified
6fafefbfe1187c5893cab8989470ad6e4a7195b1cf4b7878d872cbe6722c9b89,2021-07,Hertfordshire Constabulary,Hertfordshire Constabulary,-0.194407,51.782645,On or near CAMFIELD,E01023942,Welwyn Hatfield 009D,Unable to prosecute suspect
34e9c7d9bbb942ed95e3e2003e1c2e5b5566fc875032fdfcc156064c9eac181a,2021-07,Hertfordshire Constabulary,Hertfordshire Constabulary,-0.207334,51.911733,On or near CHURCH LANE,E01023775,Stevenage 006A,Unable to prosecute suspect
17bc398ee25a25230279521d663200017478324b9d37a6479fca01a4a738f67c,2021-07,Hertfordshire Constabulary,Hertfordshire Constabulary,-0.071448,51.800726,On or near SPENCER STREET,E01023478,East Hertfordshire 017D,Unable to prosecute suspect
f4dd34e07793680aa1252334faded45df301908aca8a587449475c3abff2b6b7,2021-07,Hertfordshire Constabulary,Hertfordshire Constabulary,-0.339747,51.742678,On or near Petrol Station,E01023737,St Albans 017A,Investigation complete; no suspect identified
fd19789a34831246556ca05ecf53968d34dc819c47a5cb0ba7506a41e6e723fd,2021-07,Hertfordshire Constabulary,Hertfordshire Constabulary,-0.467506,51.636258,On or near Petrol Station,E01023850,Three Rivers 007C,Offender given a caution
54e305cb3e635140be99a2ec7bcbc83ea7d622cb6f9128e08df546980996a6cc,2021-07,Hertfordshire Constabulary,Hertfordshire Constabulary,-0.483040,51.756151,On or near MELSTED ROAD,E01023380,Dacorum 018D,Investigation complete; no suspect identified
8c373b2967b81497a533a8ffec24080d6116a23c209b62a0ee87cf27a028612c,2021-07,Hertfordshire Constabulary,Hertfordshire Constabulary,-0.184250,51.860809,On or near GUN MEADOW AVENUE,E01023628,North Hertfordshire 015E,Suspect charged
fa43c07b98da557a5b9853b8ac7e783ccf932ed9ce6bc90247c772612130c3b5,2021-07,Hertfordshire Constabulary,Hertfordshire Constabulary,-0.206624,51.970772,On or near JARDEN,E01023640,North Hertfordshire 009B,Suspect charged
5bb32db1e8fa05ed147a97cfa21da1be876fc1160b5f4a058d6ba7d9decc12be,2021-07,Hertfordshire Constabulary,Hertfordshire Constabulary,-0.399725,51.658248,On or near Nightclub,E01023861,Watford 009C,Investigation complete; no suspect identified
7f5cd8de69d86dd9f142d0e12c19b5d68e146f88cc6e9dd45244e1b9ea24fd2b,2021-07,Hertfordshire Constabulary,Hertfordshire Constabulary,-0.339936,51.754909,On or near STAPLEY ROAD,E01023728,St Albans 012C,Unable to prosecute suspect
1d94a4627780a72676b90c0f184f1002d3759afe71489809bfe349aee60ebcfb,2021-07,Hertfordshire Constabulary,Hertfordshire Constabulary,-0.204587,51.801198,On or near Shopping Area,E01023918,Welwyn Hatfield 006C,Investigation complete; no suspect identified
0a704006370d396af15cd247ba4856eedac38bf5d2d9a52718159959ab8dd3b2,2021-07,Hertfordshire Constabulary,Hertfordshire Constabulary,-0.196796,51.795801,On or near OAKTREE GARTH,E01023956,Welwyn Hatfield 007C,Investigation complete; no suspect identified
2e1a1eea6c46a451b0adf4d2730ae665d48d5d1ed3864b6f40b67c6a75acc6b1,2021-07,Hertfordshire Constabulary,Hertfordshire Constabulary,-0.216477,51.921700,On or near ANSELL COURT,E01023800,Stevenage 002E,Unable to prosecute suspect
fc93412578dfef9a748cfce0552e650afe3c8ddbbd289dcf7f0ed53eaaa79a7f,2021-07,Hertfordshire Constabulary,Hertfordshire Constabulary,-0.288492,51.809175,On or near CONQUERORS HILL,E01023747,St Albans 004B,Suspect charged
493a57dfd6346d2b4973b5818b2e18b2382b86ccf4ba2ed62dfc99696d530028,2021-07,Hertfordshire Constabulary,Hertfordshire Constabulary,-0.491213,51.744801,On or near FISHERY ROAD,E01023379,Dacorum 018C,Suspect charged
58477cf170a46c18f8e4b9e917c5acd4dd995291bd0265da77243db346c88635,2021-07,Hertfordshire Constabulary,Hertfordshire Constabulary,-0.226004,51.753632,On or near LAMB CLOSE,E01023936,Welwyn Hatfield 013D,Unable to prosecute suspect
b98364c836bfd6a84d13ff49a97682e0aae0757da10e9bf553c217cf59654508,2021-07,Hertfordshire Constabulary,Hertfordshire Constabulary,-0.192737,51.813174,On or near CLOVERFIELD,E01023915,Welwyn Hatfield 004D,Unable to prosecute suspect
2d308e01d268b26cb6f9d2a33b932cef3bc101e5d295912df4e083f6dbe880ed,2021-07,Hertfordshire Constabulary,Hertfordshire Constabulary,-0.339522,51.749616,On or near RYDER SEED MEWS,E01023726,St Albans 012A,Investigation complete; no suspect identified
dbd70d75fe41ef7e7e0a9fb8a8e94dcbc73498cb7c9235924a458ce3ddc777b3,2021-07,Hertfordshire Constabulary,Hertfordshire Constabulary,-0.312520,51.743342,On or near CELL BARNES LANE,E01023683,St Albans 016C,Investigation complete; no suspect identified
5eaa20e6a6a17fe26a3da6bb88ae7f071f5b40428d28728c44365a5a36323f17,2021-07,Hertfordshire Constabulary,Hertfordshire Constabulary,-0.360029,51.746568,On or near Supermarket,E01023742,St Albans 014A,Investigation complete; no suspect identified
c5dad0675fbebc02976820891b31247527e3c35172f263eb82879e7371245e13,2021-07,Hertfordshire Constabulary,Hertfordshire Constabulary,-0.332996,51.641503,On or near Conference/Exhibition Centre,E01023551,Hertsmere 013D,Investigation complete; no suspect identified
214f1fdbab0c3fd8d58f8d274f0a35f544a869dac4f254309ef70be5bd5a95e5,2021-07,Hertfordshire Constabulary,Hertfordshire Constabulary,-0.186161,51.982157,On or near HILLCREST,E01023593,North Hertfordshire 004G,Unable to prosecute suspect
e5f48d8bca574daec8240b655c2b64d0aec6c05536d3fdab3f360041f600c7f0,2021-07,Hertfordshire Constabulary,Hertfordshire Constabulary,-0.211089,51.735098,On or near NASH CLOSE,E01023963,Welwyn Hatfield 014B,Unable to prosecute suspect
ef936d5cee5a9ebc13cf18c9ff4541532f531a30eb64b1aa25cdd1f9f31a977f,2021-07,Hertfordshire Constabulary,Hertfordshire Constabulary,-0.354757,51.748554,On or near Sports/Recreation Area,E01023743,St Albans 014B,Investigation complete; no suspect identified
1ae93bf6233733af1e22398ca80ea2fc90b8d2ed9ea7d11698b456ab0641c1ea,2021-07,Hertfordshire Constabulary,Hertfordshire Constabulary,-0.644786,51.780975,On or near OSBORNE WAY,E01023352,Dacorum 004A,Investigation complete; no suspect identified
5a84d13fd55846e8c7d5a08729ee98c3f86b89fe8c79b71db20de31c77ba75d2,2021-07,Hertfordshire Constabulary,Hertfordshire Constabulary,-0.029573,52.044859,On or near STAKE PIECE ROAD,E01023655,North Hertfordshire 002B,Investigation complete; no suspect identified
8518e17ba93db0bf5b84abdc956d675cde02526ca8cd0b9109ec44164f6133fb,2021-07,Hertfordshire Constabulary,Hertfordshire Constabulary,-0.312394,51.743619,On or near Supermarket,E01023683,St Albans 016C,Investigation complete; no suspect identified
0a8d104a87e3ed2731df06b62042096bc434751fa45ec7d0dba28d2efe2aa717,2021-07,Hertfordshire Constabulary,Hertfordshire Constabulary,-0.035566,51.698546,On or near HILLSIDE AVENUE,E01023334,Broxbourne 012C,Unable to prosecute suspect
2ed1c5222340dfd64668d8cb1bb30089fad2da46a2a3c62c1d326dedbe58d348,2021-07,Hertfordshire Constabulary,Hertfordshire Constabulary,-0.284792,51.945114,On or near MEADOW WAY,E01023615,North Hertfordshire 012E,Investigation complete; no suspect identified
00958b07c3383f61da482e9f40f0287e2508ce7c9f24d8c2f940399dc3004ece,2021-07,Hertfordshire Constabulary,Hertfordshire Constabulary,-0.036240,51.703026,On or near Parking Area,E01023297,Broxbourne 010A,Investigation complete; no suspect identified
ba046fdcec2857721c3d3605b9e3052c4fc57b51390fcabe1b287d67ebe3ba6c,2021-07,Hertfordshire Constabulary,Hertfordshire Constabulary,0.132193,51.798999,On or near HARLOW ROAD,E01023500,East Hertfordshire 011B,Investigation complete; no suspect identified
ba7af655e6bd93d6b54c1a0e3bf86b85467ede94e693cfb20551b4f31b0dcaa8,2021-07,Hertfordshire Constabulary,Hertfordshire Constabulary,-0.394056,51.627616,On or near LINCOLN DRIVE,E01023844,Three Rivers 012D,Investigation complete; no suspect identified
9fa25a7aade06bcfc8ec62f2e6dd29223b8d7e0f986b2c26ec26baf80fc63b44,2021-07,Hertfordshire Constabulary,Hertfordshire Constabulary,-0.029236,51.809846,On or near BRIDGE FOOT,E01023514,East Hertfordshire 012C,Investigation complete; no suspect identified
25d7c0f7609098af6f6eebd4ee4d7b9acb77be2856c3500d51f5c6cdf13cc0ea,2021-07,Hertfordshire Constabulary,Hertfordshire Constabulary,-0.385430,51.693948,On or near ST ALBANS ROAD,E01023905,Watford 001B,Unable to prosecute suspect
2cd7ffb876d021d16ac1a9844c347c87f6f233ff18b04bbb649eb50303561da6,2021-07,Hertfordshire Constabulary,Hertfordshire Constabulary,-0.454850,51.758544,On or near GREAT ROAD,E01023351,Dacorum 015C,Suspect charged
ce351c74181fe0bdcbae832eba8105b9f35e7bcf7393eb63abd0073e60e5bde0,2021-07,Hertfordshire Constabulary,Hertfordshire Constabulary,-0.454010,51.634130,On or near MOOR LANE,E01023849,Three Rivers 011D,Investigation complete; no suspect identified
3baf76b39fb6c01dcc8d3fb79f073ab0f63166957b23da57a184dfcde9d4a701,2021-07,Hertfordshire Constabulary,Hertfordshire Constabulary,-0.265229,51.938515,On or near THE PADDOCK,E01023614,North Hertfordshire 012D,Investigation complete; no suspect identified
530d052e713164d882d373dbcdea5bed703b0e53c9bc7931c25a2bf12ecbd6bd,2021-07,Hertfordshire Constabulary,Hertfordshire Constabulary,0.003985,51.770276,On or near PLUMPTON ROAD,E01023330,Broxbourne 002D,Investigation complete; no suspect identified
5c5544732918fef36f8df986e1feb302b589d43e797ed93d7e3aa7d3f1281e27,2021-07,Hertfordshire Constabulary,Hertfordshire Constabulary,-0.195977,51.912162,On or near LAWRENCE AVENUE,E01023778,Stevenage 002C,Investigation complete; no suspect identified
6c215a0d6ce9866dcef50a8d11d297eced2f25cab70711cdbf4a24222c4917ec,2021-07,Hertfordshire Constabulary,Hertfordshire Constabulary,-0.161458,51.889786,On or near KESTREL CLOSE,E01023750,Stevenage 009A,Investigation complete; no suspect identified
9f61f03f96a627cec93d0bef55e49c12c60d3e034b89b0f466a8fa3638ef164d,2021-07,Hertfordshire Constabulary,Hertfordshire Constabulary,-0.395073,51.627045,On or near MATLOCK CRESCENT,E01023844,Three Rivers 012D,Unable to prosecute suspect
5845bfdc326107327d7b8e8d1fd7201d7650c50ebc30ba55481a07abdbf71e57,2021-07,Hertfordshire Constabulary,Hertfordshire Constabulary,-0.216885,51.798274,On or near MEADOW GREEN,E01023918,Welwyn Hatfield 006C,Unable to prosecute suspect
528bbd1042edb5e7cde50dc2479ece5c085726803c05408091871c04f60c252c,2021-07,Hertfordshire Constabulary,Hertfordshire Constabulary,-0.036240,51.816239,On or near BERKELEY CLOSE,E01023517,East Hertfordshire 013E,Unable to prosecute suspect
af4df6a1a85577721c5be8238ec39495535e8f1939cda1567a7ef7a334f330f5,2021-07,Hertfordshire Constabulary,Hertfordshire Constabulary,-0.284169,51.964104,On or near Sports/Recreation Area,E01023604,North Hertfordshire 010D,Unable to prosecute suspect
1509de44bae5a03e86fe56cec59296314c6d2756f3017f5e658f942a5a681be1,2021-07,Hertfordshire Constabulary,Hertfordshire Constabulary,-0.032211,51.686494,On or near Supermarket,E01023337,Broxbourne 013B,Investigation complete; no suspect identified
3b0338d423b3304f62a3959811db933a037a0018cfb5175f15c181102aa8521f,2021-07,Hertfordshire Constabulary,Hertfordshire Constabulary,-0.094212,51.706940,On or near GREENWAYS,E01023313,Broxbourne 007C,Investigation complete; no suspect identified
132dab396dcb4e3ec61353c1756cbdfd6b3cf5700f166b2ca7f5f8455dde13ee,2021-07,Hertfordshire Constabulary,Hertfordshire Constabulary,-0.228835,51.763107,On or near Supermarket,E01023920,Welwyn Hatfield 012A,Offender given a caution
2e2c86612768f0a047abf974311b8f0544443b76faebe49fb80591baec5d3e2f,2021-07,Hertfordshire Constabulary,Hertfordshire Constabulary,-0.382785,51.645931,On or near ALDENHAM ROAD,E01023884,Watford 012C,Investigation complete; no suspect identified
afd2b955afda487c39a971a6dc625f0061542c8057d740b3cf99a506cd4bd783,2021-07,Hertfordshire Constabulary,Hertfordshire Constabulary,-0.194367,51.903721,On or near CROSSGATES,E01023758,Stevenage 008D,Unable to prosecute suspect
ded7bb87159705dfdcad08e74e2a7800c91ae2c1cb33a5694b7e2f23153d9ef4,2021-07,Hertfordshire Constabulary,Hertfordshire Constabulary,-0.228305,51.771102,On or near CHELWOOD AVENUE,E01023929,Welwyn Hatfield 010A,Unable to prosecute suspect
afc3ee0753e8e497adb076932ac29832aa9bf3bcabd1a104fb5b5f7ad745e0c0,2021-07,Hertfordshire Constabulary,Hertfordshire Constabulary,-0.186179,51.929788,On or near TEES CLOSE,E01023801,Stevenage 002F,Unable to prosecute suspect
977961a702f25ae1d54d4c25936db53e9cc4951ce1ac4bd5f8fea8fe041ba3b6,2021-07,Hertfordshire Constabulary,Hertfordshire Constabulary,-0.032804,51.696162,On or near DAIRYGLEN AVENUE,E01023333,Broxbourne 012B,Suspect charged
b3b937d82315633ef8d6bb6150dbbbbdc84013741b3eae93043d45e2c47337ec,2021-07,Hertfordshire Constabulary,Hertfordshire Constabulary,-0.348263,51.756205,On or near Petrol Station,E01023728,St Albans 012C,Investigation complete; no suspect identified
8588a78fe7fabd546987b004fe401c74fd92eaea81f0cab9adb54e752125d085,2021-07,Hertfordshire Constabulary,Hertfordshire Constabulary,-0.215849,51.925809,On or near Parking Area,E01023800,Stevenage 002E,Unable to prosecute suspect
89d93c301fb4f745927e04e5e6b661da5757337b9e26c6fbab14a189d0bdb0bb,2021-07,Hertfordshire Constabulary,Hertfordshire Constabulary,-0.399725,51.658248,On or near Nightclub,E01023861,Watford 009C,Suspect charged
b847dcb1452c8a0fdde37d2e67737207e900ef72eaa93b8381f5b09ae1d351d7,2021-07,Hertfordshire Constabulary,Hertfordshire Constabulary,-0.007447,51.761469,On or near Pedestrian Subway,E01023320,Broxbourne 003A,Investigation complete; no suspect identified
242096f5ee65e5ecf2c1c59c1fa8cbcc31d4d19364967d9f276b5df202c96814,2021-07,Hertfordshire Constabulary,Hertfordshire Constabulary,-0.469545,51.756336,On or near BROAD STREET,E01023400,Dacorum 015E,Investigation complete; no suspect identified
2a05445c4286d08de9ee88121b70e6bba9b9778cd06aecd0cb00d010c70948e0,2021-07,Hertfordshire Constabulary,Hertfordshire Constabulary,-0.215411,51.791526,On or near STANBOROUGH GREEN,E01023916,Welwyn Hatfield 006A,Investigation complete; no suspect identified
05ca5287f0f3f94775ea1c318ef2ce4d32855afa8ae341ec070471dbcde23d34,2021-07,Hertfordshire Constabulary,Hertfordshire Constabulary,-0.189514,51.804186,On or near BROWNFIELDS,E01023912,Welwyn Hatfield 004A,Investigation complete; no suspect identified
ebd8970f3d023e88d01b7c4eede1b967ebfb077faa027e9c5aa17a66b36b48a4,2021-07,Hertfordshire Constabulary,Hertfordshire Constabulary,-0.359816,51.728464,On or near WATFORD ROAD,E01023730,St Albans 020B,Investigation complete; no suspect identified
2f8272b539e50eb9dc5231954afcc53ac05b3001f7a9a6d62b5c36b8f8d6d326,2021-07,Hertfordshire Constabulary,Hertfordshire Constabulary,-0.563904,51.759693,On or near PRINCE EDWARD STREET,E01023365,Dacorum 014A,Unable to prosecute suspect
c07c04513565e49153ef32163053735895099240a88c7395296cbaaf60ce4916,2021-07,Hertfordshire Constabulary,Hertfordshire Constabulary,0.171900,51.867379,On or near WARWICK ROAD,E01023438,East Hertfordshire 005A,Investigation complete; no suspect identified
169e0996624b35f1138b9fe447f6be5c751b9f00e956af11f5c8024367332062,2021-07,Hertfordshire Constabulary,Hertfordshire Constabulary,-0.217965,51.769777,On or near BRANCH CLOSE,E01023930,Welwyn Hatfield 010B,Investigation complete; no suspect identified
f114b7c49332e0b3026206e15e48f03dbc3eeb80b4271b3c7182149bb6753270,2021-07,Hertfordshire Constabulary,Hertfordshire Constabulary,-0.184823,51.988619,On or near Sports/Recreation Area,E01023589,North Hertfordshire 004C,Unable to prosecute suspect
447fea706a6fd403e710b9d57848b5719917ca42f9720363020d40e3f9c43888,2021-07,Hertfordshire Constabulary,Hertfordshire Constabulary,-0.454834,51.752232,On or near WINDMILL ROAD,E01023350,Dacorum 015B,Suspect charged
4c5a589e7c2a02d52b3a5e161fb539aa57f6a3b2ca931c13b647b715ecefa336,2021-07,Hertfordshire Constabulary,Hertfordshire Constabulary,-0.189031,51.884234,On or near ROEBUCK GATE,E01023783,Stevenage 011A,Investigation complete; no suspect identified
1f6cab8e78ee2b156e76f4d20e2a2e90c624928446dd906ec6fbbd085751b583,2021-07,Hertfordshire Constabulary,Hertfordshire Constabulary,-0.274177,51.945705,On or near NURSERY HILL,E01023606,North Hertfordshire 013A,Local resolution
90adb4296cbaf7d1ca52cef7762e137c4dcd191d144bb3d2e6ad6859779f2bad,2021-07,Hertfordshire Constabulary,Hertfordshire Constabulary,-0.024069,51.709009,On or near FIELDINGS ROAD,E01023304,Broxbourne 008C,Investigation complete; no suspect identified
7bc7baac8dbd43ddb0cb69f9260c57c8abc9c596b0b54dfbb23fea599070830a,2021-07,Hertfordshire Constabulary,Hertfordshire Constabulary,0.131404,51.800416,On or near HAMPTON GARDENS,E01023500,East Hertfordshire 011B,Unable to prosecute suspect
09bcad6bd619fb7110d8d93b8fa16ab27d87fd6735e25baf1ed6a26608418e09,2021-07,Hertfordshire Constabulary,Hertfordshire Constabulary,-0.473364,51.744912,On or near TWO WATERS ROAD,E01023388,Dacorum 019C,Suspect charged
ebd6b6376c044c07efd2db16a92582adde4db5f0050a573f3aa6c4f98240f581,2021-07,Hertfordshire Constabulary,Hertfordshire Constabulary,-0.387511,51.682188,On or near CEZANNE ROAD,E01023875,Watford 003C,Investigation complete; no suspect identified
d3cc8eeafcc59137c59359a708836780315ac5572501dec1b8cf3dc0c5603c08,2021-07,Hertfordshire Constabulary,Hertfordshire Constabulary,-0.394657,51.653970,On or near ST. MARYS VIEW,E01023862,Watford 009D,Unable to prosecute suspect
9ddf6318b4d1ab90baca6018eec93d8e2c604a0ca4d18edeb672845539a5f437,2021-07,Hertfordshire Constabulary,Hertfordshire Constabulary,0.159879,51.870846,On or near Shopping Area,E01023449,East Hertfordshire 004A,Suspect charged as part of another case
37e48edf61e07271d1571e2e12b1e4db37d6a56ffc63577817023c4d6f9d7b41,2021-07,Hertfordshire Constabulary,Hertfordshire Constabulary,-0.043279,51.712307,On or near CHADWELL AVENUE,E01023310,Broxbourne 006D,Investigation complete; no suspect identified
60f7101867c9d4c5b399f204435880f77d0041681c58e7916892f5c6ec8daf17,2021-07,Hertfordshire Constabulary,Hertfordshire Constabulary,-0.397594,51.654298,On or near EXCHANGE ROAD,E01023862,Watford 009D,Investigation complete; no suspect identified
01071b7a5317892baa180dbedc23dcaba0b695daf7f83b55ac0dc069724ffc85,2021-07,Hertfordshire Constabulary,Hertfordshire Constabulary,-0.289799,51.961516,On or near MULBERRY WAY,E01023611,North Hertfordshire 012A,Investigation complete; no suspect identified
c376629c7fbb6000b7b9aa721ab25e20ebcf62a1115b1b12223d9bc5dbb4bbee,2021-07,Hertfordshire Constabulary,Hertfordshire Constabulary,-0.342604,51.761170,On or near WAVERLEY ROAD,E01023670,St Albans 009B,Unable to prosecute suspect
7980783572f99c19035084d3038888ea79a5167fc9432027bf653ee628c914c2,2021-07,Hertfordshire Constabulary,Hertfordshire Constabulary,-0.192512,51.697963,On or near Supermarket,E01023579,Hertsmere 001D,Investigation complete; no suspect identified
89e51d2fba2fa8d885d33473dfb9bac455a1b6ade2887881218d3e791c6170ee,2021-07,Hertfordshire Constabulary,Hertfordshire Constabulary,-0.373174,51.664501,On or near PINFOLD ROAD,E01023555,Hertsmere 008D,Investigation complete; no suspect identified
84fcee2583503a4ff578c1aa19a9d660f5a12b3562e4943a30ab48e92ff8c593,2021-07,Hertfordshire Constabulary,Hertfordshire Constabulary,-0.349176,51.757386,On or near WELLS CLOSE,E01023669,St Albans 009A,Investigation complete; no suspect identified
215a40192ff30230cabcb583ac7c345165c2bf4e0ab41abdb08347eb8ef44eab,2021-07,Hertfordshire Constabulary,Hertfordshire Constabulary,0.005400,51.788137,On or near Supermarket,E01023505,East Hertfordshire 018F,Suspect charged
f24d11fe7df1ec697e0797f52a30555369ece0b05cd7c8ba074c8360b0ca3c60,2021-07,Hertfordshire Constabulary,Hertfordshire Constabulary,0.160339,51.870451,On or near Shopping Area,E01023449,East Hertfordshire 004A,Unable to prosecute suspect
0bbd098f99418b9dd0e89a877d6e2bdb292ec2cad4e682866b966909f42781d1,2021-07,Hertfordshire Constabulary,Hertfordshire Constabulary,-0.198963,51.841495,On or near OAKLEA,E01023966,Welwyn Hatfield 001B,Unable to prosecute suspect
d199b3d7c016a331b21b91409c2a554ca51c746af1bdcbdf62854883e693a6be,2021-07,Hertfordshire Constabulary,Hertfordshire Constabulary,-0.303082,51.705664,On or near Sports/Recreation Area,E01023720,St Albans 019C,Investigation complete; no suspect identified
df1711d99012894b353fc33d54c981aacee84e4e2b2c4c193c35d6b6e01dbb43,2021-07,Hertfordshire Constabulary,Hertfordshire Constabulary,-0.417498,51.644830,On or near TOLPITS LANE,E01023864,Watford 011B,Suspect charged
aaa143937f64303448e299b85b863402539fe41b3816042775bfeba03e329cf7,2021-07,Hertfordshire Constabulary,Hertfordshire Constabulary,-0.397609,51.668245,On or near Supermarket,E01023855,Watford 006A,Investigation complete; no suspect identified
9ef21a25a01afacec8ee3137f0e9d8c173e5677777dfe55224b2181eed84fb15,2021-07,Hertfordshire Constabulary,Hertfordshire Constabulary,-0.211912,51.924230,On or near Hospital,E01023800,Stevenage 002E,Unable to prosecute suspect
949b2cb8b566cf531abc1ad049473d9a51176dc43ae748318def3f65d42ffbd8,2021-07,Hertfordshire Constabulary,Hertfordshire Constabulary,-0.212698,51.910682,On or near JONES CLOSE,E01023776,Stevenage 002A,Investigation complete; no suspect identified
d07981d60097f0744137e441d40ba862de3da6ef69632ef1a906d01a23ebb320,2021-07,Hertfordshire Constabulary,Hertfordshire Constabulary,-0.448631,51.643528,On or near FRANKLAND CLOSE,E01023826,Three Rivers 006F,Investigation complete; no suspect identified
643911f7ebf48f961682208cd3857f9b59be63be094517acadc84201ea694656,2021-07,Hertfordshire Constabulary,Hertfordshire Constabulary,-0.215849,51.925809,On or near Parking Area,E01023800,Stevenage 002E,Unable to prosecute suspect
c4f8741ae8dad4a7fb816a330ba57169ed8f5925fc88c46c6fa591fb3f315352,2021-07,Hertfordshire Constabulary,Hertfordshire Constabulary,-0.282697,51.668024,On or near Supermarket,E01023536,Hertsmere 006C,Investigation complete; no suspect identified
574dcdbf7217a2e84951f7ee294120bcc8bb261b5fc95134b2259488720422da,2021-07,Hertfordshire Constabulary,Hertfordshire Constabulary,-0.432334,51.745550,On or near MISSDEN DRIVE,E01023410,Dacorum 017B,Suspect charged
c6aa58997e887c61293ce798200aa5344a963b0ec9bcdb60e4b81b73130fddcc,2021-07,Hertfordshire Constabulary,Hertfordshire Constabulary,-0.396503,51.669246,On or near HATFIELD ROAD,E01023855,Watford 006A,Unable to prosecute suspect
58e7dc0ca17361aaf8c69c7b5c85fdc17e633db9849bcac243fe70622f86e388,2021-07,Hertfordshire Constabulary,Hertfordshire Constabulary,-0.021749,51.753545,On or near SHEREDES DRIVE,E01023321,Broxbourne 003B,Investigation complete; no suspect identified
fcce477aa62a006672bc307e4f251bd874e1d5ef6b45c0e25d7b030082094eaa,2021-07,Hertfordshire Constabulary,Hertfordshire Constabulary,-0.196181,51.823936,On or near HAZEL CLOSE,E01023971,Welwyn Hatfield 001D,Investigation complete; no suspect identified
df914468475b0822dc5fdf67c2d56cdca57091c5bc77d4e78c1cb4ea33c5f200,2021-07,Hertfordshire Constabulary,Hertfordshire Constabulary,-0.006711,51.764046,On or near LINTONS CLOSE,E01023323,Broxbourne 003D,Unable to prosecute suspect
05ea47757ee7ad625e61bb8ac623de95362466b928569fe97c9daaccc9cd4090,2021-07,Hertfordshire Constabulary,Hertfordshire Constabulary,-0.337202,51.754385,On or near Parking Area,E01023727,St Albans 012B,Investigation complete; no suspect identified
1c3c9c6db246d15edd03442d4173e5e8957546395b73e1ed656a84a05ae9ca4b,2021-07,Hertfordshire Constabulary,Hertfordshire Constabulary,0.161233,51.868484,On or near RIVERSIDE WALK,E01023450,East Hertfordshire 004B,Suspect charged
29dd915511a2b9647f968809316240414bac471e2615773dd001d937875fd158,2021-07,Hertfordshire Constabulary,Hertfordshire Constabulary,-0.499792,51.747734,On or near PIXIES HILL CRESCENT,E01023384,Dacorum 016B,Unable to prosecute suspect
4330f984c22b5db104382eed0b60c105980ca4b851bfb3d09503ad0297bcfd64,2021-07,Hertfordshire Constabulary,Hertfordshire Constabulary,-0.255373,51.644107,On or near Shopping Area,E01023543,Hertsmere 011E,Unable to prosecute suspect
0c2914f14015b9db75ef40a0f4337081fa75d510a9afd5ad2a6eaba360800e14,2021-07,Hertfordshire Constabulary,Hertfordshire Constabulary,-0.169333,51.881960,On or near THE OUNDLE,E01023766,Stevenage 012D,Unable to prosecute suspect
dd35b3187d29889c995e5d5b3684a97afff48b6ecd2ac80c67f8153accc0c2e9,2021-07,Hertfordshire Constabulary,Hertfordshire Constabulary,0.175179,51.885375,On or near Petrol Station,E01023450,East Hertfordshire 004B,Investigation complete; no suspect identified
8705c67c854032bf6a8898bc4f170369da573c4118e643603e4ebfee9f8d1b70,2021-07,Hertfordshire Constabulary,Hertfordshire Constabulary,-0.256162,51.640872,On or near BARNET WAY (BARNET BY-PASS),E01000290,Barnet 007F,Suspect charged
fa50495310d050ac214c04b010710b7e8deae21d97db4bba7942b544086e9e51,2021-07,Hertfordshire Constabulary,Hertfordshire Constabulary,-0.197102,51.914571,On or near ELLIS AVENUE,E01023778,Stevenage 002C,Unable to prosecute suspect
f50011efc6125ba8dcfef261a031321146e660445eb7db25d18e2acc75084b3b,2021-07,Hertfordshire Constabulary,Hertfordshire Constabulary,-0.207616,51.904661,On or near Pedestrian Subway,E01023775,Stevenage 006A,Unable to prosecute suspect
6bbfd40e847275eecfe6cfd43aea136e125e5c731aea90a850d1c789c79bef6a,2021-07,Hertfordshire Constabulary,Hertfordshire Constabulary,0.166122,51.867153,On or near LONDON ROAD,E01023441,East Hertfordshire 005D,Investigation complete; no suspect identified
773ca89b6d6c1b147a959b5ef63ec8619fd4c29259f9874c0a2c92f8bce16082,2021-07,Hertfordshire Constabulary,Hertfordshire Constabulary,-0.265167,51.953719,On or near A505,E01023602,North Hertfordshire 010B,Investigation complete; no suspect identified
77b5465d4406ddea6bf83ac3cc463ec0f73b50f340569eb3c8985fb5c278fbbb,2021-07,Hertfordshire Constabulary,Hertfordshire Constabulary,-0.225427,51.687369,On or near BIGNELLS CORNER,E01023584,Hertsmere 004D,Investigation complete; no suspect identified
545e198be2ad4451a968e3dfff9e5fed8867b516d0c2ddf3b5b3f23bd728e012,2021-07,Hertfordshire Constabulary,Hertfordshire Constabulary,-0.195991,51.698161,On or near LAUREL AVENUE,E01023579,Hertsmere 001D,Unable to prosecute suspect
7a5422121d6d666d5a7ebf1e94b98371fc38955fab5560f94d87b6816c5d5ff8,2021-07,Hertfordshire Constabulary,Hertfordshire Constabulary,-0.215849,51.925809,On or near Parking Area,E01023800,Stevenage 002E,Unable to prosecute suspect
25dd238d32e86afada78224dd5fb42d3cc0bf6165e6ede8813154f25eb61e4d2,2021-07,Hertfordshire Constabulary,Hertfordshire Constabulary,-0.379980,51.687318,On or near AMWELL CLOSE,E01023873,Watford 003A,Unable to prosecute suspect
b6e27ebc28ae481200f91cd43f208fd8d485c37c929b0157b583ee3e7a02408f,2021-07,Hertfordshire Constabulary,Hertfordshire Constabulary,-0.451610,51.756676,On or near Petrol Station,E01023348,Dacorum 013D,Unable to prosecute suspect
0fa7cc618d0a7f28a89bc6fe544f9c1d6e33a220bb46b8fc116ae34fe541ef2e,2021-07,Hertfordshire Constabulary,Hertfordshire Constabulary,-0.199473,51.914176,On or near PRYOR COURT,E01023778,Stevenage 002C,Investigation complete; no suspect identified
010741a4945d51e69d831b54c9ed24cda135f78a2e8001e958aa7aa5c2530fb2,2021-07,Hertfordshire Constabulary,Hertfordshire Constabulary,-0.664120,51.798793,On or near BETTY'S LANE,E01023418,Dacorum 003A,Unable to prosecute suspect
3a976fd790dfefdb458df81302f9eb551900babbc8af0324d73c90a174f8db0a,2021-07,Hertfordshire Constabulary,Hertfordshire Constabulary,-0.303082,51.705664,On or near Sports/Recreation Area,E01023720,St Albans 019C,Unable to prosecute suspect
c76730264c7d7a2df2483e0c628429a6dce479b43e414f70ae9bfdd8d7113daf,2021-07,Hertfordshire Constabulary,Hertfordshire Constabulary,-0.182950,51.918265,On or near Pedestrian Subway,E01023774,Stevenage 003D,Suspect charged
228352f94481e8487f330f6f402c7580a0d3de767c6bbe14b1cee7acced32c02,2021-07,Hertfordshire Constabulary,Hertfordshire Constabulary,-0.191071,51.869978,On or near DEARD'S END LANE,E01023629,North Hertfordshire 015F,Investigation complete; no suspect identified
1643db31fbb7d2dbed9ab80c275469bbbd1898cd4599e85a5b4bd3749c054944,2021-07,Hertfordshire Constabulary,Hertfordshire Constabulary,-0.275365,51.958716,On or near STRATHMORE AVENUE,E01023604,North Hertfordshire 010D,Unable to prosecute suspect
22d9beb8e9cab1d66f34d303131fe078cf98915895d21f25af2575cf404d1104,2021-07,Hertfordshire Constabulary,Hertfordshire Constabulary,-0.283615,51.667453,On or near BALDOCK WAY,E01023536,Hertsmere 006C,Suspect charged
7b8c5cd1b6ada99bf29abcd473283063c02e20b669b0c778dd331126c3ea0b49,2021-07,Hertfordshire Constabulary,Hertfordshire Constabulary,-0.469545,51.756336,On or near BROAD STREET,E01023400,Dacorum 015E,Unable to prosecute suspect
8aa424d4317d00dfca402b3bf18c8655164e69fd5080ef4452ca72c590623910,2021-07,Hertfordshire Constabulary,Hertfordshire Constabulary,-0.210614,51.976228,On or near Petrol Station,E01023643,North Hertfordshire 009E,Investigation complete; no suspect identified
1e22ffb6995f59491e3da85eb2d257f04d6b9b5207dacb377551a8bfd8fb9b93,2021-07,Hertfordshire Constabulary,Hertfordshire Constabulary,-0.340887,51.638728,On or near HOLLYGROVE,E01023548,Hertsmere 013A,Investigation complete; no suspect identified
e5ba7cfc81412522d08929cc0a855afec79b835a1c02cf4dc8f521a593dfcee8,2021-07,Hertfordshire Constabulary,Hertfordshire Constabulary,-0.399166,51.670820,On or near REGENT STREET,E01023856,Watford 006B,Unable to prosecute suspect
4af2da5beb8f6dbb95bb0d6463b22107edf35308b73ce0411527b28dc8868cda,2021-07,Hertfordshire Constabulary,Hertfordshire Constabulary,-0.215411,51.791526,On or near STANBOROUGH GREEN,E01023916,Welwyn Hatfield 006A,Investigation complete; no suspect identified
e13e9a9a45e30a4e01f20251915cddb7e2d19dfbf40f8ade6b186c3333e9fb95,2021-07,Hertfordshire Constabulary,Hertfordshire Constabulary,0.174521,51.863302,On or near DIMSDALE CRESCENT,E01023442,East Hertfordshire 005E,Investigation complete; no suspect identified
1706dddf33ee3dbcc4bfb022f70c9aa7446dd45c6b431fdf5d8b9845e555cfa1,2021-07,Hertfordshire Constabulary,Hertfordshire Constabulary,-0.121846,51.694256,On or near CATTLEGATE ROAD,E01023947,Welwyn Hatfield 016A,Unable to prosecute suspect
9aa49133528e87d6f11b6c142a5213fe56bba11f1bab1e676bebc1c521c75f89,2021-07,Hertfordshire Constabulary,Hertfordshire Constabulary,-0.040375,51.710155,On or near Petrol Station,E01023303,Broxbourne 008B,Investigation complete; no suspect identified
4e10810f7d8c684f4d92ea7759c57696b656fc2da5e6842c2ef88b97dec36b8f,2021-07,Hertfordshire Constabulary,Hertfordshire Constabulary,0.138951,51.804802,On or near Parking Area,E01023500,East Hertfordshire 011B,Suspect charged
fdb451fa2a2260208042eaeb7e01f475528fb54c66cf218e180a9488ada4c713,2021-07,Hertfordshire Constabulary,Hertfordshire Constabulary,-0.110608,51.708032,On or near STATION ROAD,E01023947,Welwyn Hatfield 016A,Unable to prosecute suspect
7bed3523caa91d241f286974c7e8373ce85b25c4edf7fd06901cdc2e40940d44,2021-07,Hertfordshire Constabulary,Hertfordshire Constabulary,-0.313603,51.749265,On or near ROLAND STREET,E01023666,St Albans 011A,Investigation complete; no suspect identified
6cb8b9444855b10d33dcd9d819370edb088b292e824adb2249bc564b58aef22d,2021-07,Hertfordshire Constabulary,Hertfordshire Constabulary,-0.515849,51.651114,On or near CHORLEYWOOD BOTTOM,E01023817,Three Rivers 005C,Unable to prosecute suspect
a9e6fd3cc619334be7eb1b0e0df9f064b05f4cc47d3ea739ac8be976b6c42c3b,2021-07,Hertfordshire Constabulary,Hertfordshire Constabulary,-0.232845,51.763221,On or near Parking Area,E01023921,Welwyn Hatfield 012B,Investigation complete; no suspect identified
455b5b514bc0c6c78b3ee98c5af8c40910f098940270f2a1d29f523678681805,2021-07,Hertfordshire Constabulary,Hertfordshire Constabulary,-0.207334,51.908820,On or near IRETON COURT,E01023775,Stevenage 006A,Unable to prosecute suspect
c547d2e703a9f13c2ed27cbdba762f9f833d5365d2d5362ca044a7bbb3aca68c,2021-07,Hertfordshire Constabulary,Hertfordshire Constabulary,-0.239115,51.762227,On or near Parking Area,E01023921,Welwyn Hatfield 012B,Investigation complete; no suspect identified
e1302f720c0beb765f8181aed3aeca20ab336f803413346f4dc43417faabe497,2021-07,Hertfordshire Constabulary,Hertfordshire Constabulary,-0.188783,51.917851,On or near Pedestrian Subway,E01023772,Stevenage 003B,Unable to prosecute suspect
d31e0e39aa3d031c3f6b09c9154fff355f27ee6c5b7a600c00d72a58db3efe19,2021-07,Hertfordshire Constabulary,Hertfordshire Constabulary,-0.212948,51.967334,On or near BLACKMORE,E01023642,North Hertfordshire 009D,Unable to prosecute suspect
5d33db42a87de6862a6a10df550622a5ef713e22c1681985b4e1b64fd2048f91,2021-07,Hertfordshire Constabulary,Hertfordshire Constabulary,-0.029253,51.724266,On or near YUKON ROAD,E01023342,Broxbourne 005C,Unable to prosecute suspect
c5e3ea9e635c1702cd4f6161a599cb151151957eeb550ea54f5f3104e6cbce67,2021-07,Hertfordshire Constabulary,Hertfordshire Constabulary,-0.504964,51.749032,On or near HUNTSMILL ROAD,E01023383,Dacorum 016A,Suspect charged
0a0c52b0af7631856766a150b362ea79efbb0918e6a6073fc651f9081ce257da,2021-07,Hertfordshire Constabulary,Hertfordshire Constabulary,-0.347304,51.807454,On or near HEATH CLOSE,E01023701,St Albans 003C,Investigation complete; no suspect identified
d06d48647afeaa9b7a198190bf6ab5642ba5b1498610263cfdecb128ba866979,2021-07,Hertfordshire Constabulary,Hertfordshire Constabulary,-0.461861,51.733432,On or near STATIONERS PLACE,E01033022,Dacorum 018G,Unable to prosecute suspect
4f547aa7a1c41b1ab1d23df0f3de2011c8f952ee9f3e278cefb03ba68d90f600,2021-07,Hertfordshire Constabulary,Hertfordshire Constabulary,-0.397992,51.676226,On or near FULLER ROAD,E01023857,Watford 006C,Investigation complete; no suspect identified
23f297521654d0814931e0c236cc09e34505827e49817be9bbe49d2efa062340,2021-07,Hertfordshire Constabulary,Hertfordshire Constabulary,-0.468815,51.746624,On or near SIMMONDS RISE,E01023388,Dacorum 019C,Suspect charged
b38693dbc5f586cd809f5440da6c8f5bb55fecb7d0f562d171d593c8616c96a1,2021-07,Hertfordshire Constabulary,Hertfordshire Constabulary,-0.188595,51.787294,On or near Sports/Recreation Area,E01023939,Welwyn Hatfield 009A,Suspect charged
49976615b6dd43b27db3b9e20e92574f9e879ff0c26db0bb43f1e27f0ac6eec3,2021-07,Hertfordshire Constabulary,Hertfordshire Constabulary,-0.319274,51.684667,On or near ALDENHAM ROAD,E01023525,Hertsmere 005C,Suspect charged
f48eeb77521267692e79a3f4d29562234240f1691ae25f362045618284dbb6a6,2021-07,Hertfordshire Constabulary,Hertfordshire Constabulary,-0.340976,51.734818,On or near ASHDALES,E01023739,St Albans 017C,Suspect charged
a59aef89eaf93e11eb8b2b85391ab52fa4a2a1f74792a26a622aee2177ba8b67,2021-07,Hertfordshire Constabulary,Hertfordshire Constabulary,-0.252910,51.958672,On or near CAMBRIDGE ROAD,E01023618,North Hertfordshire 011B,Investigation complete; no suspect identified
efadc8ac6c5a4e6f2e9ed01a5151184726269f595b538118f5ed31fb31a2c3f5,2021-07,Hertfordshire Constabulary,Hertfordshire Constabulary,-0.483060,51.754695,On or near PINEWOOD GARDENS,E01023380,Dacorum 018D,Investigation complete; no suspect identified
7a23193607c736f2c7d4ed1cc222cd6d8951fa7378a448244831fe6a68b73973,2021-07,Hertfordshire Constabulary,Hertfordshire Constabulary,-0.360029,51.746568,On or near Supermarket,E01023742,St Albans 014A,Investigation complete; no suspect identified
52e6a741373573f02a01ea8ea7f125752e5849e71a0e3b88157a9037fa21929b,2021-07,Hertfordshire Constabulary,Hertfordshire Constabulary,-0.336038,51.756113,On or near ST PETER'S CLOSE,E01023728,St Albans 012C,Suspect charged
00ea1e1a656277045d8ac47821ebaa2402c035303271524fd4122e49fd06f154,2021-07,Hertfordshire Constabulary,Hertfordshire Constabulary,-0.041534,51.805915,On or near WARE ROAD,E01023510,East Hertfordshire 013A,Unable to prosecute suspect
1e93db2e1f022f017676fee252767550c57a328b521b2b63a7c3ead3244631be,2021-07,Hertfordshire Constabulary,Hertfordshire Constabulary,-0.356787,51.814735,On or near LEYTON GREEN,E01023701,St Albans 003C,Local resolution
abc3a641a626aefb018375a4652fdaf1e1b34a7dfaded2eb7ec06fb39e42f071,2021-07,Hertfordshire Constabulary,Hertfordshire Constabulary,-0.440742,51.776072,On or near ARKLEY ROAD,E01023434,Dacorum 005A,Unable to prosecute suspect
c3dfb8b5988a1c1ade47824a3476a7e61b9227c1fa51feb529d04c359916c4b4,2021-07,Hertfordshire Constabulary,Hertfordshire Constabulary,-0.431999,51.748549,On or near LEASIDE,E01023410,Dacorum 017B,Suspect charged
853d5b1b632f9bee22b8ea0bdabca12334ffca11399ec4a69148f8eeb43b692c,2021-07,Hertfordshire Constabulary,Hertfordshire Constabulary,-0.398009,51.656903,On or near Shopping Area,E01023861,Watford 009C,Suspect charged
8b40ef88efa2c2b8c54883fc398d177bb467dc2c08cbd8455438db6c1cb0e37b,2021-07,Hertfordshire Constabulary,Hertfordshire Constabulary,-0.199558,51.896778,On or near Further/Higher Educational Building,E01023786,Stevenage 011D,Investigation complete; no suspect identified
2c46421f0eb5e1f4df37aa9a56be86fe19f09c540dea3bd78a926d859c467867,2021-07,Hertfordshire Constabulary,Hertfordshire Constabulary,-0.399926,51.657468,On or near Nightclub,E01023861,Watford 009C,Unable to prosecute suspect
c573ca16a68e343c34acae2cec911b63f7b1dddd53997d2f369811e35ec0151d,2021-07,Hertfordshire Constabulary,Hertfordshire Constabulary,-0.023850,52.047659,On or near KING STREET,E01023660,North Hertfordshire 001A,Investigation complete; no suspect identified
7f6790689196e7cf8680fb31329f90e6574c4417ab8082aea184cf6a7e606ed4,2021-07,Hertfordshire Constabulary,Hertfordshire Constabulary,-0.370703,51.819074,On or near CLAYGATE AVENUE,E01023700,St Albans 003B,Unable to prosecute suspect
9ac2f4d806d150dd67f2f0bb5cffef9ba4a75db24e7cfea7d11fbaf4b24124c4,2021-07,Hertfordshire Constabulary,Hertfordshire Constabulary,-0.401270,51.673915,On or near BREAKSPEARE CLOSE,E01023857,Watford 006C,Investigation complete; no suspect identified
4980b56f3fc7c2213ecc1c479ed56fba7f34b0b8803097cd0ee3a401c642f42d,2021-07,Hertfordshire Constabulary,Hertfordshire Constabulary,-0.482098,51.755294,On or near LOCKERS PARK LANE,E01023380,Dacorum 018D,Unable to prosecute suspect
9508075c5268e55aa81df5cc2f53336125a984500a66ef8509ee85a846185cf9,2021-07,Hertfordshire Constabulary,Hertfordshire Constabulary,-0.017416,51.816049,On or near PARNEL ROAD,E01023518,East Hertfordshire 012D,Unable to prosecute suspect
61ba38366c97d79caf4c2aafbf36da117c7d4ea1981e4bd0cc743c59567d835d,2021-07,Hertfordshire Constabulary,Hertfordshire Constabulary,-0.471010,51.749413,On or near WOLSEY ROAD,E01023398,Dacorum 015D,Investigation complete; no suspect identified
c598426d147877e145c849980225692d8a1405bc514af7ab43c53053efac34e9,2021-07,Hertfordshire Constabulary,Hertfordshire Constabulary,-0.491838,51.758224,On or near QUARTERMASS CLOSE,E01023429,Dacorum 011D,Unable to prosecute suspect
199cc2d931bffa19751e243f8a76616022dac9c35aa41f4768b5252f4000dfae,2021-07,Hertfordshire Constabulary,Hertfordshire Constabulary,-0.398844,51.665618,On or near Pedestrian Subway,E01023861,Watford 009C,Unable to prosecute suspect
acad3e7f71044c3dbbcb9e5ae6d63ae7906acc84762c9a56dcc939705c106d3d,2021-07,Hertfordshire Constabulary,Hertfordshire Constabulary,-0.026740,51.720133,On or near BRICKCROFT,E01023344,Broxbourne 005E,Unable to prosecute suspect
3aa80e9bf123425e85886db4073c8f2dfface61affda1e69acf2988d35866077,2021-07,Hertfordshire Constabulary,Hertfordshire Constabulary,-0.310027,51.687861,On or near WATERSIDE,E01023523,Hertsmere 005A,Investigation complete; no suspect identified
a70f1fa68653697f6b5ad84b5d21ff46024e6b0e76a4f4f0a0191c58512ab56f,2021-07,Hertfordshire Constabulary,Hertfordshire Constabulary,-0.033951,51.698744,On or near KELMAN CLOSE,E01023300,Broxbourne 010D,Investigation complete; no suspect identified
1d53114a7cf73a1f62911c782c76d034a709959e286996e19b62387d19bda1be,2021-07,Hertfordshire Constabulary,Hertfordshire Constabulary,-0.199926,51.891209,On or near Park/Open Space,E01023786,Stevenage 011D,Investigation complete; no suspect identified
ccd0197ea1b3446b9eadc871c5d6a36b695b05594d980cebe1736e95cbdd2fb9,2021-07,Hertfordshire Constabulary,Hertfordshire Constabulary,-0.239351,51.971517,On or near Sports/Recreation Area,E01023645,North Hertfordshire 008B,Unable to prosecute suspect
57426c141532c3304010da26ae4172afa5ce10bbdc8ef5c1a04532444389996a,2021-07,Hertfordshire Constabulary,Hertfordshire Constabulary,-0.035960,51.719514,On or near FAIRWAYS,E01023305,Broxbourne 008D,Investigation complete; no suspect identified
3a2b06539d00b83d972645e307f69225d948128c44e0c030922eff1a688a3e96,2021-07,Hertfordshire Constabulary,Hertfordshire Constabulary,-0.374525,51.649377,On or near GRANGE ROAD,E01023559,Hertsmere 012B,Suspect charged
cd805983d5fa124949fbff59dbba8dbc44ffafe3bcfa420e6667648fdf1b99b2,2021-07,Hertfordshire Constabulary,Hertfordshire Constabulary,-0.368978,51.664164,On or near HEATHER RISE,E01023555,Hertsmere 008D,Unable to prosecute suspect
abec4e0ad290ef4ab7c4113f619de2e6e92f187f4f7c450cdad56973c93372ea,2021-07,Hertfordshire Constabulary,Hertfordshire Constabulary,-0.243217,51.976907,On or near MARTIN WAY,E01023650,North Hertfordshire 007B,Suspect charged
882025ee500d45306735b9876c39a1d76d7ffc4af820f7975587f73440582940,2021-07,Hertfordshire Constabulary,Hertfordshire Constabulary,-0.020607,51.948036,On or near Supermarket,E01023466,East Hertfordshire 001D,Suspect charged
3bf0f0ad00b1110d70b8a8d93186d914baf45c22e56f5e599fd0b85e83a88918,2021-07,Hertfordshire Constabulary,Hertfordshire Constabulary,-0.202042,51.792617,On or near BEECHFIELD ROAD,E01023940,Welwyn Hatfield 009B,Unable to prosecute suspect
e915dbc4a73de58ba1e2d90e3a31fabec67703156a6efe28ce52e14703dd3d6c,2021-07,Hertfordshire Constabulary,Hertfordshire Constabulary,-0.353448,51.715607,On or near APPLECROFT,E01023721,St Albans 019D,Unable to prosecute suspect
2c3e68853c0d403ad444ce9b9ee9bcc7edecf7ca93d43225e7c3984767fa51f5,2021-07,Hertfordshire Constabulary,Hertfordshire Constabulary,-0.170901,51.801039,On or near THE MEADOW,E01023951,Welwyn Hatfield 005B,Unable to prosecute suspect
bd976bb2ba660f419de9cd4b24cf5e66d833f3032e9034624f3951c7d5c2e194,2021-07,Hertfordshire Constabulary,Hertfordshire Constabulary,-0.349176,51.757386,On or near WELLS CLOSE,E01023669,St Albans 009A,Suspect charged
46bb0c40732257dd5eec33b58b1637c1efa2c394de662ed790fc09e8a11daecb,2021-07,Hertfordshire Constabulary,Hertfordshire Constabulary,-0.198592,51.892951,On or near Shopping Area,E01023786,Stevenage 011D,Investigation complete; no suspect identified
0c29dc39a677142822d7bc47113cf4630edf839770b8761ce759b30352307878,2021-07,Hertfordshire Constabulary,Hertfordshire Constabulary,-0.472476,51.733427,On or near HIGH RIDGE CLOSE,E01023354,Dacorum 018B,Investigation complete; no suspect identified
8b89fb6968359e334f1356af4cce1c1cefc0fda35b5f7a1b1af99d678720fe3f,2021-07,Hertfordshire Constabulary,Hertfordshire Constabulary,-0.342184,51.757603,On or near FOLLY AVENUE,E01023670,St Albans 009B,Investigation complete; no suspect identified
880e554fa3fb424aa60e7b47b594d05028092b8d3eef7d5c64cda21cfe0bba24,2021-07,Hertfordshire Constabulary,Hertfordshire Constabulary,-0.129789,51.915418,On or near THE MALTINGS,E01023509,East Hertfordshire 002E,Unable to prosecute suspect
c8e1e762b4a1e4cbe24ea0ca812e3ad95171aab4e5dd7fe95668fd924c489165,2021-07,Hertfordshire Constabulary,Hertfordshire Constabulary,-0.015184,51.760853,On or near NORRIS ROAD,E01023320,Broxbourne 003A,Local resolution
479e89075ccfba9ee86011ebb550c5d133723282eec00fb403326dd5fb946944,2021-07,Hertfordshire Constabulary,Hertfordshire Constabulary,-0.668468,51.792979,On or near GOLDFIELD ROAD,E01023425,Dacorum 002C,Offender given a caution
c112559846835233fbc000b03966d9982178f59c2d1e10efa5d152a023fcca6d,2021-07,Hertfordshire Constabulary,Hertfordshire Constabulary,-0.279664,51.656829,On or near Shopping Area,E01023532,Hertsmere 007D,Investigation complete; no suspect identified
3321c1af30fd10f950c32164d2305180adfe1c575ef3aa7d25a31d49dcd13858,2021-07,Hertfordshire Constabulary,Hertfordshire Constabulary,-0.337328,51.753722,On or near ST PETER'S STREET,E01023727,St Albans 012B,Unable to prosecute suspect
8e600bf3c498edda0b4d8f003aa94f7baffb4ba93fe86b6b20dc0db9c3eb7715,2021-07,Hertfordshire Constabulary,Hertfordshire Constabulary,-0.363483,51.721151,On or near Petrol Station,E01023731,St Albans 020C,Unable to prosecute suspect
f1454e699ad385324e41d2586197f764a13bd7af3a66547eb3e13564b73fda4e,2021-07,Hertfordshire Constabulary,Hertfordshire Constabulary,-0.402360,51.659372,On or near RICKMANSWORTH ROAD,E01023861,Watford 009C,Suspect charged
6e0d8e5f0a07da14e18f706dbb3d7166259e33568e0ab7422209019bc96727ed,2021-07,Hertfordshire Constabulary,Hertfordshire Constabulary,0.156109,51.876770,On or near BARRELLS DOWN ROAD,E01023449,East Hertfordshire 004A,Suspect charged
31335cc04af41e476db73235a4f1cc64fb4bb1714cb6e3e7043deeef19128e75,2021-07,Hertfordshire Constabulary,Hertfordshire Constabulary,0.000786,51.773648,On or near CASTLE CLOSE,E01023330,Broxbourne 002D,Unable to prosecute suspect
7452836f8f97b794f03a572c7f0e8adc5393560787858a5e5e24c97dc6c0cae8,2021-07,Hertfordshire Constabulary,Hertfordshire Constabulary,-0.277322,51.949060,On or near Shopping Area,E01023616,North Hertfordshire 012F,Suspect charged
5e3e193e6e4423b8c2299f9edeaa472224ec661a7a02b907357981d8e5d91a95,2021-07,Hertfordshire Constabulary,Hertfordshire Constabulary,-0.212087,51.912507,On or near ORCHARD CRESCENT,E01023776,Stevenage 002A,Unable to prosecute suspect
11bc1b3622fc4bb5c9289debbf8f3cb270ec037ea8f2b2ecbc721e90b1fbe86d,2021-07,Hertfordshire Constabulary,Hertfordshire Constabulary,-0.057700,51.699031,On or near WARRENFIELD CLOSE,E01023293,Broxbourne 011A,Unable to prosecute suspect
726aa30e89b1a30238f6f1d80272470f75a80a439edcf0796508258b6ed19070,2021-07,Hertfordshire Constabulary,Hertfordshire Constabulary,-0.314909,51.769444,On or near SLIMMONS DRIVE,E01023709,St Albans 008A,Unable to prosecute suspect
bd9420c011254d5ffed7e6d2e93a46b8cc4b034fb890f49c07020a0320c3ebc9,2021-07,Hertfordshire Constabulary,Hertfordshire Constabulary,-0.211231,51.986335,On or near Sports/Recreation Area,E01023633,North Hertfordshire 006D,Unable to prosecute suspect
cebccca26120e693b107f609549e21d395ad2db34cc55071eb6f537fe4ae9933,2021-07,Hertfordshire Constabulary,Hertfordshire Constabulary,-0.169463,51.908444,On or near Parking Area,E01023759,Stevenage 007A,Investigation complete; no suspect identified
71ea14a168e33470beb1452a8a28dbf9bfb4b2b285c3a43f2543a268f01e86cb,2021-07,Hertfordshire Constabulary,Hertfordshire Constabulary,-0.376417,51.662757,On or near SYCAMORE CLOSE,E01023552,Hertsmere 008A,Investigation complete; no suspect identified
1bc6912caca4b8d5a86a86be2b262a09cf7d38290d6e568ceca50b66d7b5e797,2021-07,Hertfordshire Constabulary,Hertfordshire Constabulary,-0.008556,52.050503,On or near NEWMAN AVENUE,E01023658,North Hertfordshire 002E,Investigation complete; no suspect identified
227f242f0c0b7f3ea98789b832af5fc70e39aac61d6f6cc9266d614b95b7d086,2021-07,Hertfordshire Constabulary,Hertfordshire Constabulary,-0.563904,51.759693,On or near PRINCE EDWARD STREET,E01023365,Dacorum 014A,Unable to prosecute suspect
fc9141a48daf7b5678cfb0f25814b9bfe7b08ba10036967b8a6b6e147f57ed0d,2021-07,Hertfordshire Constabulary,Hertfordshire Constabulary,-0.384466,51.616550,On or near WENTWORTH DRIVE,E01023805,Three Rivers 010A,Unable to prosecute suspect
9bb132496d1cdb8cb87bb51e0fd963176b894d8d452dc35b009399065c8b06fe,2021-07,Hertfordshire Constabulary,Hertfordshire Constabulary,-0.462120,51.747148,On or near PINEWOOD GARDENS,E01023387,Dacorum 019B,Suspect charged
0bb92eb45bbf024c578fbec8c320d66bbd46abdb25c1b47ecb4e62b76e5ba76b,2021-07,Hertfordshire Constabulary,Hertfordshire Constabulary,-0.399932,51.692600,On or near SPRINGFIELD ROAD,E01023906,Watford 001C,Investigation complete; no suspect identified
a57d5d95bf93f9c42290f313262cd96acaa5742d889ad839dd8442b4ae704ad2,2021-07,Hertfordshire Constabulary,Hertfordshire Constabulary,-0.187863,51.797237,On or near HERONSWOOD ROAD,E01023958,Welwyn Hatfield 007E,Investigation complete; no suspect identified
a06cbd775132daea296e0acc7efa87b6da312675171b187a691745081825b229,2021-07,Hertfordshire Constabulary,Hertfordshire Constabulary,,,No location,,,Unable to prosecute suspect
9f988f2c2bd736903b18fd2f9d065a1e5c584e568723d8016e77bf1695bd25e2,2021-07,Hertfordshire Constabulary,Hertfordshire Constabulary,-0.339064,51.767216,On or near FRANCIS AVENUE,E01023672,St Albans 009D,Investigation complete; no suspect identified
3e62258ed9158d0000f73b4b53aa20b7c2e35ec1f04417ccda911dc3df0d776c,2021-07,Hertfordshire Constabulary,Hertfordshire Constabulary,-0.030002,51.747677,On or near GOLD CLOSE,E01023289,Broxbourne 004A,Investigation complete; no suspect identified
84f62350af45f37553b1b7cd0aafe2402478c129be18d760219a0dad449dd8d5,2021-07,Hertfordshire Constabulary,Hertfordshire Constabulary,-0.343270,51.743779,On or near GRIFFITHS WAY,E01023740,St Albans 017D,Unable to prosecute suspect
8e1d1b436353767b5df3e3694fa4a6465c936a49b9910ad227d2ba50b5530949,2021-07,Hertfordshire Constabulary,Hertfordshire Constabulary,-0.204587,51.801198,On or near Shopping Area,E01023918,Welwyn Hatfield 006C,Suspect charged
29099b47d7fd5ba738f3f6c3bfea5c8bd1629f2a0422733cb88da22cba6a4d99,2021-07,Hertfordshire Constabulary,Hertfordshire Constabulary,-0.041955,51.714138,On or near ALDERMERE AVENUE,E01023310,Broxbourne 006D,Unable to prosecute suspect
5924dfc6b158677c0b8ef67c6747c3ebcc238bf079f50830c627b51ceabff841,2021-07,Hertfordshire Constabulary,Hertfordshire Constabulary,-0.308078,51.639617,On or near CENTENNIAL AVENUE,E01023564,Hertsmere 010B,Investigation complete; no suspect identified
0d5a12c33aa1bd17ed04582eb0a101c3aa53d95804e0abaccd138c2d3921b162,2021-07,Hertfordshire Constabulary,Hertfordshire Constabulary,-0.327943,51.755585,On or near THIRLESTANE,E01023676,St Albans 011D,Unable to prosecute suspect
15ca6cade581c3e23025950c3b04c0563dc08cbc2ee4f1c7ddf25f4216f3cfd2,2021-07,Hertfordshire Constabulary,Hertfordshire Constabulary,-0.035508,51.802721,On or near Sports/Recreation Area,E01023510,East Hertfordshire 013A,Investigation complete; no suspect identified
b711eafcc60432119a87f4e79b93998ecdc5306df3e659c49b9d0c780ac42f77,2021-07,Hertfordshire Constabulary,Hertfordshire Constabulary,-0.390964,51.656609,On or near GLADSTONE ROAD,E01023860,Watford 009B,Offender given a caution
e069983d6ec17cf476f9027f472ece4d3fb49848d44b7b8a836f0dbf6604efb8,2021-07,Hertfordshire Constabulary,Hertfordshire Constabulary,-0.013775,51.761576,On or near WALNUT TREE CLOSE,E01023323,Broxbourne 003D,Investigation complete; no suspect identified
fbf2fa3e6a7e7140d7f52f3ded42083d66425a29da1144153fb795afc51c7eeb,2021-07,Hertfordshire Constabulary,Hertfordshire Constabulary,-0.094518,51.906723,On or near CLAY END ROAD,E01023508,East Hertfordshire 002D,Investigation complete; no suspect identified
7c524f5daf007c573bc14b7e015eb58c1703481e2dcb6639d9992f7adf6e41c9,2021-07,Hertfordshire Constabulary,Hertfordshire Constabulary,-0.049249,52.012627,On or near HAY GREEN,E01023598,North Hertfordshire 005D,Further investigation is not in the public interest
08718d72dfb1b039e54aee7735b1fa3eb362254bf6c6098662daa1004031eebe,2021-07,Hertfordshire Constabulary,Hertfordshire Constabulary,-0.278190,51.655675,On or near Supermarket,E01023530,Hertsmere 007B,Investigation complete; no suspect identified
31106d619bcac8c25ca851d1448bbdc298be4b65a66cbaf8d7c6517b272d1fa8,2021-07,Hertfordshire Constabulary,Hertfordshire Constabulary,-0.383213,51.683892,On or near THE PELHAMS,E01023876,Watford 003D,Unable to prosecute suspect
7451705a886ac56814bbc71e99dfb7c4e7c55c487d5c767872e4a1daa7255368,2021-07,Hertfordshire Constabulary,Hertfordshire Constabulary,-0.492705,51.635469,On or near CRESS END,E01023836,Three Rivers 009B,Unable to prosecute suspect
4b8a310e0341261b770429e69982e883b621c3c250ae567359ac3f1d4d19ce92,2021-07,Hertfordshire Constabulary,Hertfordshire Constabulary,-0.020635,52.049772,On or near ST MARYS PARK,E01023660,North Hertfordshire 001A,Unable to prosecute suspect
373324534c5d399326386c46939f5ef472d20eb5b972fbf84fc81a25f801e53f,2021-07,Hertfordshire Constabulary,Hertfordshire Constabulary,-0.032921,51.684447,On or near HIGH STREET,E01023337,Broxbourne 013B,Investigation complete; no suspect identified
a82e0d8faf22ce8b7b01162aeb6ccf9f63ea65b8e9be56cc4b715d6c6250f95c,2021-07,Hertfordshire Constabulary,Hertfordshire Constabulary,-0.176966,51.694468,On or near Supermarket,E01023572,Hertsmere 003B,Investigation complete; no suspect identified
d3583e55b67aa39139a62636a839652cb81f6737e280a991d887ae52fcc82bb9,2021-07,Hertfordshire Constabulary,Hertfordshire Constabulary,-0.014222,51.759308,On or near Supermarket,E01023320,Broxbourne 003A,Further investigation is not in the public interest
112f0d195cd34ead8338a7ab3e9e7642c8a5f36c630abb844904cdc257bb167e,2021-07,Hertfordshire Constabulary,Hertfordshire Constabulary,-0.435251,51.776404,On or near ARAGON CLOSE,E01023437,Dacorum 005D,Investigation complete; no suspect identified
50f440fd3ae1412ac0863c1b84daab4dac36b253f844eb50b27367e7ac640508,2021-07,Hertfordshire Constabulary,Hertfordshire Constabulary,-0.398157,51.650637,On or near ST JAMES ROAD,E01023902,Watford 010D,Unable to prosecute suspect
e0f382d626e305e8aff9ccf45c5decd4d2580765e6743a90c64e33fcffae8d83,2021-07,Hertfordshire Constabulary,Hertfordshire Constabulary,-0.351905,51.717446,On or near HOW WOOD,E01023719,St Albans 019B,Unable to prosecute suspect
1eed7bc005c2697bae7c52c2a38aa60cff9345d02bb5901162a7c3fef5dfb310,2021-07,Hertfordshire Constabulary,Hertfordshire Constabulary,-0.340525,51.751078,On or near HIGH STREET,E01023743,St Albans 014B,Unable to prosecute suspect
41ac69536efa88ba3dea12b0900e898ee36c9d2ff8d466045b924eefe58d48f4,2021-07,Hertfordshire Constabulary,Hertfordshire Constabulary,-0.234459,51.758246,On or near MARYLAND,E01023922,Welwyn Hatfield 012C,Suspect charged
05bc20eff5f5bbe3d56c7d270d39377b25c63ec8a2f08610daf1fa055aa9f727,2021-07,Hertfordshire Constabulary,Hertfordshire Constabulary,-0.210281,51.817462,On or near THE FIRS,E01023962,Welwyn Hatfield 003D,Investigation complete; no suspect identified
c755fd1d8a53c2c965d9be5d3553a55060b79ddc178665859a03faa82b41c337,2021-07,Hertfordshire Constabulary,Hertfordshire Constabulary,,,No location,,,Investigation complete; no suspect identified
511103d7537ccc49b00de690197b1881ef14e62cc74e7b33f244e0b57e845862,2021-07,Hertfordshire Constabulary,Hertfordshire Constabulary,-0.299805,51.652141,On or near WATLING STREET,E01023565,Hertsmere 010C,Investigation complete; no suspect identified
b3cf07ae1935699c61d372359cf31f1f19d277c9866a687646e022c605ed64c9,2021-07,Hertfordshire Constabulary,Hertfordshire Constabulary,-0.339783,51.747615,On or near BELMONT HILL,E01023740,St Albans 017D,Unable to prosecute suspect
804fe6279adbfe833b00d827269129fba985f860dd0588a038d5bc3407031a5c,2021-07,Hertfordshire Constabulary,Hertfordshire Constabulary,-0.034356,51.688068,On or near STURLAS WAY,E01023336,Broxbourne 013A,Unable to prosecute suspect
81633bbd9cde087b6a61a06fa40ba2e9ef519f6ef6cacc3bc6a967f323fcd364,2021-07,Hertfordshire Constabulary,Hertfordshire Constabulary,-0.196510,51.895589,On or near ELDER WAY,E01023755,Stevenage 008A,Investigation complete; no suspect identified
06ecb2aad23897b156076ab1e5c8781e0cb3e807f58a09a355b05278b89b08ca,2021-07,Hertfordshire Constabulary,Hertfordshire Constabulary,-0.413439,51.651393,On or near PRINCES AVENUE,E01023863,Watford 011A,Unable to prosecute suspect
110b35e4d1981338b1331d1e804e4b42dbc554a800d3f8e142e1317f4489d5c1,2021-07,Hertfordshire Constabulary,Hertfordshire Constabulary,-0.221684,51.912859,On or near Supermarket,E01023796,Stevenage 005B,Unable to prosecute suspect
1d0215cbea00f12dbab47910fd13980cf24ce0262a7a6cd7ec7aee1424f170a3,2021-07,Hertfordshire Constabulary,Hertfordshire Constabulary,-0.591965,51.770598,On or near HIGH STREET,E01023417,Dacorum 006D,Suspect charged
9dc83a864596b7f35fa36b1598bf5400b7e732ae815b58d084913e8ff738881e,2021-07,Hertfordshire Constabulary,Hertfordshire Constabulary,-0.513249,51.619681,On or near WOODLAND ROAD,E01023837,Three Rivers 009C,Unable to prosecute suspect
afa4afe953297188a74f14432b8662bd61d06657221f9c7bc961c8cc6829311e,2021-07,Hertfordshire Constabulary,Hertfordshire Constabulary,-0.022125,51.737968,On or near Petrol Station,E01023340,Broxbourne 005A,Unable to prosecute suspect
1ad652fa63142055a6cfdf19871fe43319830353cf2fd0898b09c8af23f85841,2021-07,Hertfordshire Constabulary,Hertfordshire Constabulary,-0.286294,51.961816,On or near TIMES CLOSE,E01023611,North Hertfordshire 012A,Investigation complete; no suspect identified
742538b3923f78d56fab76f34e1659925606cf467f92d015844bbcc6689308c9,2021-07,Hertfordshire Constabulary,Hertfordshire Constabulary,-0.205691,51.815386,On or near SUMMER DALE,E01023960,Welwyn Hatfield 003B,Investigation complete; no suspect identified
d4e7d27498b2dc6510372a215046f92811e6fb9ef9e6f506d388bf24850ec7dd,2021-07,Hertfordshire Constabulary,Hertfordshire Constabulary,-0.195564,51.898884,On or near WALDEN END,E01023755,Stevenage 008A,Investigation complete; no suspect identified
0fff29222fdec04c29fa0407d7a73d7269885dc8a54b0ea96516573b32dd1bda,2021-07,Hertfordshire Constabulary,Hertfordshire Constabulary,-0.412096,51.628580,On or near DUMFRIES CLOSE,E01023827,Three Rivers 008A,Investigation complete; no suspect identified
3c3e6ec1c0bc23e520aff0f4ff454894dd1ce2cfb30e57e0b7f94d3e0f5515e5,2021-07,Hertfordshire Constabulary,Hertfordshire Constabulary,-0.216093,51.914159,On or near COLWYN CLOSE,E01023795,Stevenage 005A,Unable to prosecute suspect
906a313392858bcecbe152d4cd0f11d5d164475183b718caab184aeecf4b4ca5,2021-07,Hertfordshire Constabulary,Hertfordshire Constabulary,-0.038561,51.709261,On or near KILSMORE LANE,E01023303,Broxbourne 008B,Unable to prosecute suspect
fcb1450b72a945440a0a1e332aa338d870f9e8a79b3602758937b18d829b4d8a,2021-07,Hertfordshire Constabulary,Hertfordshire Constabulary,-0.469362,51.747162,On or near Pedestrian Subway,E01023388,Dacorum 019C,Unable to prosecute suspect
22dbcd629af51701fbc7e4bdaa667aaf7f8e99f636031321a7637db29203caaf,2021-07,Hertfordshire Constabulary,Hertfordshire Constabulary,,,No location,,,Suspect charged
de6d26b949a07cfe4b75501eabaa07dee9fe373e408d58c0c4d30815b6e7c76b,2021-07,Hertfordshire Constabulary,Hertfordshire Constabulary,-0.407111,51.653340,On or near WHIPPENDELL ROAD,E01023899,Watford 010A,Unable to prosecute suspect
063179186dac18bf216b34b3bf6082aad59bd48fbdac669f5ff6c5b7796072c2,2021-07,Hertfordshire Constabulary,Hertfordshire Constabulary,0.136013,51.859844,On or near DROVERS WAY,E01023461,East Hertfordshire 008F,Investigation complete; no suspect identified
608a9b8b1ffa9536d11aba86b079e4507664d2a23130e9c060e6f4fb5924efe9,2021-07,Hertfordshire Constabulary,Hertfordshire Constabulary,-0.456626,51.731520,On or near HERON CLOSE,E01023414,Dacorum 020E,Unable to prosecute suspect
7f413fbcb383d2f8974639dd5bd425c770277b34f80ea97f76d56b3fb5083c83,2021-07,Hertfordshire Constabulary,Hertfordshire Constabulary,0.165645,51.869329,On or near CROWN TERRACE,E01023441,East Hertfordshire 005D,Investigation complete; no suspect identified
b6929a8ad8dd76e414995559ae5d8e8e6bdef261f2ed4bc02282bda4b13c2472,2021-07,Hertfordshire Constabulary,Hertfordshire Constabulary,-0.367732,51.903250,On or near PADDOCK VIEW,E01023624,North Hertfordshire 014D,Unable to prosecute suspect
6222b9a8c4eb1b63d7567908aab299758c74108f4f6a7a4267ca9d438454ad20,2021-07,Hertfordshire Constabulary,Hertfordshire Constabulary,-0.099948,51.802098,On or near HAWTHORN CLOSE,E01023487,East Hertfordshire 015A,Unable to prosecute suspect
87a9476111d7bada87c568f570b9cdcabb1869343501efb4c097ddc8ef528a74,2021-07,Hertfordshire Constabulary,Hertfordshire Constabulary,-0.196845,51.989173,On or near COACHMAN'S LANE,E01023590,North Hertfordshire 004D,Investigation complete; no suspect identified
3b4e38f650a0ab080fc7bb9c8c6a1ebd9d483f6916f8080d203f0b36638ab9d6,2021-07,Hertfordshire Constabulary,Hertfordshire Constabulary,-0.029236,51.809846,On or near BRIDGE FOOT,E01023514,East Hertfordshire 012C,Investigation complete; no suspect identified
069502dba67cee9b35b3022cda105000df72356decf9382bfcc6ea765a5762fb,2021-07,Hertfordshire Constabulary,Hertfordshire Constabulary,-0.213909,51.909828,On or near FAIRVIEW ROAD,E01023776,Stevenage 002A,Investigation complete; no suspect identified
e4b84534e47dbb80b0acc3e0f1fcb0debcea59574ce571c7a00cff080214bd51,2021-07,Hertfordshire Constabulary,Hertfordshire Constabulary,-0.403871,51.692087,On or near SHERIFF WAY,E01023906,Watford 001C,Investigation complete; no suspect identified
d5946a25f6e187421acb50a8803d50d97261e7faf504cbc0ae5a30d4d4651154,2021-07,Hertfordshire Constabulary,Hertfordshire Constabulary,-0.202790,51.901746,On or near Bus/Coach Station,E01023758,Stevenage 008D,Suspect charged
fdc0e024fc3e891fa66f60f6b99f3086ce1aeb585682023c5ff72dc8f89fb325,2021-07,Hertfordshire Constabulary,Hertfordshire Constabulary,-0.421631,51.650685,On or near THE GATEWAY,E01023867,Watford 011E,Investigation complete; no suspect identified
bcf5d3140c7e248c1b2b0b13503e181c3963cd3b31e6a13f1e112cf4c9c500d6,2021-07,Hertfordshire Constabulary,Hertfordshire Constabulary,-0.216197,51.825258,On or near THE CRESCENT,E01023970,Welwyn Hatfield 002D,Unable to prosecute suspect
a4d2544f87a4675922e894cb6b3adf7986f33e005cb62d4e3d1cbd21e9383dd2,2021-07,Hertfordshire Constabulary,Hertfordshire Constabulary,-0.369027,51.707084,On or near BRACKENDENE,E01023733,St Albans 020E,Offender given a caution
15609b80404ddce19d5fb694dc49a3226053c38c132da20de3f17a1fe01b0311,2021-07,Hertfordshire Constabulary,Hertfordshire Constabulary,-0.203689,51.794584,On or near ATHELSTAN WALK SOUTH,E01023954,Welwyn Hatfield 007A,Investigation complete; no suspect identified
b42283fa2ea01910bee73196b041ea5e27fd722fd964d41275016540cf0dc2fb,2021-07,Hertfordshire Constabulary,Hertfordshire Constabulary,-0.384750,51.621562,On or near GLENCORSE GREEN,E01023805,Three Rivers 010A,Further action is not in the public interest
472c485c54e7a17b626bd7319188690084d3cd90f4a83a2cb50cb5890a5b414f,2021-07,Hertfordshire Constabulary,Hertfordshire Constabulary,0.153227,51.867830,On or near Sports/Recreation Area,E01023455,East Hertfordshire 003D,Unable to prosecute suspect
5dfd6531b07b047364a75eb28814090f55cb99bb6aaa3f2f94bfdf708a86fa0d,2021-07,Hertfordshire Constabulary,Hertfordshire Constabulary,-0.402253,51.651304,On or near AYNHO STREET,E01023901,Watford 010C,Unable to prosecute suspect
973d98191f9af455bc58dc32740e73cd2410e27f660f1c31a5c9f4df50f08925,2021-07,Hertfordshire Constabulary,Hertfordshire Constabulary,-0.473578,51.751029,On or near BRIDGE STREET,E01023398,Dacorum 015D,Unable to prosecute suspect
bf85c5d4e8465d0c7b27ea5701ae124441a3d6b18caab552124dbbbe9746b08d,2021-07,Hertfordshire Constabulary,Hertfordshire Constabulary,-0.274374,51.656815,On or near Supermarket,E01023530,Hertsmere 007B,Unable to prosecute suspect
326539a400ab62613a5b8213c9c11783fc842c2054a912026e938903db15f987,2021-07,Hertfordshire Constabulary,Hertfordshire Constabulary,-0.199176,51.901250,On or near Pedestrian Subway,E01023758,Stevenage 008D,Unable to prosecute suspect
bd8e5a509da82a0b6d830e6137bc0ecc90be3e9e430cb0b29a4ba55772c6cd4d,2021-07,Hertfordshire Constabulary,Hertfordshire Constabulary,-0.272676,51.667625,On or near CROWN ROAD,E01023537,Hertsmere 006D,Suspect charged
c583fb0828d2f52d88fd1a0f77f8d568c9fdcc4ac71f1cdc7760aa5d094bdb63,2021-07,Hertfordshire Constabulary,Hertfordshire Constabulary,-0.474584,51.739227,On or near RIVERSEND ROAD,E01023354,Dacorum 018B,Unable to prosecute suspect
c2fac126153e72ca888a1c38605d3a3419d74458f4219625cb862625b9c1620b,2021-07,Hertfordshire Constabulary,Hertfordshire Constabulary,-0.487672,51.745439,On or near FOSTER ROAD,E01023379,Dacorum 018C,Suspect charged
27c1501fd852a0d863f1c6145b0fb3357a99a7ad2c19412e791e2dffa6541405,2021-07,Hertfordshire Constabulary,Hertfordshire Constabulary,-0.024811,51.723203,On or near NUNSBURY DRIVE,E01023342,Broxbourne 005C,Suspect charged
5072f0a3be854320fb98221fc8d28497984c0b2104717f05163d8f9acc4e7a32,2021-07,Hertfordshire Constabulary,Hertfordshire Constabulary,-0.400207,51.658506,On or near Nightclub,E01023861,Watford 009C,Investigation complete; no suspect identified
8636617e83776426fb56be24b2ad963f025141c91e361d6caeb433f00866e3ad,2021-07,Hertfordshire Constabulary,Hertfordshire Constabulary,-0.333692,51.765135,On or near SHEPPARDS CLOSE,E01023716,St Albans 010D,Unable to prosecute suspect
7658c6b73c01503064f8a433afe2349edb9c27b9ef462a5a3775170dd2254710,2021-07,Hertfordshire Constabulary,Hertfordshire Constabulary,-0.398279,51.643895,On or near CROSSMEAD,E01023883,Watford 012B,Investigation complete; no suspect identified
bf887f50c7f5bdb5e04a46adcb82ca4ab5fdc69e3c59f5c423923a6c5c1ce6af,2021-07,Hertfordshire Constabulary,Hertfordshire Constabulary,-0.409112,51.842871,On or near LONDON ROAD,E01023430,Dacorum 001A,Unable to prosecute suspect
0a943ca95ae8346452effb7b2c33627c34f0f9f2c380fbe5400e9b71775380a0,2021-07,Hertfordshire Constabulary,Hertfordshire Constabulary,-0.223972,51.761478,On or near LINK DRIVE,E01023924,Welwyn Hatfield 011A,Offender given a caution
ec48517e97c18c4426bbee4f351638b15bac900911dde59802bf87c48c93f46b,2021-07,Hertfordshire Constabulary,Hertfordshire Constabulary,-0.178345,51.880077,On or near SPRING DRIVE,E01023785,Stevenage 011C,Investigation complete; no suspect identified
9a5e13fbf897f05eaeb838887beb331b52ee33272bab0cf52a73a771022e5085,2021-07,Hertfordshire Constabulary,Hertfordshire Constabulary,-0.112543,51.708144,On or near Supermarket,E01023947,Welwyn Hatfield 016A,Investigation complete; no suspect identified
8ee9f33c8a872a776d5f5b3a2753ca1b02837beebbdec8f1df56816d70c88bf7,2021-07,Hertfordshire Constabulary,Hertfordshire Constabulary,-0.034030,51.686569,On or near SWAN ROAD,E01023337,Broxbourne 013B,Unable to prosecute suspect
7c76585c6411fbe71f6d5b0e6fec8bf48655af55bbade16eebb01d5eee6af134,2021-07,Hertfordshire Constabulary,Hertfordshire Constabulary,-0.454344,51.733459,On or near Supermarket,E01023414,Dacorum 020E,Unable to prosecute suspect
9a70c7a02eca867e614062042af21819801fc59525a9742d501877bf6ab771ef,2021-07,Hertfordshire Constabulary,Hertfordshire Constabulary,-0.029693,51.689176,On or near SWANFIELD ROAD,E01023332,Broxbourne 012A,Unable to prosecute suspect
53245b1130017cd207d0ca702c3526898f405f8bd86b3213795984c12458b90c,2021-07,Hertfordshire Constabulary,Hertfordshire Constabulary,-0.407111,51.653340,On or near WHIPPENDELL ROAD,E01023899,Watford 010A,Investigation complete; no suspect identified
71ab80691dc107f8a5d65ed7307ebbda5e814779ab30cae4e52899cb08451adb,2021-07,Hertfordshire Constabulary,Hertfordshire Constabulary,-0.247459,51.767918,On or near SALISBURY HALL DRIVE,E01033314,Welwyn Hatfield 010G,Investigation complete; no suspect identified
b7e8001b9f438080380de0dc1697f74ca5088996cd819a253b5e5c96a9c7d8c4,2021-07,Hertfordshire Constabulary,Hertfordshire Constabulary,-0.233674,51.748289,On or near HIGH VIEW,E01023937,Welwyn Hatfield 013E,Investigation complete; no suspect identified
6054da301a88a4048fb4bd7789c3f91cb8b3be5213ef15ef6cc3deef85ca8c26,2021-07,Hertfordshire Constabulary,Hertfordshire Constabulary,-0.462565,51.769022,On or near SEVERNMEAD,E01023396,Dacorum 007D,Investigation complete; no suspect identified
53b368f66f0819590874afe02e5b918ab4ff1266a57af1223b02b31142010dbd,2021-07,Hertfordshire Constabulary,Hertfordshire Constabulary,-0.002727,51.773852,On or near THELEWAY CLOSE,E01023328,Broxbourne 002B,Unable to prosecute suspect
e902f9b934e3c7e147256643d66a63ff51167d5d1c3f9844086f42814859a3b3,2021-07,Hertfordshire Constabulary,Hertfordshire Constabulary,-0.099948,51.802098,On or near HAWTHORN CLOSE,E01023487,East Hertfordshire 015A,Unable to prosecute suspect
48a86efbca4ee6810a4dc2177f32f308a6367090c5a6ea50c979248f36c36e7d,2021-07,Hertfordshire Constabulary,Hertfordshire Constabulary,-0.219629,51.777202,On or near GREAT NORTH ROAD,E01033311,Welwyn Hatfield 010F,Investigation complete; no suspect identified
b8ea92d8642f2ba28d101acd54d2a4944b76506f4bda6e906619850c0ed55edf,2021-07,Hertfordshire Constabulary,Hertfordshire Constabulary,-0.275182,51.661403,On or near CANTERBURY ROAD,E01023530,Hertsmere 007B,Unable to prosecute suspect
eb0876b64f7471e8b762515f45c2a13da15e2fe207a9709e8650cfca4eecbd8a,2021-07,Hertfordshire Constabulary,Hertfordshire Constabulary,-0.571572,51.763294,On or near PARK STREET,E01023364,Dacorum 009D,Unable to prosecute suspect
334083e3c68b475daeb3933d9e264385bbc4bbb835f4507ea14bc84514bb6709,2021-07,Hertfordshire Constabulary,Hertfordshire Constabulary,-0.188557,51.795494,On or near SALISBURY ROAD,E01023958,Welwyn Hatfield 007E,Suspect charged
122e02497cff3d8b8077f0887325e392ea3538f4820116882789ef1a26303274,2021-07,Hertfordshire Constabulary,Hertfordshire Constabulary,-0.240381,51.761347,On or near Shopping Area,E01023921,Welwyn Hatfield 012B,Investigation complete; no suspect identified
de7d67904780cd9bf4cc3c13e3c725a89b10252e7e1de33987dbfd1874d92d54,2021-07,Hertfordshire Constabulary,Hertfordshire Constabulary,-0.201369,51.814637,On or near Pedestrian Subway,E01023961,Welwyn Hatfield 003C,Suspect charged
7d7c731a266103d8a3bdb3fd6b4379022688d4c5d885b68486c7d62260621ca6,2021-07,Hertfordshire Constabulary,Hertfordshire Constabulary,-0.335514,51.766033,On or near HARPENDEN ROAD,E01023713,St Albans 007A,Investigation complete; no suspect identified
2cf85a46b71eeb51b1b63f339d155c7a3ccd151a3d6ac4e8d8505cc8a4355bf3,2021-07,Hertfordshire Constabulary,Hertfordshire Constabulary,-0.409704,51.669704,On or near MOLTENO ROAD,E01023879,Watford 007B,Local resolution
c3171627fd5427723237a5cae86a7b05a15f84312dc05e98f55ba3300b2a99e6,2021-07,Hertfordshire Constabulary,Hertfordshire Constabulary,-0.249672,51.545134,On or near CURZON CRESCENT,E01000528,Brent 025F,Investigation complete; no suspect identified
02625a9de89b9b67c219520dbfd78ee5786e9dbd06587be43a67f28013360f94,2021-07,Hertfordshire Constabulary,Hertfordshire Constabulary,-0.504608,51.751941,On or near ROWCROFT,E01023383,Dacorum 016A,Suspect charged
4823b7e73fc321358b48dfb26b629d95e4da13ae2efc5cfb26192ffb9744e1fa,2021-07,Hertfordshire Constabulary,Hertfordshire Constabulary,-0.407105,51.650210,On or near BRIGHTWELL ROAD,E01023903,Watford 010E,Suspect charged
930c66b2a2629f952ca7444caac83c61a2df6994cab20407aac61e5345e5b853,2021-07,Hertfordshire Constabulary,Hertfordshire Constabulary,-0.220578,51.687062,On or near WASH LANE,E01023567,Hertsmere 002A,Investigation complete; no suspect identified
1dcda0f8634dcd90e557dc1ee78a6406c1deba6b8b0c5d74efeea7fd2de3b38b,2021-07,Hertfordshire Constabulary,Hertfordshire Constabulary,-0.081590,51.946024,On or near Park/Open Space,E01023494,East Hertfordshire 002B,Investigation complete; no suspect identified
01c621a9f6cc437b4d8d9b42d817ea477ae964b960e85adbb78ab38ec1727fb0,2021-07,Hertfordshire Constabulary,Hertfordshire Constabulary,-0.389527,51.627796,On or near FAIRFIELD AVENUE,E01023844,Three Rivers 012D,Investigation complete; no suspect identified
411c71e2611182c3ffeb419dab3cce494bc73d269339250eccedcff1cdfa28f5,2021-07,Hertfordshire Constabulary,Hertfordshire Constabulary,-0.302372,51.725023,On or near KING'S ROAD,E01033028,St Albans 018F,Unable to prosecute suspect
c7bc9448a823d85348cde5d0a07cf2bdee2c77eb52a19d88b29f89c20aef05a0,2021-07,Hertfordshire Constabulary,Hertfordshire Constabulary,-0.033875,51.822908,On or near Sports/Recreation Area,E01023491,East Hertfordshire 009A,Investigation complete; no suspect identified
018dfe7a38eb2cc8613ced669b86bb665b0a4dd3986a9ca4f9a0f72081c6c941,2021-07,Hertfordshire Constabulary,Hertfordshire Constabulary,-0.274374,51.656815,On or near Supermarket,E01023530,Hertsmere 007B,Investigation complete; no suspect identified
64a0c7f0c33e55310bec371bc711a8e1ad2128b37199fbded7f56d889075ba8c,2021-07,Hertfordshire Constabulary,Hertfordshire Constabulary,-0.178843,51.920216,On or near BRADMAN WAY,E01023774,Stevenage 003D,Unable to prosecute suspect
037383d812376c201d3b54e8843acda0add85dae881b4962505324944eb1ac10,2021-07,Hertfordshire Constabulary,Hertfordshire Constabulary,-0.362287,51.823507,On or near BRAMBLE CLOSE,E01023699,St Albans 003A,Investigation complete; no suspect identified
beea867b8142d03edc4f21cba500aa56851b1c75965e2da3bd8c232378659e9d,2021-07,Hertfordshire Constabulary,Hertfordshire Constabulary,-0.339936,51.754909,On or near STAPLEY ROAD,E01023728,St Albans 012C,Investigation complete; no suspect identified
c9995701096a67eb70f5545468bfce71dc51834b72da4252d1f39a7bb57f5f74,2021-07,Hertfordshire Constabulary,Hertfordshire Constabulary,-0.381852,51.656312,On or near BENDYSH ROAD,E01023554,Hertsmere 008C,Investigation complete; no suspect identified
8a8200bd182d5be5325177141e3ce007352056df537f9de1a128c5d416ad8d43,2021-07,Hertfordshire Constabulary,Hertfordshire Constabulary,-0.198592,51.892951,On or near Shopping Area,E01023786,Stevenage 011D,Investigation complete; no suspect identified
34dacd5a90958f93034bc1063b28b773b1c00aa990f69620bfa64a95d125b0e2,2021-07,Hertfordshire Constabulary,Hertfordshire Constabulary,-0.385853,51.624266,On or near CROWBOROUGH PATH,E01023805,Three Rivers 010A,Unable to prosecute suspect
aa865321b11c1cc0accc01a3840ce68e33aef675d1354ec102007d97655bf366,2021-07,Hertfordshire Constabulary,Hertfordshire Constabulary,-0.034030,51.686569,On or near SWAN ROAD,E01023337,Broxbourne 013B,Unable to prosecute suspect
edcd64769f4e9bb4a9c21f3488e770c923e93c238a2d36a57845acab19d0d594,2021-07,Hertfordshire Constabulary,Hertfordshire Constabulary,-0.255373,51.644107,On or near Shopping Area,E01023543,Hertsmere 011E,Investigation complete; no suspect identified
4ff0652ed5a5cd607a106498b87c015743ca9a82d9ff8318fd26d7b0fdbb85e2,2021-07,Hertfordshire Constabulary,Hertfordshire Constabulary,-0.225427,51.687369,On or near BIGNELLS CORNER,E01023584,Hertsmere 004D,Investigation complete; no suspect identified
fed330b2306c022aa70069acfd6a659e13035acd68a2c507755d340db32c0def,2021-07,Hertfordshire Constabulary,Hertfordshire Constabulary,-0.241235,51.763599,On or near Supermarket,E01033308,Welwyn Hatfield 010E,Unable to prosecute suspect
0f77ca2381b37cf0a49bc36f02fe3d8fc8b3cf7ffe89762dcd2e6fea41943ad4,2021-07,Hertfordshire Constabulary,Hertfordshire Constabulary,-0.019031,51.731549,On or near WHARF ROAD,E01023341,Broxbourne 005B,Investigation complete; no suspect identified
5b5b1e014710379d6905f1351ab4f588434278219413e364922176e82ebb47b2,2021-07,Hertfordshire Constabulary,Hertfordshire Constabulary,-0.026833,51.694389,On or near HAZELDENE,E01023335,Broxbourne 012D,Investigation complete; no suspect identified
ee62836b283599e95e1b8e3f4faa0ad0422a96f74049dd4e994ea9eb766882df,2021-07,Hertfordshire Constabulary,Hertfordshire Constabulary,-0.279664,51.656829,On or near Shopping Area,E01023532,Hertsmere 007D,Investigation complete; no suspect identified
2f9de8f492fad20886caade23a484e2816926369d302adf3c117185593117c68,2021-07,Hertfordshire Constabulary,Hertfordshire Constabulary,-0.392954,51.673927,On or near SANDOWN ROAD,E01023858,Watford 006D,Investigation complete; no suspect identified
aa75a8fa35de1846d8b952c4d28c6d3c70c1526918ad6402efd13f53be7e9721,2021-07,Hertfordshire Constabulary,Hertfordshire Constabulary,-0.213150,51.915023,On or near JULIAN'S ROAD,E01023776,Stevenage 002A,Unable to prosecute suspect
b67f8f367b2227124b0304403174e3786479d8d2549f30a615b54d0cab9f9879,2021-07,Hertfordshire Constabulary,Hertfordshire Constabulary,-0.297960,51.781177,On or near SHOTTFIELD CLOSE,E01023736,St Albans 007D,Unable to prosecute suspect
4d15e6f0b3e67e096f8b3e69d1ec85a1cd51adbf00af9c3167677fed95e0b502,2021-07,Hertfordshire Constabulary,Hertfordshire Constabulary,-0.076597,51.796629,On or near MARKET STREET,E01023478,East Hertfordshire 017D,Unable to prosecute suspect
b042db3294fb47906bdddae446c088edf1d62dcc062e8285dc90203e2d1d2fa3,2021-07,Hertfordshire Constabulary,Hertfordshire Constabulary,-0.399441,51.662614,On or near WELLINGTON ROAD,E01023861,Watford 009C,Suspect charged
6c802305180aa5f85621a6810d1749602bde5c9739dacbf833f573de157c8db7,2021-07,Hertfordshire Constabulary,Hertfordshire Constabulary,-0.168816,51.896474,On or near PARKER'S FIELD,E01023752,Stevenage 009C,Unable to prosecute suspect
17deb910f9223e79b72cb262f6c76b0c7ec900c5271aa3e05a686db0f217fb82,2021-07,Hertfordshire Constabulary,Hertfordshire Constabulary,0.150583,51.853212,On or near DOVE CLOSE,E01023459,East Hertfordshire 008D,Offender given a caution
569f049d108e9dc0d1d6b649bc16e2115b55a16050b9e31e0ac02ec7f5721ea2,2021-07,Hertfordshire Constabulary,Hertfordshire Constabulary,-0.405761,51.692652,On or near NOTTINGHAM CLOSE,E01023906,Watford 001C,Investigation complete; no suspect identified
5cc3ab83e873950324129e2d8ea289eee504576d696467eec6272cb92bb1ce60,2021-07,Hertfordshire Constabulary,Hertfordshire Constabulary,-0.225087,51.761126,On or near WOOD VALE,E01023924,Welwyn Hatfield 011A,Investigation complete; no suspect identified
d4635ab734d3b2e37e2589ff4f4c443f7a5e05ccac8b7c87090b4a789fa2fe0f,2021-07,Hertfordshire Constabulary,Hertfordshire Constabulary,-0.473034,51.747821,On or near Shopping Area,E01023398,Dacorum 015D,Investigation complete; no suspect identified
91a72daa4d474876d88b57eeda60bd5ec161a6052193aad4fba949a17402ed89,2021-07,Hertfordshire Constabulary,Hertfordshire Constabulary,-0.464584,51.764193,On or near PASTON ROAD,E01023405,Dacorum 008E,Action to be taken by another organisation
3e64b3c90e005b9780fc22f781718987ecda6abd8fe8e960ba686cb200a19236,2021-07,Hertfordshire Constabulary,Hertfordshire Constabulary,-0.029253,51.724266,On or near YUKON ROAD,E01023342,Broxbourne 005C,Unable to prosecute suspect
17f73f0e0f76f91dfe1b9d6580cb02eee4302cc4b64182e22fc56920d0245e22,2021-07,Hertfordshire Constabulary,Hertfordshire Constabulary,-0.404035,51.686604,On or near GULLET WOOD ROAD,E01023891,Watford 002B,Investigation complete; no suspect identified
7a07dd8e279179d7d3c230727761d31a118a64b258b9bb4c55ce92af071b484c,2021-07,Hertfordshire Constabulary,Hertfordshire Constabulary,-0.457668,51.772806,On or near Parking Area,E01023393,Dacorum 007A,Local resolution
d9c444dcf6e2ccbc3c88eec1f601fdbd37eadb69a4b75b9c4daf210e9676c04b,2021-07,Hertfordshire Constabulary,Hertfordshire Constabulary,-0.204608,51.899535,On or near Police Station,E01023758,Stevenage 008D,Suspect charged
6d2684d1384250a9394a48a0c3f026f7ecdbe468ecbc4b802f962fc5051f8917,2021-07,Hertfordshire Constabulary,Hertfordshire Constabulary,-0.201368,51.898028,On or near Supermarket,E01023786,Stevenage 011D,Suspect charged
a0880f1cf7a6afe4dacfb513c9cee89838aa3f0d55edad616575e7ae9d0128a4,2021-07,Hertfordshire Constabulary,Hertfordshire Constabulary,-0.010588,51.927824,On or near Sports/Recreation Area,E01023494,East Hertfordshire 002B,Unable to prosecute suspect
1efce31b9cb04bae21fc4ed3ab277fa75d024f78426b9e02f5eff66272e23e9b,2021-07,Hertfordshire Constabulary,Hertfordshire Constabulary,-0.402822,51.829451,On or near ANNABLES LANE,E01023725,St Albans 006D,Investigation complete; no suspect identified
84b6e86bac87aa64946e041fd1891c078365226d2157a3e181532bbaab1af4ff,2021-07,Hertfordshire Constabulary,Hertfordshire Constabulary,-0.267140,51.660350,On or near Parking Area,E01023537,Hertsmere 006D,Unable to prosecute suspect
f55fee8c086fc3ea354a464e34f772a080236382bd40e25702813871a55984b9,2021-07,Hertfordshire Constabulary,Hertfordshire Constabulary,-0.033624,51.693271,On or near BURLEIGH ROAD,E01023333,Broxbourne 012B,Investigation complete; no suspect identified
cb8817145ae2983030484846a2d549e5d31e4a39c68daf7ff290e21e22f4e22d,2021-07,Hertfordshire Constabulary,Hertfordshire Constabulary,0.032328,51.740734,On or near HOE LANE,E01021794,Epping Forest 002D,Suspect charged
8ea2e7eca404b8cba40b2404cfa560339b3f6ce47b61ec4e06ea33304f0ba4c8,2021-07,Hertfordshire Constabulary,Hertfordshire Constabulary,-0.304488,51.637057,On or near A41,E01023564,Hertsmere 010B,Unable to prosecute suspect
861cd21827ca06661c1046686a392b3d2eebc769ffa87770577d7ad70ccb012e,2021-07,Hertfordshire Constabulary,Hertfordshire Constabulary,-0.458474,51.733828,On or near DICKINSON QUAY,E01033022,Dacorum 018G,Suspect charged
86a5bb859f0ce42ee6bd37edbf54739f617a56f3ed912e4090b3c7f66ab22666,2021-07,Hertfordshire Constabulary,Hertfordshire Constabulary,-0.491871,51.755923,On or near Petrol Station,E01023429,Dacorum 011D,Investigation complete; no suspect identified
777efe89eea29009f6c6fc8aac297dcf38c8164daf1bd325b71342958a8dfa37,2021-07,Hertfordshire Constabulary,Hertfordshire Constabulary,-0.228305,51.766642,On or near BURFIELD CLOSE,E01033311,Welwyn Hatfield 010F,Unable to prosecute suspect
16fde1ea4a0e7f9aaa980933cee277135add21141caac00eec873f9f0f3499a0,2021-07,Hertfordshire Constabulary,Hertfordshire Constabulary,-0.334813,51.769719,On or near TAMARISK CLOSE,E01023671,St Albans 009C,Unable to prosecute suspect
b74d79903f576898bef8f214d3090f9439824a9e8425fe79424f15e6818aa49d,2021-07,Hertfordshire Constabulary,Hertfordshire Constabulary,-0.198924,51.788990,On or near GREAT LEY,E01023940,Welwyn Hatfield 009B,Suspect charged
ca8f8b4c3ce10b0d77bce26433a75f570c08f5f3f9e81ff5c2595443bbba6e34,2021-07,Hertfordshire Constabulary,Hertfordshire Constabulary,-0.398009,51.656903,On or near Shopping Area,E01023861,Watford 009C,Local resolution
d68047e2423f0818e6e52663cf3d2938258aaa95c544ea094a9e5c411a9f1211,2021-07,Hertfordshire Constabulary,Hertfordshire Constabulary,-0.469545,51.756336,On or near BROAD STREET,E01023400,Dacorum 015E,Unable to prosecute suspect
6e3e8763396a5eb06a16140f45b73a8e310ac11ba7aa076f957624359472c0a8,2021-07,Hertfordshire Constabulary,Hertfordshire Constabulary,-0.452632,51.759001,On or near HOBLETTS ROAD,E01023347,Dacorum 013C,Suspect charged
1983c416ed2030ef9584096dfb781a934d179751cee35a38bb96bf65b27e0509,2021-07,Hertfordshire Constabulary,Hertfordshire Constabulary,-0.222479,51.911873,On or near Pedestrian Subway,E01023796,Stevenage 005B,Investigation complete; no suspect identified
ca5ef5c59127a4e4a8a841e2227061db58ab35ec70d115036e567dc9de07f83a,2021-07,Hertfordshire Constabulary,Hertfordshire Constabulary,-0.071448,51.800726,On or near SPENCER STREET,E01023478,East Hertfordshire 017D,Investigation complete; no suspect identified
f8bc6de1d9be83c09e115195e8e4c330c5ed26fae0ec2aa7a5a2bda6a2d886cf,2021-07,Hertfordshire Constabulary,Hertfordshire Constabulary,-0.683965,51.827448,On or near LUKES LANE,E01023424,Dacorum 002B,Investigation complete; no suspect identified
81d31e5e7b927771b9e2cd916a1713f1f8a851f07fabfe974a81cc4fc403f211,2021-07,Hertfordshire Constabulary,Hertfordshire Constabulary,-0.469545,51.756336,On or near BROAD STREET,E01023400,Dacorum 015E,Unable to prosecute suspect
7ce26337b3ee497d04b83e44b9533864a0257ebf858b8bb28a8dfd73bc70ac46,2021-07,Hertfordshire Constabulary,Hertfordshire Constabulary,-0.278275,51.667159,On or near GATESHEAD ROAD,E01023535,Hertsmere 006B,Suspect charged
fc1b29702ef279cf849ece21423ca247346d9254adbcf4fff3c569b01e9ab037,2021-07,Hertfordshire Constabulary,Hertfordshire Constabulary,-0.343375,51.631920,On or near SHEPHERDS WALK,E01023550,Hertsmere 013C,Unable to prosecute suspect
a0584bc0d12f943f74ab66a5573e6c19068cfced67fe3e213f7d6906ed4235d1,2021-07,Hertfordshire Constabulary,Hertfordshire Constabulary,-0.022297,52.056067,On or near STUART DRIVE,E01023660,North Hertfordshire 001A,Local resolution
9b46685231e434121641daf76d2a04fcb54664d94b40baaee0633ffa54b0cb14,2021-07,Hertfordshire Constabulary,Hertfordshire Constabulary,-0.398753,51.673926,On or near THE HAREBREAKS,E01023857,Watford 006C,Investigation complete; no suspect identified
53d8a9eb7c761fdb287a5321478e562a353daa96e76d333bcce2366b1524f4aa,2021-07,Hertfordshire Constabulary,Hertfordshire Constabulary,-0.322703,51.744504,On or near CUNNINGHAM AVENUE,E01023682,St Albans 016B,Unable to prosecute suspect
b1d4ba89d2d99c7beb06a277a5d78089daa4c87eaba182e18a79affa851418f8,2021-07,Hertfordshire Constabulary,Hertfordshire Constabulary,-0.394490,51.656648,On or near BEECHEN GROVE,E01023859,Watford 009A,Offender given a caution
c0cfafee090f895784915c6765fff3499dc772eff23b043ee5ea67b4394269bd,2021-07,Hertfordshire Constabulary,Hertfordshire Constabulary,-0.438974,51.759665,On or near MAYLANDS AVENUE,E01023345,Dacorum 013A,Investigation complete; no suspect identified
297dd7fc1ebeb583ceb3b7eeaa8fb5cb9e554a24719a59f65f2decd0e71908a1,2021-07,Hertfordshire Constabulary,Hertfordshire Constabulary,-0.438248,51.771066,On or near Parking Area,E01023346,Dacorum 013B,Unable to prosecute suspect
aadc6baba02ffe00e0c8b440ad2e7033a8616c231ff1c23513c982ac2abe6885,2021-07,Hertfordshire Constabulary,Hertfordshire Constabulary,-0.283128,51.718170,On or near TYNEDALE,E01023704,St Albans 018A,Unable to prosecute suspect
c2abe5ba21e3c07e633db577321ce03d187ed715860251233ada3d58a2a7ee23,2021-07,Hertfordshire Constabulary,Hertfordshire Constabulary,-0.395043,51.638527,On or near MEADOWBANK,E01023885,Watford 012D,Investigation complete; no suspect identified
c8e2263d619e724332e73687e1f96727ed12b41b3915a8daf1c4f9b434c3c452,2021-07,Hertfordshire Constabulary,Hertfordshire Constabulary,,,No location,,,Unable to prosecute suspect
71f5bf307830e5a22d46d1fd8eb9df989101db05e270c481304c0118fd338f37,2021-07,Hertfordshire Constabulary,Hertfordshire Constabulary,-0.342282,51.730017,On or near WATLING STREET,E01023718,St Albans 019A,Unable to prosecute suspect
7863532e56b0ab0450e96c9c5950b784d443484cfbcfdd718833c67193e7e848,2021-07,Hertfordshire Constabulary,Hertfordshire Constabulary,-0.426685,51.647894,On or near HATTERS LANE,E01023866,Watford 011D,Investigation complete; no suspect identified
3b12b0a03ac708b40017f2db53a5fb30d9291a0cfcfdebb5dd70a8c0f402e22a,2021-07,Hertfordshire Constabulary,Hertfordshire Constabulary,-0.035960,51.719514,On or near FAIRWAYS,E01023305,Broxbourne 008D,Investigation complete; no suspect identified
c8afa1490def6bba4f83caff3cf3ae09e63e33ca430525a13eaf001548bd6bfa,2021-07,Hertfordshire Constabulary,Hertfordshire Constabulary,-0.211903,51.699429,On or near WROXHAM GARDENS,E01023567,Hertsmere 002A,Unable to prosecute suspect
65fae759aecc3893e4af2a8a690767c4d8b3c35548374b2932c73f711ce11ff8,2021-07,Hertfordshire Constabulary,Hertfordshire Constabulary,-0.023387,51.703404,On or near Parking Area,E01023299,Broxbourne 010C,Suspect charged
77708931b691557520fd34a93c3ce066ab1ab89c1946ffb5860e2d9edb12492a,2021-07,Hertfordshire Constabulary,Hertfordshire Constabulary,-0.077499,51.796572,On or near SALISBURY SQUARE,E01023478,East Hertfordshire 017D,Investigation complete; no suspect identified
e90715610e6de08ebdb2859eeccc7748c5cf90d149b60ee2de5cc78d6eb56123,2021-07,Hertfordshire Constabulary,Hertfordshire Constabulary,-0.332606,51.756838,On or near TOWNSEND AVENUE,E01023676,St Albans 011D,Unable to prosecute suspect
8dc96300301090095db6a8a2d0d6c9ebbc0f1d72b0ac1d5739575a9699b39a92,2021-07,Hertfordshire Constabulary,Hertfordshire Constabulary,-0.401373,51.689482,On or near HILLINGDON ROAD,E01023892,Watford 002C,Investigation complete; no suspect identified
47d138af409e253dbb90b4a15aa3bf69962a5df34b666fd4e8c7f22a3f0ed7e1,2021-07,Hertfordshire Constabulary,Hertfordshire Constabulary,-0.281167,51.658767,On or near LEXINGTON CLOSE,E01023532,Hertsmere 007D,Investigation complete; no suspect identified
820af62054e45bca32b95b64cdb41c1c3b211c59768ecca7ff439246125bfad1,2021-07,Hertfordshire Constabulary,Hertfordshire Constabulary,-0.205236,51.972369,On or near KYRKEBY,E01023640,North Hertfordshire 009B,Unable to prosecute suspect
6a11bd459f1c56ba1ad14edc6c772b00f7c174306a96de448486c562c395df65,2021-07,Hertfordshire Constabulary,Hertfordshire Constabulary,-0.195798,51.898474,On or near LYNDALE,E01023755,Stevenage 008A,Unable to prosecute suspect
ba8785967d063c09113b86a11654a49096f6689f3a2084b967d86b6e734249dd,2021-07,Hertfordshire Constabulary,Hertfordshire Constabulary,-0.170908,51.908655,On or near CHELLS WAY,E01023762,Stevenage 007D,Investigation complete; no suspect identified
c9f15c9e9ce75d974634c6a25fbdcdadc4c920c0ff64743ff6edad4b886a5a63,2021-07,Hertfordshire Constabulary,Hertfordshire Constabulary,-0.404716,51.685337,On or near RUSHTON AVENUE,E01023891,Watford 002B,Suspect charged
99d8f5b70ba07039be44b7e0d98bf3a26962c940039ae1a7b9bfad8215ff66a4,2021-07,Hertfordshire Constabulary,Hertfordshire Constabulary,-0.166504,51.801465,On or near LINCOLN CLOSE,E01023950,Welwyn Hatfield 005A,Unable to prosecute suspect
10868b2563af49d531d8eda9c6e967269335417f908e74435c340605235ac2c8,2021-07,Hertfordshire Constabulary,Hertfordshire Constabulary,-0.656290,51.794360,On or near DUNSLEY PLACE,E01023426,Dacorum 002D,Unable to prosecute suspect
3a25bd687996d1567d5af36c40dfca24bb35bd201865f2315978bfbd7b99c26f,2021-07,Hertfordshire Constabulary,Hertfordshire Constabulary,-0.279437,51.946636,On or near BUCKLERSBURY,E01023616,North Hertfordshire 012F,Investigation complete; no suspect identified
3fcb8e9cf45041187eae444b4d30c59b0b77b8920b58c89bc6dea174ee588d0c,2021-07,Hertfordshire Constabulary,Hertfordshire Constabulary,-0.275489,51.656750,On or near Parking Area,E01023530,Hertsmere 007B,Suspect charged
92238413e021b07bdea249b8658669e383b0bd6fa04df84122525182b776e06b,2021-07,Hertfordshire Constabulary,Hertfordshire Constabulary,-0.109297,51.801898,On or near LAWRENCE CLOSE,E01023488,East Hertfordshire 015B,Unable to prosecute suspect
8c945049a28f60d4d34fe3b700c322d613b335c4821e7662b741edb52bef4552,2021-07,Hertfordshire Constabulary,Hertfordshire Constabulary,-0.200675,51.901929,On or near MARKET SQUARE,E01023758,Stevenage 008D,Suspect charged
a033551fe4dc19ec21b726eb03b15efa1c922dc524a5b37a697e45d37a7dd92c,2021-07,Hertfordshire Constabulary,Hertfordshire Constabulary,-0.253778,51.651025,On or near KNEBWORTH PATH,E01023547,Hertsmere 009D,Unable to prosecute suspect
b47bf9498585ea8e3d6089ab4e0b44c65abde76751bd69bde23e92b31062711e,2021-07,Hertfordshire Constabulary,Hertfordshire Constabulary,-0.245536,51.980530,On or near MONKLANDS,E01023650,North Hertfordshire 007B,Unable to prosecute suspect
5ad5fe6f7635b82cc3920cf963b43e4a46dc00a3bf10e8d4aab9559f16a8f63e,2021-07,Hertfordshire Constabulary,Hertfordshire Constabulary,-0.237041,51.744788,On or near CLOVERLAND,E01023932,Welwyn Hatfield 013A,Unable to prosecute suspect
3559aed27ce531b6a84671d51f716940f39d4b87e2cc395605131363d3d1c12f,2021-07,Hertfordshire Constabulary,Hertfordshire Constabulary,-0.280687,51.666870,On or near BLYTH CLOSE,E01023535,Hertsmere 006B,Investigation complete; no suspect identified
017056e69a79ebbd86e203ef3c4a00e165c8f55fb274d3f9b1511ef515480a6d,2021-07,Hertfordshire Constabulary,Hertfordshire Constabulary,-0.335514,51.750666,On or near NEW KENT ROAD,E01023727,St Albans 012B,Unable to prosecute suspect
b64613e2beb95ddfe3bf6be9815c92f9bb11920c8c5c59f65829686ada84b7fa,2021-07,Hertfordshire Constabulary,Hertfordshire Constabulary,-0.444059,51.747891,On or near FIR TREE CLOSE,E01023411,Dacorum 017C,Unable to prosecute suspect
d1fbbbdd98cca7fdd4c49253581dd84c573109a5dc996ed8047b5c7823c9288c,2021-07,Hertfordshire Constabulary,Hertfordshire Constabulary,-0.397609,51.668245,On or near Supermarket,E01023855,Watford 006A,Unable to prosecute suspect
7d94ce7e8bc8e15e8b7cad6ffdca41562a074edf4cbc7ec2c113a97616b1dac7,2021-07,Hertfordshire Constabulary,Hertfordshire Constabulary,-0.390789,51.658701,On or near OTTOMAN TERRACE,E01023859,Watford 009A,Unable to prosecute suspect
ebde0f376fc3b4310e045cea36c6680e8d1913cfd859276a9521f75ff64e7eea,2021-07,Hertfordshire Constabulary,Hertfordshire Constabulary,-0.263947,51.651598,On or near MONKSMEAD,E01023541,Hertsmere 011C,Unable to prosecute suspect
741d3befdb481bd0472a3cbb25ee65b6c77ae5efbed14418c5ee7dde21e41b36,2021-07,Hertfordshire Constabulary,Hertfordshire Constabulary,-0.077637,51.795711,On or near BELL LANE,E01023478,East Hertfordshire 017D,Unable to prosecute suspect
c4b8152ecf9bc6925a52d164446ad21bae23e69e4d6ccaadbbd0490de6841b5f,2021-07,Hertfordshire Constabulary,Hertfordshire Constabulary,0.160994,51.869864,On or near RIVERSIDE,E01023449,East Hertfordshire 004A,Unable to prosecute suspect
dd74b0e8e5dbb22d812c7a2ec431810575b99246ebba49a80dc71a0ea649f431,2021-07,Hertfordshire Constabulary,Hertfordshire Constabulary,-0.035960,51.719514,On or near FAIRWAYS,E01023305,Broxbourne 008D,Suspect charged
905ffdd1f8342a80f7535a2ee1063feef5029279d9dc0b90856edf28c0928b66,2021-07,Hertfordshire Constabulary,Hertfordshire Constabulary,-0.404472,51.649051,On or near Hospital,E01023902,Watford 010D,Unable to prosecute suspect
e04a2fc0b33dd20294ffd0847734de19a1adb455a329e9078b879e718da71397,2021-07,Hertfordshire Constabulary,Hertfordshire Constabulary,-0.012574,51.760890,On or near TAVERNERS WAY,E01023320,Broxbourne 003A,Investigation complete; no suspect identified
0a8172df576d423e2e42be0ab0fda26799c378d39bf186313622bddcc4114955,2021-07,Hertfordshire Constabulary,Hertfordshire Constabulary,-0.040375,51.710155,On or near Petrol Station,E01023303,Broxbourne 008B,Investigation complete; no suspect identified
c71c76b4648a09c500eb4662b5fa91cc1d7f4f833b18eef0c24bfbcfeb18d24c,2021-07,Hertfordshire Constabulary,Hertfordshire Constabulary,0.114603,52.231398,On or near STURMER CLOSE,E01033121,South Cambridgeshire 006H,Unable to prosecute suspect
67620c8b3104aa9bacbefd90c8be38be80bea0d70660d86919695c20875a0e42,2021-07,Hertfordshire Constabulary,Hertfordshire Constabulary,0.014510,51.787253,On or near TROTTERS GAP,E01023504,East Hertfordshire 018E,Investigation complete; no suspect identified
245bb0ed68ffdda0e22ed23dde4c82c2639f677c8775193560f5607a7d8476fe,2021-07,Hertfordshire Constabulary,Hertfordshire Constabulary,-0.206624,51.970772,On or near JARDEN,E01023640,North Hertfordshire 009B,Offender given a caution
5ffe143c2b3311dc763ed07ba3cef06ae43bd37bec2ae4aeea57e19f30a41c87,2021-07,Hertfordshire Constabulary,Hertfordshire Constabulary,-0.341844,51.825810,On or near Supermarket,E01023687,St Albans 002C,Unable to prosecute suspect
ac90dd87d7292bb34a55323d7e70eda75681419fb9be8b05ead3ca06b98aac39,2021-07,Hertfordshire Constabulary,Hertfordshire Constabulary,-0.483354,51.742020,On or near RUSSELL PLACE,E01023354,Dacorum 018B,Unable to prosecute suspect
dc417ae95f4ff50dc2131ae834ab78040d996bc135deb76ce40e97f7b8f526b6,2021-07,Hertfordshire Constabulary,Hertfordshire Constabulary,0.090817,51.831656,On or near CENTENARY CLOSE,E01023496,East Hertfordshire 009C,Unable to prosecute suspect
05e72f5b7cbbc8355d8fe66d757e588ad248787858e047ce0daabde5ee57629f,2021-07,Hertfordshire Constabulary,Hertfordshire Constabulary,-0.437904,51.629736,On or near PEMBROKE ROAD,E01023841,Three Rivers 011C,Investigation complete; no suspect identified
1f25918c7225f97f71ef7c1e797f1d50f99de4bb4187b6558039ccca0d9674d2,2021-07,Hertfordshire Constabulary,Hertfordshire Constabulary,-0.443237,51.757051,On or near HALESWOOD ROAD,E01023345,Dacorum 013A,Unable to prosecute suspect
021c1158103acc8f00eb299082f937052b3d68ee157dd1b93472274b59c7aaf9,2021-07,Hertfordshire Constabulary,Hertfordshire Constabulary,-0.014917,51.686293,On or near STATION ROAD,E01023338,Broxbourne 013C,Investigation complete; no suspect identified
174d2bfc00010da02d72c9129452ecad3bca49a4af08e913e2ae297121b776b1,2021-07,Hertfordshire Constabulary,Hertfordshire Constabulary,-0.470828,51.753952,On or near Supermarket,E01023398,Dacorum 015D,Unable to prosecute suspect
03c5c37a3cade08be2294ea367a7ded2dec3b3db5b9ca7a14feb608175ced0a4,2021-07,Hertfordshire Constabulary,Hertfordshire Constabulary,-0.434351,51.759289,On or near WOOD END CLOSE,E01023345,Dacorum 013A,Unable to prosecute suspect
a486eda2e72c0dced0c822618abee1633ac44e2ced8cb748923e377163392953,2021-07,Hertfordshire Constabulary,Hertfordshire Constabulary,-0.612799,51.783110,On or near A4251,E01023416,Dacorum 006C,Investigation complete; no suspect identified
a7b7f59a3b2bcc5130908ee5cdcbe765630d5b3a999b66e9fa04e36a3812bea8,2021-07,Hertfordshire Constabulary,Hertfordshire Constabulary,-0.373427,51.664298,On or near WALNUT GREEN,E01023555,Hertsmere 008D,Unable to prosecute suspect
f7f48b86a0ea9acf6aea26a8248c5490ea96622fb979f95f14a988625ddfb454,2021-07,Hertfordshire Constabulary,Hertfordshire Constabulary,-0.418740,51.645701,On or near CHESHAM WAY,E01023866,Watford 011D,Investigation complete; no suspect identified
79418b2bad3d097b521a293626f1ffae4d586c7593d9a8be48cf350dde7d2c9a,2021-07,Hertfordshire Constabulary,Hertfordshire Constabulary,-0.360029,51.746568,On or near Supermarket,E01023742,St Albans 014A,Investigation complete; no suspect identified
310a6b11c854866a48777f43f9b1da43662abed21878b67b8eadf7edf2d617fe,2021-07,Hertfordshire Constabulary,Hertfordshire Constabulary,-0.180063,51.797557,On or near ELDERFIELD,E01023944,Welwyn Hatfield 008B,Action to be taken by another organisation
6cfadeca82e17ecb7c8dd00648e6b71bd615b8020426bdcaee2d52b27900fe61,2021-07,Hertfordshire Constabulary,Hertfordshire Constabulary,-0.217254,51.912378,On or near Pedestrian Subway,E01023798,Stevenage 005D,Investigation complete; no suspect identified
1ac1138e19f6430efb29929da154add504fe0ec90cdfb137486bdb935bc62e08,2021-07,Hertfordshire Constabulary,Hertfordshire Constabulary,-0.094425,51.794806,On or near ASHLEY ROAD,E01023490,East Hertfordshire 015D,Investigation complete; no suspect identified
74cfa54b7b512bda2afd6e41fb5379c6b540d172218f182c712a8779bec8f4a2,2021-07,Hertfordshire Constabulary,Hertfordshire Constabulary,-0.380909,51.683186,On or near LEA BUSHES,E01023873,Watford 003A,Unable to prosecute suspect
63c8a2341c87e83dcbbc6431c26818fbb46f8399626267143a65a9987b2192a7,2021-07,Hertfordshire Constabulary,Hertfordshire Constabulary,-0.216611,51.971148,On or near LORDSHIP LANE,E01023647,North Hertfordshire 008D,Unable to prosecute suspect
c1016caba4d60a7fcc9a98e939572caa90a91e5e709fcfc10838a36f645bce46,2021-07,Hertfordshire Constabulary,Hertfordshire Constabulary,-0.555184,51.757815,On or near LONDRINA TERRACE,E01023361,Dacorum 009A,Suspect charged
fd8a3a2ad34430f3ff67bb3bf330f17a637b20bbb064afaa401767eb7884aa6d,2021-07,Hertfordshire Constabulary,Hertfordshire Constabulary,-0.014558,51.760249,On or near Parking Area,E01023320,Broxbourne 003A,Suspect charged
241d97e9a07f1245d631bf1617e34712063f580644d1d7398c5ce597cab39369,2021-07,Hertfordshire Constabulary,Hertfordshire Constabulary,-0.690612,51.792392,On or near TRING HILL,E01017629,Aylesbury Vale 021C,Investigation complete; no suspect identified
624c92751359ceff6aba27ea1aa7b1295cd705f34f777a07d0b2f0bfbc38c2c7,2021-07,Hertfordshire Constabulary,Hertfordshire Constabulary,-0.285098,51.751038,On or near CHARLOTTE CLOSE,E01023678,St Albans 015B,Investigation complete; no suspect identified
48e7e28032e96ce8632b08c7a2b3d326a3b2129a9f734d77d9a35c2beb343890,2021-07,Hertfordshire Constabulary,Hertfordshire Constabulary,-0.176620,51.910137,On or near BRUNEL ROAD,E01023762,Stevenage 007D,Investigation complete; no suspect identified
5c033bd2af262fd71aedf03589b7bc973e92d3a69b7ad183f93762e6f8bc162a,2021-07,Hertfordshire Constabulary,Hertfordshire Constabulary,-0.183486,51.924082,On or near Pedestrian Subway,E01023787,Stevenage 001A,Unable to prosecute suspect
b23220a7cb90b248f10c71c836df7019407ed52943e56845b919b4908d621246,2021-07,Hertfordshire Constabulary,Hertfordshire Constabulary,-0.204587,51.801198,On or near Shopping Area,E01023918,Welwyn Hatfield 006C,Investigation complete; no suspect identified
87b423094674562bf0cfed6b4d76074459ef52a559e9c0abb48de84a05b39127,2021-07,Hertfordshire Constabulary,Hertfordshire Constabulary,-0.099948,51.802098,On or near HAWTHORN CLOSE,E01023487,East Hertfordshire 015A,Unable to prosecute suspect
b3b695204878c7c4e76628607a7cc824e85db846c8c42f8eb21b22bf5d5743bd,2021-07,Hertfordshire Constabulary,Hertfordshire Constabulary,-0.019031,51.731549,On or near WHARF ROAD,E01023341,Broxbourne 005B,Investigation complete; no suspect identified
76f22181452e80050b3c4d178fddba6c5d6637d60fb150a3165668cca285dd8d,2021-07,Hertfordshire Constabulary,Hertfordshire Constabulary,-0.326579,51.749783,On or near GRIMSTON ROAD,E01023729,St Albans 012D,Unable to prosecute suspect
e4c3de78611aa6d653b4d16a6aeab670192e55c39a84f2d628f3fad7f82350d4,2021-07,Hertfordshire Constabulary,Hertfordshire Constabulary,-0.338330,51.750912,On or near WESTBOURNE MEWS,E01023727,St Albans 012B,Investigation complete; no suspect identified
299d24a24c7eeb47ceb44dc0300a6fb90eee3c59b9656e7d2125269ab2896e69,2021-07,Hertfordshire Constabulary,Hertfordshire Constabulary,-0.244649,51.689375,On or near CROSSOAKS LANE,E01023584,Hertsmere 004D,Investigation complete; no suspect identified
f906118ddc4c2d3b7f6be7be7801c773d7fa47535d9f19f05bf3cc87fc44ef20,2021-07,Hertfordshire Constabulary,Hertfordshire Constabulary,-0.029282,51.687299,On or near CROSS ROAD,E01023336,Broxbourne 013A,Investigation complete; no suspect identified
3fdb62c7e262be1c705632bf9a6376f7b11f71021ee7ca5510bf6ebe86aea0c6,2021-07,Hertfordshire Constabulary,Hertfordshire Constabulary,0.173233,51.889610,On or near HAZELEND ROAD,E01023450,East Hertfordshire 004B,Unable to prosecute suspect
855cfd5e58547296368543b0e62952b73dd8eeee6b451027b34bccbe37f8460e,2021-07,Hertfordshire Constabulary,Hertfordshire Constabulary,-0.356533,51.816935,On or near FORRESTER MEWS,E01023701,St Albans 003C,Local resolution
f839d2dea645ca84378c018c827e85b2d455c6648f88b9f9e7708ae351c708f7,2021-07,Hertfordshire Constabulary,Hertfordshire Constabulary,-0.037445,51.718001,On or near Supermarket,E01023305,Broxbourne 008D,Investigation complete; no suspect identified
7fc2da3157edfa5511a51a6db6ada74c4577e9e332f693c9823157816f80783b,2021-07,Hertfordshire Constabulary,Hertfordshire Constabulary,-0.447640,51.736824,On or near MARKET OAK LANE,E01023415,Dacorum 020F,Suspect charged
b61fce99d39e6d2316ec2f510008d3f7b94ab17db4483082d87f6dc8baf4a1a9,2021-07,Hertfordshire Constabulary,Hertfordshire Constabulary,-0.278310,51.671575,On or near STILTON PATH,E01023535,Hertsmere 006B,Investigation complete; no suspect identified
d7d74bf3c057542bbf78360ef8dc7c91429169083612b8f267eda8418816dea8,2021-07,Hertfordshire Constabulary,Hertfordshire Constabulary,-0.470521,51.639409,On or near NORTHWAY,E01023850,Three Rivers 007C,Unable to prosecute suspect
22f0cc08c401d64d885830c04579773d10217091300f60e5f2cf4ed21aba7f7e,2021-07,Hertfordshire Constabulary,Hertfordshire Constabulary,-0.339165,51.753028,On or near WADDINGTON ROAD,E01023727,St Albans 012B,Investigation complete; no suspect identified
d0e038d17d05d1892d72efa0c85a38a586f781193dd4565dc97f97186924aab9,2021-07,Hertfordshire Constabulary,Hertfordshire Constabulary,-0.276929,51.954378,On or near BUNYAN ROAD,E01023602,North Hertfordshire 010B,Suspect charged
62cd19fe8dd53fc8ff701d86384561270f312c957088d7dc77a6042a61718ef2,2021-07,Hertfordshire Constabulary,Hertfordshire Constabulary,-0.313147,51.702770,On or near HARPER LANE,E01023720,St Albans 019C,Unable to prosecute suspect
ba04dae0150411d01ae6ca6a54ba71a639e9f471078c562089e2080ff9564a43,2021-07,Hertfordshire Constabulary,Hertfordshire Constabulary,-0.011780,51.753557,On or near ST CROSS COURT,E01023321,Broxbourne 003B,Unable to prosecute suspect
6a8d6c5511d37dd18394d32af4d8844b4317216c17f9c0f8a513193b2356f2ca,2021-07,Hertfordshire Constabulary,Hertfordshire Constabulary,-0.186971,51.797781,On or near KNELLA GREEN,E01023958,Welwyn Hatfield 007E,Unable to prosecute suspect
4033253c14f20c419277c3711b95d37bef59bd3fec58c5e672fc32d958fac206,2021-07,Hertfordshire Constabulary,Hertfordshire Constabulary,-0.173074,51.884662,On or near PARK VIEW,E01023765,Stevenage 012C,Investigation complete; no suspect identified
b97468d5be23234baba2795e7bd019b7cf39e0ffe4e7c0239aabea3eac1bf399,2021-07,Hertfordshire Constabulary,Hertfordshire Constabulary,-0.023799,52.053098,On or near QUEENS ROAD,E01023660,North Hertfordshire 001A,Unable to prosecute suspect
f865c6f91109bf00f23bd169e24e4cc81ae971ce267b91cee3a0928517a4fad4,2021-07,Hertfordshire Constabulary,Hertfordshire Constabulary,-0.021763,51.730327,On or near FAIRFIELD DRIVE,E01023341,Broxbourne 005B,Unable to prosecute suspect
4ca4b13b1c8ac87a2f904e399810386803e0fb2f8a38227eec49fc28e917bd79,2021-07,Hertfordshire Constabulary,Hertfordshire Constabulary,-0.190956,51.922417,On or near CANTERBURY WAY,E01023799,Stevenage 002D,Unable to prosecute suspect
b66b2f9b06ba4ba3f1b612da23410717df824b21915ec1d02bcccbca9cab06ea,2021-07,Hertfordshire Constabulary,Hertfordshire Constabulary,-0.192211,51.908553,On or near TITMUS CLOSE,E01023775,Stevenage 006A,Investigation complete; no suspect identified
2689ac01f6045557fadcd3a57e499bb69b1fb9baae10e2db6bb51e57dad93953,2021-07,Hertfordshire Constabulary,Hertfordshire Constabulary,-0.642455,51.816141,On or near UPPER ICKNIELD WAY,E01023419,Dacorum 003B,Suspect charged
589df2da3b2296ccda4f35b1e15830ca1c0d45c0d1750181ace082489eaa9330,2021-07,Hertfordshire Constabulary,Hertfordshire Constabulary,-0.379355,51.683362,On or near FAIRFOLDS,E01023873,Watford 003A,Investigation complete; no suspect identified
e6c5c2ab177bb2683e53ce3a3ec7dc75088a09d9c29086ad6ea62698515c29ca,2021-07,Hertfordshire Constabulary,Hertfordshire Constabulary,-0.395376,51.645896,On or near WIGGENHALL ROAD,E01023883,Watford 012B,Investigation complete; no suspect identified
c920824c44350f6ea294973d7b7b9f1ec619d07940cc4c6e0904cd0f9e18a164,2021-07,Hertfordshire Constabulary,Hertfordshire Constabulary,-0.298566,51.645100,On or near ROMELAND,E01023564,Hertsmere 010B,Unable to prosecute suspect
11ebf8ba99d3e8e4e8120995adf1690ac6cf5c7a2abc56ac2e20ef3d8bc629f6,2021-07,Hertfordshire Constabulary,Hertfordshire Constabulary,-0.330632,51.769120,On or near FARRIDAY CLOSE,E01023713,St Albans 007A,Unable to prosecute suspect
e0726273d52841ae1b8f1d2ac1ee0dbeb552501a721261d6125194dd4bb7a1e2,2021-07,Hertfordshire Constabulary,Hertfordshire Constabulary,-0.224813,51.991621,On or near MIDDLEFIELDS,E01023636,North Hertfordshire 003B,Unable to prosecute suspect
5eb255883ca6687c279ceddd8bcdcbf65d280a467df685352c4cff5821b26672,2021-07,Hertfordshire Constabulary,Hertfordshire Constabulary,0.148196,51.824444,On or near Park/Open Space,E01023499,East Hertfordshire 011A,Investigation complete; no suspect identified
58043d5b610611da458933860defff0509d710843bc66406088941302d7b3b9a,2021-07,Hertfordshire Constabulary,Hertfordshire Constabulary,-0.390956,51.622933,On or near REDWOOD CLOSE,E01023843,Three Rivers 012C,Investigation complete; no suspect identified
fe0921cdf4242914bd0698820e049c644697c16c83bb2ac4db9f378a916b823d,2021-07,Hertfordshire Constabulary,Hertfordshire Constabulary,-0.224813,51.991621,On or near MIDDLEFIELDS,E01023636,North Hertfordshire 003B,Unable to prosecute suspect
a73e17b9db7777a29219d1fda0a0bfb5eae6a5e1d429f6332fc4576b71dcbd19,2021-07,Hertfordshire Constabulary,Hertfordshire Constabulary,-0.296127,51.693164,On or near HAMBLINGS CLOSE,E01023582,Hertsmere 004B,Unable to prosecute suspect
e6d67cf76364d4d45a766ed444b35664939ef06be99468a5f1af3a7cf5363eb9,2021-07,Hertfordshire Constabulary,Hertfordshire Constabulary,-0.577448,51.764444,On or near VICTORY ROAD,E01023370,Dacorum 012B,Investigation complete; no suspect identified
4828c49c6593b86e5b5d9a143afc6ff10a3eebad2822bd35b1e6492620c1ac6a,2021-07,Hertfordshire Constabulary,Hertfordshire Constabulary,-0.204587,51.801198,On or near Shopping Area,E01023918,Welwyn Hatfield 006C,Investigation complete; no suspect identified
0cb9b25fb6463bdc4ac350518abfafc57bd7d6e3daf978cdf288b1b6d87d58a8,2021-07,Hertfordshire Constabulary,Hertfordshire Constabulary,-0.263207,51.952845,On or near Parking Area,E01023610,North Hertfordshire 013E,Unable to prosecute suspect
54f6113dfef169c73de12a821363a41b68350366e57e62135953395798707b8a,2021-07,Hertfordshire Constabulary,Hertfordshire Constabulary,-0.193368,51.986539,On or near Sports/Recreation Area,E01023592,North Hertfordshire 004F,Further investigation is not in the public interest
7f235c4ae94ea77b71b6efe5cfad17a9e482252e54bb0dbd976512211df2c098,2021-07,Hertfordshire Constabulary,Hertfordshire Constabulary,-0.478092,51.648113,On or near WOODBANK,E01023812,Three Rivers 004A,Investigation complete; no suspect identified
821e4e6092cb64bb48a52714324135268134b8be9834ebe2b24a241238685ad6,2021-07,Hertfordshire Constabulary,Hertfordshire Constabulary,-0.293751,51.749797,On or near HILL END LANE,E01023664,St Albans 013A,Investigation complete; no suspect identified
871153c0ce820de6b424b50a75017af8206101d1aabac5e3e32286c720385978,2021-07,Hertfordshire Constabulary,Hertfordshire Constabulary,-0.189227,51.795783,On or near SHORTLANDS GREEN,E01023958,Welwyn Hatfield 007E,Unable to prosecute suspect
3b99eaa856080d01d3fbf18857f0cd746a9782cb5e68b7072e7c06267728b77f,2021-07,Hertfordshire Constabulary,Hertfordshire Constabulary,-0.386831,51.622751,On or near BEESTON CLOSE,E01023843,Three Rivers 012C,Unable to prosecute suspect
59d1d769c485afd2aa659dafc3ef51573204e83bcc747bd44665fab673e9fec1,2021-07,Hertfordshire Constabulary,Hertfordshire Constabulary,-0.412796,51.706200,On or near TIBBS HILL ROAD,E01023804,Three Rivers 001C,Unable to prosecute suspect
5bb813fb97e2998bc0ca38878e8c5ddeb486315ec73d8c5b6820b4f537735a8a,2021-07,Hertfordshire Constabulary,Hertfordshire Constabulary,-0.014917,51.686293,On or near STATION ROAD,E01023338,Broxbourne 013C,Investigation complete; no suspect identified
01832e12a1ccd8de1ec369bdf361c222d6397be5b8b92c8540c342ef9f00444c,2021-07,Hertfordshire Constabulary,Hertfordshire Constabulary,-0.386598,51.678993,On or near GARNETT CLOSE,E01023897,Watford 005C,Investigation complete; no suspect identified
bd8647c30f5cafcc4fb447921c42c32ffb0bf66eba20ea5eed33d7d1640e0436,2021-07,Hertfordshire Constabulary,Hertfordshire Constabulary,-0.220578,51.687062,On or near WASH LANE,E01023567,Hertsmere 002A,Investigation complete; no suspect identified
be45aa6e5d3e32648c24e851cc7f774d101899e38e97254a4f3117a0a22168be,2021-07,Hertfordshire Constabulary,Hertfordshire Constabulary,-0.389951,51.679470,On or near Supermarket,E01023896,Watford 005B,Investigation complete; no suspect identified
5e461b9717925c4447e86067800455de827059a290ad7a4bbbb37f1fddf1b2c0,2021-07,Hertfordshire Constabulary,Hertfordshire Constabulary,-0.336038,51.756113,On or near ST PETER'S CLOSE,E01023728,St Albans 012C,Investigation complete; no suspect identified
1f98bad8c75f7637c17e4d7596669812191f17486bd8e089f5642417029e41f8,2021-07,Hertfordshire Constabulary,Hertfordshire Constabulary,-0.018108,51.815171,On or near QUEENS ROAD,E01023518,East Hertfordshire 012D,Unable to prosecute suspect
fae755a469e45297c784c14ae909a45900f9ff7aa750d94413c5c04e71ba619e,2021-07,Hertfordshire Constabulary,Hertfordshire Constabulary,-0.376548,51.724219,On or near NOKE LANE,E01023732,St Albans 020D,Investigation complete; no suspect identified
3d2f079191d2759c830590ac7963f0d8d1a630a118a7b731a89b4fcd487a8e87,2021-07,Hertfordshire Constabulary,Hertfordshire Constabulary,-0.374593,51.651914,On or near HEATHFIELD ROAD,E01023559,Hertsmere 012B,Investigation complete; no suspect identified
8506d1f53a86db3cbdf4c3b3a97ee2c08d13fceae686ee89aa4093dc16b41368,2021-07,Hertfordshire Constabulary,Hertfordshire Constabulary,-0.471526,51.753008,On or near Parking Area,E01023398,Dacorum 015D,Unable to prosecute suspect
bc652197e6365d1593a7893d20efb1e6015b59fe2480d30e6f569070bd8b5068,2021-07,Hertfordshire Constabulary,Hertfordshire Constabulary,-0.204608,51.899535,On or near Police Station,E01023758,Stevenage 008D,Suspect charged
32010a7f21d73a1c7856ae5b26abf6fe2198d8290dbf4d92222d6aa859b9bce4,2021-07,Hertfordshire Constabulary,Hertfordshire Constabulary,-0.294400,51.763708,On or near EASTFIELD COURT,E01023735,St Albans 007C,Unable to prosecute suspect
35fd810b624481e0db3cf8962a26f8a4c2e10969ce2fdc478a002bdd86b2610e,2021-07,Hertfordshire Constabulary,Hertfordshire Constabulary,-0.368063,51.823884,On or near HARPENDEN RISE,E01023690,St Albans 001A,Unable to prosecute suspect
0f4d8141742d634d8f71fe4c2aa719ce03e615d952b46fb501c0609d5271bb97,2021-07,Hertfordshire Constabulary,Hertfordshire Constabulary,-0.341027,51.751229,On or near HIGH STREET,E01023743,St Albans 014B,Investigation complete; no suspect identified
fce1c2a52c067de11f13f542d57eedc44f26fbf195870ec0d634dcd6d610d289,2021-07,Hertfordshire Constabulary,Hertfordshire Constabulary,-0.177801,51.878783,On or near BURGHLEY CLOSE,E01023784,Stevenage 011B,Offender given a caution
4cf73ad84d584e480ce50235836edcb3bf01869ce755729d5920e4bb9964e9ea,2021-07,Hertfordshire Constabulary,Hertfordshire Constabulary,-0.025326,52.047585,On or near Parking Area,E01023656,North Hertfordshire 002C,Unable to prosecute suspect
97b0e7185971c7731afe2e63401f6e833f9c1728136c4eb10962cae7b16dd7e5,2021-07,Hertfordshire Constabulary,Hertfordshire Constabulary,-0.414503,51.649079,On or near TOLPITS CLOSE,E01023867,Watford 011E,Unable to prosecute suspect
78f4ed8b4c0cca6deac9134adb1d2bf6b8fc397ca77f18b329640ff7b4c35d5a,2021-07,Hertfordshire Constabulary,Hertfordshire Constabulary,-0.389664,51.660250,On or near PANKHURST PLACE,E01023860,Watford 009B,Unable to prosecute suspect
19f9e499f5abda37d4564a1f6ab5fadbec31fc1831d1b4851d8748f79d015868,2021-07,Hertfordshire Constabulary,Hertfordshire Constabulary,-0.230459,51.747521,On or near NORTHDOWN ROAD,E01023937,Welwyn Hatfield 013E,Investigation complete; no suspect identified
0a5b2c5d4c5031d5a52c62c48f83adc7523390fc4d39cee467c9201e7bc2b834,2021-07,Hertfordshire Constabulary,Hertfordshire Constabulary,-0.202859,51.981550,On or near Shopping Area,E01023633,North Hertfordshire 006D,Unable to prosecute suspect
73cff30f1cb2c5c73b03ebac3025301e3f18fdc51f5b75c44cc6f701235fbdb4,2021-07,Hertfordshire Constabulary,Hertfordshire Constabulary,-0.348415,51.757996,On or near TANNERS CLOSE,E01023669,St Albans 009A,Unable to prosecute suspect
afa412f11a08e03c1da4aaf86a277bd38689b4f243390a0976d0bab97a992c11,2021-07,Hertfordshire Constabulary,Hertfordshire Constabulary,-0.221086,51.672997,On or near Park/Open Space,E01023584,Hertsmere 004D,Investigation complete; no suspect identified
ed41a129aa7b864c6b7b009070d2ed1aad97857594f2634f331230962e47efcf,2021-07,Hertfordshire Constabulary,Hertfordshire Constabulary,-0.386718,51.672772,On or near WESTFIELD AVENUE,E01023898,Watford 005D,Investigation complete; no suspect identified
b114757b11c2e388abf325c283d694799a996bf0d2c31a1b969e69d3bac5b3c0,2021-07,Hertfordshire Constabulary,Hertfordshire Constabulary,-0.178844,51.882099,On or near Supermarket,E01023784,Stevenage 011B,Investigation complete; no suspect identified
bd976bb2ba660f419de9cd4b24cf5e66d833f3032e9034624f3951c7d5c2e194,2021-07,Hertfordshire Constabulary,Hertfordshire Constabulary,-0.349176,51.757386,On or near WELLS CLOSE,E01023669,St Albans 009A,Suspect charged
dabfd0b2ae6fc9544f277d77a50df737d15bf9973887471f239441a69d6317f4,2021-07,Hertfordshire Constabulary,Hertfordshire Constabulary,-0.400166,51.656797,On or near WILMINGTON CLOSE,E01023861,Watford 009C,Suspect charged
14cede8d4f7d36051fe088e2d34985bbdabddc9287a35a3219f16951162d6489,2021-07,Hertfordshire Constabulary,Hertfordshire Constabulary,-0.396013,51.658971,On or near GARTLET ROAD,E01023859,Watford 009A,Investigation complete; no suspect identified
8514bcc5b1adad1a375182afcc9567072114ac7e9765ef6658e70ecee23476de,2021-07,Hertfordshire Constabulary,Hertfordshire Constabulary,-0.020385,51.950109,On or near PORTERS CLOSE,E01023465,East Hertfordshire 001C,Investigation complete; no suspect identified
011046e4ac985c05e07ccf0330261cc0c920187cf88e163cae49f3d6974f111b,2021-07,Hertfordshire Constabulary,Hertfordshire Constabulary,-0.188513,51.923845,On or near IONA CLOSE,E01023799,Stevenage 002D,Unable to prosecute suspect
1e4c5d6826e5237fda3f03e3074e876bf12e6487960f91920d477a0cbdd0c5ac,2021-07,Hertfordshire Constabulary,Hertfordshire Constabulary,0.152238,51.859602,On or near CORONATION ROAD,E01023445,East Hertfordshire 007C,Unable to prosecute suspect
d30dbe34d687c05c65cd90c80059a1c135a469195af0265502e7a6344a2effef,2021-07,Hertfordshire Constabulary,Hertfordshire Constabulary,-0.496588,51.750867,On or near SHRUB HILL ROAD,E01023384,Dacorum 016B,Investigation complete; no suspect identified
5ac737fcd89da484af6805480de60c435edfbb4a0c7309786498ab760d8e9338,2021-07,Hertfordshire Constabulary,Hertfordshire Constabulary,-0.171710,51.800044,On or near LEY WALK,E01023951,Welwyn Hatfield 005B,Suspect charged
2063ceace9d2129d6ce9cc502324f47d14a939bce266f4a5ddefa14cf8293492,2021-07,Hertfordshire Constabulary,Hertfordshire Constabulary,-0.341234,51.762571,On or near BATCHWOOD VIEW,E01023672,St Albans 009D,Unable to prosecute suspect
3d8b2fd799758e247fc188392bf17f08d657792039bc83b1e97daf5fc82f756f,2021-07,Hertfordshire Constabulary,Hertfordshire Constabulary,-0.408678,51.701459,On or near STEWART CLOSE,E01023833,Three Rivers 002D,Unable to prosecute suspect
fffc9568a31f45b806fa6cd08e9bbb6edc103b918e024fb03da4eb56b64db618,2021-07,Hertfordshire Constabulary,Hertfordshire Constabulary,0.166524,51.868872,On or near Further/Higher Educational Building,E01023441,East Hertfordshire 005D,Unable to prosecute suspect
c320d840e2d8962105ce011d05a7306bdb82523cb2f2ee06246f214c0d6e8728,2021-07,Hertfordshire Constabulary,Hertfordshire Constabulary,-0.394657,51.653970,On or near ST. MARYS VIEW,E01023862,Watford 009D,Unable to prosecute suspect
e862f5c56737deb54c71303654e93506bfa908eeb40483c78d5f0709c4105999,2021-07,Hertfordshire Constabulary,Hertfordshire Constabulary,-0.175557,51.926675,On or near PILGRIMS WAY,E01023801,Stevenage 002F,Suspect charged
d11b44f52cd166d187d08c304ccbff12215add2ec4d7e6ae2ea6b2d839a47119,2021-07,Hertfordshire Constabulary,Hertfordshire Constabulary,-0.429859,51.640958,On or near DWIGHT ROAD,E01023841,Three Rivers 011C,Investigation complete; no suspect identified
43ebd1a385fea7ee09a4310635256dbc5c51233d2d02f9e073cb6b842f5083d2,2021-07,Hertfordshire Constabulary,Hertfordshire Constabulary,-0.658575,51.807272,On or near B488,E01023419,Dacorum 003B,Investigation complete; no suspect identified
50a42b0551641e6ddccec78e771bf9a6c860b5299bc0162e5c8904a34542fa1d,2021-07,Hertfordshire Constabulary,Hertfordshire Constabulary,-0.470366,51.750466,On or near MAYNARD ROAD,E01023398,Dacorum 015D,Unable to prosecute suspect
4c5d550b218db89b2268a9c66c9f4f86915bda25d6bca34db1f377c8fdaea094,2021-07,Hertfordshire Constabulary,Hertfordshire Constabulary,-0.206640,51.803549,On or near Shopping Area,E01023918,Welwyn Hatfield 006C,Suspect charged
c00e0c4d70a983445283468e121ab03bbb46022403414bbc73fc680e93ee43bc,2021-07,Hertfordshire Constabulary,Hertfordshire Constabulary,-0.348263,51.756205,On or near Petrol Station,E01023728,St Albans 012C,Investigation complete; no suspect identified
642a780bddcf2fad4e71293dde186b589857557fec4691744a0877ebf561c01a,2021-07,Hertfordshire Constabulary,Hertfordshire Constabulary,-0.339855,51.750808,On or near HOLYWELL HILL,E01023743,St Albans 014B,Suspect charged
5c6113e07665b38bf7644f59753cf1bcb9e324e61e593a0ccd6a352fe883a165,2021-07,Hertfordshire Constabulary,Hertfordshire Constabulary,-0.007447,51.761469,On or near Pedestrian Subway,E01023320,Broxbourne 003A,Investigation complete; no suspect identified
a6468a01ab62e76b2553b690430c1b5c097f67750c9394027b0cd4ac48edc612,2021-07,Hertfordshire Constabulary,Hertfordshire Constabulary,-0.239352,51.969270,On or near HIGHFIELD,E01023646,North Hertfordshire 008C,Unable to prosecute suspect
2200f6fb273a94263441955e60bd55bcc609478795578d84072fa8982b115ec0,2021-07,Hertfordshire Constabulary,Hertfordshire Constabulary,-0.348263,51.756205,On or near Petrol Station,E01023728,St Albans 012C,Investigation complete; no suspect identified
90277cb1e68f07fbf1a8286125fd7aa3eafb4b95fc93faa5de120145cd1dc1d5,2021-07,Hertfordshire Constabulary,Hertfordshire Constabulary,-0.455017,51.770209,On or near PETERLEE COURT,E01023393,Dacorum 007A,Unable to prosecute suspect
a8dbcf37cddb0dc376bfc2f89c254ad57d981f15165084b0420c6c4d454a35e6,2021-07,Hertfordshire Constabulary,Hertfordshire Constabulary,-0.469545,51.756336,On or near BROAD STREET,E01023400,Dacorum 015E,Unable to prosecute suspect
f4fdb232be428bba7e166e14c2c7bde388c6cd0c73f48afa150c2a6cc2a28f04,2021-07,Hertfordshire Constabulary,Hertfordshire Constabulary,-0.238284,51.762350,On or near COMET ROAD,E01023921,Welwyn Hatfield 012B,Suspect charged
9ec0ac743fa46e319c0cc303e58eada79cb47ef8d6d33f52b5b2d9e7c2461e8e,2021-07,Hertfordshire Constabulary,Hertfordshire Constabulary,-0.218783,51.768144,On or near CECIL CRESCENT,E01023930,Welwyn Hatfield 010B,Action to be taken by another organisation
2d1e843cc13d834537998bb2ff16f7b46815ed07d228898ccec906c0024f0a19,2021-07,Hertfordshire Constabulary,Hertfordshire Constabulary,-0.455623,51.762223,On or near ACHILLES CLOSE,E01023403,Dacorum 008C,Local resolution
7ede3ba72798e8828b1cc4d2fdee617ee067b017824b43c5854bbdb2e15f0178,2021-07,Hertfordshire Constabulary,Hertfordshire Constabulary,-0.026873,51.841009,On or near MILLFIELD,E01023506,East Hertfordshire 006B,Unable to prosecute suspect
72c7b1598edefa5bf6402d0da5d160f6fbc84137be6f95aae573020e52039f8a,2021-07,Hertfordshire Constabulary,Hertfordshire Constabulary,-0.440712,51.707095,On or near HOME PARK MILL LINK ROAD,E01023808,Three Rivers 001E,Local resolution
12e38627f4c877bf284892363a85e7726e79d77dfc382b741de938d3a0e1c6a0,2021-07,Hertfordshire Constabulary,Hertfordshire Constabulary,-0.382143,51.638800,On or near SHERWOODS ROAD,E01023882,Watford 012A,Unable to prosecute suspect
3c1f573fba1782bd40260b6ed56d72a237410edd6a1aa7139d09b51390e47aa0,2021-07,Hertfordshire Constabulary,Hertfordshire Constabulary,-0.415219,51.703948,On or near MARLIN SQUARE,E01023802,Three Rivers 001A,Investigation complete; no suspect identified
6db7e0d76a8975182ae6b939b57d6b5d1129bd424717327eb02a9b2d093a09e4,2021-07,Hertfordshire Constabulary,Hertfordshire Constabulary,-0.228835,51.763107,On or near Supermarket,E01023920,Welwyn Hatfield 012A,Suspect charged
b06064e7cdcf1ffebf6b9076816bb55f6bd70843060bb87a053302450a78b585,2021-07,Hertfordshire Constabulary,Hertfordshire Constabulary,-0.221405,51.834131,On or near KIMPTON ROAD,E01023969,Welwyn Hatfield 002C,Investigation complete; no suspect identified
273f8603f420bc8cb7f2fb99d0584180cecef775b22b69504d250b59a5075523,2021-07,Hertfordshire Constabulary,Hertfordshire Constabulary,-0.398009,51.656903,On or near Shopping Area,E01023861,Watford 009C,Suspect charged
80edf6964a2e55f89bea8b92e33629e6d9d2a951751db5bdb8f29bb7bc11cfc8,2021-07,Hertfordshire Constabulary,Hertfordshire Constabulary,-0.404544,51.688572,On or near BRAMBLE CLOSE,E01023892,Watford 002C,Investigation complete; no suspect identified
5a78d88364b31fbffafa4dd9a29e616e1ed2c44be162276f72a54d6562d9a7ba,2021-07,Hertfordshire Constabulary,Hertfordshire Constabulary,-0.195632,51.801349,On or near Petrol Station,E01023954,Welwyn Hatfield 007A,Investigation complete; no suspect identified
3e62ca6407f44faac82a9727d1eef9a4d6a67b1e98b98417e5aae31ade3990cb,2021-07,Hertfordshire Constabulary,Hertfordshire Constabulary,-0.229568,51.765123,On or near TOWN FIELDS,E01023920,Welwyn Hatfield 012A,Investigation complete; no suspect identified
799dba532cc1478ceabe190c35ce42d71ce6f047a66421e9784634eb9a5a16ff,2021-07,Hertfordshire Constabulary,Hertfordshire Constabulary,-0.312394,51.743619,On or near Supermarket,E01023683,St Albans 016C,Investigation complete; no suspect identified
74d00799cb5aae4a556ec408d77f76f65fe06ba608e6c52da9199f556105282d,2021-07,Hertfordshire Constabulary,Hertfordshire Constabulary,-0.028980,51.946576,On or near BALDOCK ROAD,E01023464,East Hertfordshire 001B,Investigation complete; no suspect identified
39c3cd1a74eb17c84778ef7c506d5029d8412dc70f1ca19389ac9341c3df788f,2021-07,Hertfordshire Constabulary,Hertfordshire Constabulary,-0.175497,51.932816,On or near MENDIP WAY,E01033027,North Hertfordshire 005K,Investigation complete; no suspect identified
d6cbfa04be909735cc924a199e4f3681b967b50c590c815ef74483a8ba0be95d,2021-07,Hertfordshire Constabulary,Hertfordshire Constabulary,-0.352109,51.721397,On or near GROVELANDS,E01023719,St Albans 019B,Action to be taken by another organisation
55b7e36a1d34bca2d14b71e879e46581b0397761d28fef2e7d7bcd83a0c8f43c,2021-07,Hertfordshire Constabulary,Hertfordshire Constabulary,-0.223070,51.772633,On or near WARREN CLOSE,E01023929,Welwyn Hatfield 010A,Further investigation is not in the public interest
22db1425b40e1171d5bfb75550fae461119e6388b3d24ac64c5fe590874aebb6,2021-07,Hertfordshire Constabulary,Hertfordshire Constabulary,-0.274374,51.656815,On or near Supermarket,E01023530,Hertsmere 007B,Unable to prosecute suspect
b7082699ca7bf59fe6c32973aa5d9646164f1f09b0394b470f7f06a7caf737ed,2021-07,Hertfordshire Constabulary,Hertfordshire Constabulary,-0.471010,51.749413,On or near WOLSEY ROAD,E01023398,Dacorum 015D,Investigation complete; no suspect identified
bd3da91fff0a2d9e99a52b3430d0f1f6d9c8faf6d11967a457e750b47a0ea50d,2021-07,Hertfordshire Constabulary,Hertfordshire Constabulary,-0.336265,51.748734,On or near KEYFIELD,E01023726,St Albans 012A,Suspect charged
e4366e08fb6e972731bff30d554be6315f2e95ea559cf2f3d87e1d9e8d659ce7,2021-07,Hertfordshire Constabulary,Hertfordshire Constabulary,-0.219415,51.760923,On or near HOWE DELL,E01023924,Welwyn Hatfield 011A,Investigation complete; no suspect identified
b7ad19dd3f62e8286302dbfdfff0f4bd104d5c4b6f5986758290109d7a050fe2,2021-07,Hertfordshire Constabulary,Hertfordshire Constabulary,-0.037445,51.718001,On or near Supermarket,E01023305,Broxbourne 008D,Unable to prosecute suspect
e6868047277576c3bc5bf113c7075b14d0ec9d3d59ea315c50c4e7abd157a6e0,2021-07,Hertfordshire Constabulary,Hertfordshire Constabulary,-0.391555,51.648883,On or near MURIEL AVENUE,E01023862,Watford 009D,Investigation complete; no suspect identified
a32f6225a6bbed51de76884a62456f3e99d694e39ca5a59fe02bdea7dab80185,2021-07,Hertfordshire Constabulary,Hertfordshire Constabulary,-0.278174,51.958343,On or near BRAMPTON PARK ROAD,E01023603,North Hertfordshire 010C,Unable to prosecute suspect
4a38b2fad431ea874c03c2b5ffe3c0d3a6354ba8ce472555f63607d7bc6f3475,2021-07,Hertfordshire Constabulary,Hertfordshire Constabulary,-0.268655,51.661586,On or near MEADOW ROAD,E01023537,Hertsmere 006D,Local resolution
92609cb2f9013d9782dfac4f3adcc6f0fcbcbfe8f4bfcc857bfae0909e2f7c23,2021-07,Hertfordshire Constabulary,Hertfordshire Constabulary,-0.417860,51.667225,On or near LANGLEY WAY,E01023887,Watford 008B,Unable to prosecute suspect
b11d2d36b8984ed7c9f607eddf58806dafbbb8eda26635fad902e94c5da5e2df,2021-07,Hertfordshire Constabulary,Hertfordshire Constabulary,-0.032921,51.684447,On or near HIGH STREET,E01023337,Broxbourne 013B,Further action is not in the public interest
6e1951d5586b3c7a480628646a60568e2e5897ca4968cf5ad01a2232b0fd00b3,2021-07,Hertfordshire Constabulary,Hertfordshire Constabulary,0.032328,51.740734,On or near HOE LANE,E01021794,Epping Forest 002D,Suspect charged
ba04dae0150411d01ae6ca6a54ba71a639e9f471078c562089e2080ff9564a43,2021-07,Hertfordshire Constabulary,Hertfordshire Constabulary,-0.011780,51.753557,On or near ST CROSS COURT,E01023321,Broxbourne 003B,Unable to prosecute suspect
272bc957c36030893f53eead8a47a6511af1a2637dec3978582cf45a7990af34,2021-07,Hertfordshire Constabulary,Hertfordshire Constabulary,-0.379980,51.687318,On or near AMWELL CLOSE,E01023873,Watford 003A,Investigation complete; no suspect identified
d6dae8a1238410199fd1ed9ad45a5ca92aed06e7493fbd894f21d894e5cc7fb1,2021-07,Hertfordshire Constabulary,Hertfordshire Constabulary,-0.241235,51.763599,On or near Supermarket,E01033308,Welwyn Hatfield 010E,Investigation complete; no suspect identified
4c844453bc22f7976307270c69ec240a7c0b0ba2e5bd76dd0185913303d9833b,2021-07,Hertfordshire Constabulary,Hertfordshire Constabulary,-0.368290,51.824832,On or near ROUNDWOOD COURT,E01023690,St Albans 001A,Offender given a caution
d6b0973787b1681756fbaf0d3097936f32059e98ea6b7d91ef8d717a6a2d84c6,2021-07,Hertfordshire Constabulary,Hertfordshire Constabulary,-0.381005,51.650456,On or near BEECHCROFT ROAD,E01023553,Hertsmere 008B,Unable to prosecute suspect
97ea83bb97480d37b51ca590a2fe5ddaac55e8779d4dcc16cf9283a0dc82b32c,2021-07,Hertfordshire Constabulary,Hertfordshire Constabulary,-0.188890,51.989590,On or near HIGH STREET,E01023589,North Hertfordshire 004C,Unable to prosecute suspect
c65c2afdacb63138e2a61f56bca5fcab7b0e56ec33b6e5f5de7fdff336d7449c,2021-07,Hertfordshire Constabulary,Hertfordshire Constabulary,-0.381910,51.679845,On or near GARSMOUTH WAY,E01023876,Watford 003D,Suspect charged
4f25640efb6cd4689577ef19c057ef430f3b22873c20905371edfe48ad4a34a8,2021-07,Hertfordshire Constabulary,Hertfordshire Constabulary,-0.382868,51.643621,On or near HILLSIDE CRESCENT,E01023882,Watford 012A,Investigation complete; no suspect identified
d95906bf99727ea6b0be6fa152453b0a81f13c6a676ba5803fd6013df80d9ade,2021-07,Hertfordshire Constabulary,Hertfordshire Constabulary,-0.016823,51.762140,On or near LANGTON ROAD,E01023323,Broxbourne 003D,Unable to prosecute suspect
ed1aac2bdf9b4665fe3e654541330f52c69a9042eca5dbf742a45cb7f6ffce89,2021-07,Hertfordshire Constabulary,Hertfordshire Constabulary,-0.379355,51.683362,On or near FAIRFOLDS,E01023873,Watford 003A,Local resolution
49c838a395f4e6087e02b60c96cdeb2578604c962a7ffdd4d105caba8b4241fc,2021-07,Hertfordshire Constabulary,Hertfordshire Constabulary,-0.399926,51.657468,On or near Nightclub,E01023861,Watford 009C,Investigation complete; no suspect identified
5a5c426566cd731773cc872851d30084da5068ae23fbbb612559f1810ae07f89,2021-07,Hertfordshire Constabulary,Hertfordshire Constabulary,-0.180722,51.799554,On or near HALL BARNS,E01023944,Welwyn Hatfield 008B,Investigation complete; no suspect identified
e06fbf280ed33bc60feb93995384825f4714044bd1e195864a9c8b844779582a,2021-07,Hertfordshire Constabulary,Hertfordshire Constabulary,-0.339783,51.747615,On or near BELMONT HILL,E01023740,St Albans 017D,Unable to prosecute suspect
365b76ab3f5521907af3f952de2211076de364a9fcc26725e934d229b7ba841c,2021-07,Hertfordshire Constabulary,Hertfordshire Constabulary,-0.219417,51.767497,On or near GROUND LANE,E01023930,Welwyn Hatfield 010B,Unable to prosecute suspect
eb5aff081f0b390ec69c50492b8c8c235bdafafedd677a779f495ca0db85e666,2021-07,Hertfordshire Constabulary,Hertfordshire Constabulary,-0.338140,51.827080,On or near FULMORE CLOSE,E01023687,St Albans 002C,Investigation complete; no suspect identified
539c75496c276184b9d15ec20c3fc1aac73f7062461fe6ea419bf3e8bb209633,2021-07,Hertfordshire Constabulary,Hertfordshire Constabulary,-0.472359,51.759654,On or near HIGH STREET,E01023399,Dacorum 010C,Investigation complete; no suspect identified
24807f95b4a10bf2afa57d266a6948217bfb1e8bc865336172a38c12b7e8e277,2021-07,Hertfordshire Constabulary,Hertfordshire Constabulary,-0.409849,51.643279,On or near MOOR VIEW,E01023865,Watford 011C,Unable to prosecute suspect
3e11939600f98139b7ad63498b560ed081a779f855e7df718206768f476c3549,2021-07,Hertfordshire Constabulary,Hertfordshire Constabulary,-0.504641,51.756203,On or near NEWLANDS ROAD,E01023385,Dacorum 016C,Local resolution
ade3f719dd0f70b545329843fcf4da2b354ba48e924627818e8b1128aa42064b,2021-07,Hertfordshire Constabulary,Hertfordshire Constabulary,-0.328114,51.749796,On or near Parking Area,E01023729,St Albans 012D,Investigation complete; no suspect identified
2c74a23536a3105290f1b3bc68259a9227d7eb1e45b0daec827ca9fb01f07fa0,2021-07,Hertfordshire Constabulary,Hertfordshire Constabulary,-0.201368,51.898028,On or near Supermarket,E01023786,Stevenage 011D,Investigation complete; no suspect identified
75f3cfdda21455219a70e257696c68d87cb928403e9c6085ee87149e801334c8,2021-07,Hertfordshire Constabulary,Hertfordshire Constabulary,-0.044635,51.800283,On or near RYDER CLOSE,E01023484,East Hertfordshire 016C,Unable to prosecute suspect
7087410e3cd0e7661263f8f3a10b9f362490c18e991a50216793ef8c2a4f27dc,2021-07,Hertfordshire Constabulary,Hertfordshire Constabulary,-0.203129,51.784604,On or near ROLLSWOOD,E01023941,Welwyn Hatfield 009C,Investigation complete; no suspect identified
6ead430a5fd074b027700e273fb2d26c22a041c88062136c450dfe71a3535687,2021-07,Hertfordshire Constabulary,Hertfordshire Constabulary,-0.471813,51.632790,On or near FROGMOOR LANE,E01023849,Three Rivers 011D,Investigation complete; no suspect identified
08ed39ac10ebb8998f64738381fa9b4e1bf98bbe287b48a6c3919b0b70674609,2021-07,Hertfordshire Constabulary,Hertfordshire Constabulary,-0.191783,51.909796,On or near GRACE WAY,E01023782,Stevenage 006E,Offender given a caution
c4cfb6bf868182ab63e5bebe5f4a270c6d529cc6b176b9f51c36ff071b53fbc1,2021-07,Hertfordshire Constabulary,Hertfordshire Constabulary,-0.571572,51.763294,On or near PARK STREET,E01023364,Dacorum 009D,Suspect charged
8d1da2acc781b6369d4484b10f4c708a63271918426400a01b18f3bdd58e4d75,2021-07,Hertfordshire Constabulary,Hertfordshire Constabulary,-0.228597,51.968829,On or near Sports/Recreation Area,E01023648,North Hertfordshire 008E,Unable to prosecute suspect
141f8f827a0d636f80a0788ca19aea3b43559a4f0726eb71f00bd5e4289427d2,2021-07,Hertfordshire Constabulary,Hertfordshire Constabulary,-0.181573,51.908092,On or near Pedestrian Subway,E01023781,Stevenage 006D,Investigation complete; no suspect identified
99fa234e8bb9f0d0f6cc779301442344f47b49932c36714456904e3cf820eaa9,2021-07,Hertfordshire Constabulary,Hertfordshire Constabulary,0.003301,51.756799,On or near Parking Area,E01023321,Broxbourne 003B,Unable to prosecute suspect
70bd8b0e145fd53ebda4bc71ff10f32df4c5b1d173978038733bc8c0145098a3,2021-07,Hertfordshire Constabulary,Hertfordshire Constabulary,-0.021243,51.735606,On or near BERNERS WAY,E01023340,Broxbourne 005A,Unable to prosecute suspect
c257f99b70f66fdff4396c41db0bd1319b09c39504668c8d6eed49ab4c97b407,2021-07,Hertfordshire Constabulary,Hertfordshire Constabulary,-0.304488,51.637057,On or near A41,E01023564,Hertsmere 010B,Investigation complete; no suspect identified
3644b777c15b779d048a552063e678c735ab1772d5bbfd5a9b91a2f2b826e74f,2021-07,Hertfordshire Constabulary,Hertfordshire Constabulary,-0.269509,51.943739,On or near PULTER'S WAY,E01023606,North Hertfordshire 013A,Unable to prosecute suspect
de130f61e766d932efa9b00d08bea654c9e5ea9fe1ba29bc3a3e9409c227e820,2021-07,Hertfordshire Constabulary,Hertfordshire Constabulary,-0.339165,51.753028,On or near WADDINGTON ROAD,E01023727,St Albans 012B,Suspect charged
54207634fa699965311e0b808e4e71f3cdddddae50aee7968f7f5b9d4017b71d,2021-07,Hertfordshire Constabulary,Hertfordshire Constabulary,-0.008819,51.770799,On or near STOCKFIELD AVENUE,E01023329,Broxbourne 002C,Suspect charged
ae16d401df52d77208044bd4206278fab022c22be5e0b9dbd45b1960c35f32bf,2021-07,Hertfordshire Constabulary,Hertfordshire Constabulary,-0.442295,51.751599,On or near HOLLY TREE COURT,E01023348,Dacorum 013D,Unable to prosecute suspect
677497adccaf695ad919b7634f8ba9435616e3730250ba4942b0aff97f0ff04e,2021-07,Hertfordshire Constabulary,Hertfordshire Constabulary,-0.191161,51.696270,On or near Parking Area,E01023577,Hertsmere 001B,Unable to prosecute suspect
e555888168eb21b91bb803b6df8612632d0bbaaebf8c1d8bcf54c38d00893ef8,2021-07,Hertfordshire Constabulary,Hertfordshire Constabulary,-0.284794,51.809922,On or near MARFORD ROAD,E01023747,St Albans 004B,Investigation complete; no suspect identified
17b319ab9d37decd3573c14d883366a2b5e59556e6fc43f664b9e6f90bafb6eb,2021-07,Hertfordshire Constabulary,Hertfordshire Constabulary,-0.255373,51.644107,On or near Shopping Area,E01023543,Hertsmere 011E,Investigation complete; no suspect identified
6576a47a9918e15de1057abf038e1888ee2959f582278a20f58178dc584d8d85,2021-07,Hertfordshire Constabulary,Hertfordshire Constabulary,-0.398009,51.656903,On or near Shopping Area,E01023861,Watford 009C,Unable to prosecute suspect
5fa2050b7225c5e906838709faf5c8653b3f4192621184db4b356bbf7e0da665,2021-07,Hertfordshire Constabulary,Hertfordshire Constabulary,-0.401950,51.655401,On or near WHIPPENDELL ROAD,E01023861,Watford 009C,Local resolution
ee7afd058bdf256b0da7c4dd67fc9bef420f0906e53b6d500f050db29131396e,2021-07,Hertfordshire Constabulary,Hertfordshire Constabulary,-0.303082,51.705664,On or near Sports/Recreation Area,E01023720,St Albans 019C,Unable to prosecute suspect
1436a1e55179565861c421582bc27ca1103add51f1a6bd173e921a482582b8b5,2021-07,Hertfordshire Constabulary,Hertfordshire Constabulary,-0.435099,51.763624,On or near CENTRO,E01023345,Dacorum 013A,Investigation complete; no suspect identified
bd3393c6e503948dd3cfb9c0f4a92b1816b8bc07bc9ca51706faa5c408f8c253,2021-07,Hertfordshire Constabulary,Hertfordshire Constabulary,-0.085579,51.724235,On or near BURGESS CLOSE,E01023315,Broxbourne 007D,Investigation complete; no suspect identified
8427bacfc76aafb19f2aaa75341b1f48df185a0dfa7e74aaece279d4f3c7b148,2021-07,Hertfordshire Constabulary,Hertfordshire Constabulary,-0.024410,51.724770,On or near Further/Higher Educational Building,E01023342,Broxbourne 005C,Unable to prosecute suspect
0b7ba73264564694afd687093819c4b129b48ca06e4205ded0cd1ff0bfeb4bb4,2021-07,Hertfordshire Constabulary,Hertfordshire Constabulary,-0.664120,51.798793,On or near BETTY'S LANE,E01023418,Dacorum 003A,Investigation complete; no suspect identified
7f09b0aa6720379208a78ea360482364bdcb3271aacd470ec3fcc193cf7b9c17,2021-07,Hertfordshire Constabulary,Hertfordshire Constabulary,-0.203302,51.903480,On or near Supermarket,E01023758,Stevenage 008D,Unable to prosecute suspect
b74d79903f576898bef8f214d3090f9439824a9e8425fe79424f15e6818aa49d,2021-07,Hertfordshire Constabulary,Hertfordshire Constabulary,-0.198924,51.788990,On or near GREAT LEY,E01023940,Welwyn Hatfield 009B,Suspect charged
477764fc79c3e290fd7f9dc8fffa9f335d17338a17055af2d94948333111afa3,2021-07,Hertfordshire Constabulary,Hertfordshire Constabulary,-0.175128,51.699880,On or near RICHMOND COURT,E01023580,Hertsmere 001E,Unable to prosecute suspect
60b7f08c3beb99f8a0ac1511fcceae7fafe66d95aa3be783aa11a752168183e9,2021-07,Hertfordshire Constabulary,Hertfordshire Constabulary,-0.574022,51.764178,On or near STAG LANE,E01023370,Dacorum 012B,Investigation complete; no suspect identified
9f37875c31549eeba2b9d6d73dff579c62fd5ec3e40eb19ca2bb7aa514863038,2021-07,Hertfordshire Constabulary,Hertfordshire Constabulary,-0.247430,51.764905,On or near ERRINGTON CLOSE,E01033308,Welwyn Hatfield 010E,Investigation complete; no suspect identified
51eac1869278ea13ab6d6f8e9c4e6f3441a8bc1e4da97d5510d5500807abe7ca,2021-07,Hertfordshire Constabulary,Hertfordshire Constabulary,-0.215849,51.925809,On or near Parking Area,E01023800,Stevenage 002E,Unable to prosecute suspect
c77504648cd296a4b0d0121e6abfcabd82c84b0f05171fef4f5738a0db9cd29b,2021-07,Hertfordshire Constabulary,Hertfordshire Constabulary,-0.399433,51.689104,On or near KINGSWOOD ROAD,E01023894,Watford 002E,Unable to prosecute suspect
f9cf947f6853779628b4ae4aeb8e3be7f51d0778af15619c6de45774000bc8b1,2021-07,Hertfordshire Constabulary,Hertfordshire Constabulary,-0.341228,51.764729,On or near GRIMTHORPE CLOSE,E01023672,St Albans 009D,Investigation complete; no suspect identified
0fc9f38de648b6b14743421ca2d940447e1ed9894ee775babd91a8025606affd,2021-07,Hertfordshire Constabulary,Hertfordshire Constabulary,-0.442925,51.780444,On or near DUNSTER ROAD,E01023435,Dacorum 005B,Investigation complete; no suspect identified
e92645b7e2ad7dc2c5a13c37a242178b668a4e2422943085219ae9ecdbd8930d,2021-07,Hertfordshire Constabulary,Hertfordshire Constabulary,-0.273277,51.669307,On or near RESTON CLOSE,E01023534,Hertsmere 006A,Unable to prosecute suspect
1e3812438737ae6adccc65b09511d7216481f42ebfeda14e270535452a6505c5,2021-07,Hertfordshire Constabulary,Hertfordshire Constabulary,-0.232845,51.763221,On or near Parking Area,E01023921,Welwyn Hatfield 012B,Unable to prosecute suspect
25356d08d924244071f0309d3d90697d6895afab22b3844ac23a581fb76fe78e,2021-07,Hertfordshire Constabulary,Hertfordshire Constabulary,-0.235450,51.763305,On or near DE HAVILLAND CLOSE,E01023921,Welwyn Hatfield 012B,Unable to prosecute suspect
98faf69e0a32ccf132d552c3782273364d00717be79558c6d8c69ee690fd30a8,2021-07,Hertfordshire Constabulary,Hertfordshire Constabulary,-0.334894,51.926052,On or near KING'S WALDEN ROAD,E01023653,North Hertfordshire 014F,Investigation complete; no suspect identified
ad95d0d08308b8828fef9f7c9cc040289aab4ce0042de36b4746565a2de26d18,2021-07,Hertfordshire Constabulary,Hertfordshire Constabulary,-0.470965,51.747749,On or near SELDEN HILL,E01023398,Dacorum 015D,Unable to prosecute suspect
121d2bd8a026a52ab21661736c2201862759637c3ef9652184143d51e96c93de,2021-07,Hertfordshire Constabulary,Hertfordshire Constabulary,-0.194819,51.890636,On or near Pedestrian Subway,E01023786,Stevenage 011D,Investigation complete; no suspect identified
e49fe450e0457fcf7eba68a30bd22ecf17a72ef55154a055b8e2aa391a887c97,2021-07,Hertfordshire Constabulary,Hertfordshire Constabulary,,,No location,,,Unable to prosecute suspect
d9239f4714b1efa2f9216b7540c0add1d229a5bf58061567797465f9f1e83eec,2021-07,Hertfordshire Constabulary,Hertfordshire Constabulary,-0.200882,51.693056,On or near ELMFIELD ROAD,E01023569,Hertsmere 002C,Investigation complete; no suspect identified
cae1ba837e340ba6a04825100e6f814079d94d1333de5c5e7b2012c12b7c24ac,2021-07,Hertfordshire Constabulary,Hertfordshire Constabulary,-0.164254,51.892150,On or near BANDLEY RISE,E01023751,Stevenage 009B,Investigation complete; no suspect identified
bc819366d714bf2aef6dab2dbcc0a70f0471f1c5a8a597fe74ef42504d82342d,2021-07,Hertfordshire Constabulary,Hertfordshire Constabulary,-0.312520,51.743342,On or near CELL BARNES LANE,E01023683,St Albans 016C,Investigation complete; no suspect identified
430b122028c2665d14706eb79f6d01cf761e5855fff91b94ca0baffebc325d70,2021-07,Hertfordshire Constabulary,Hertfordshire Constabulary,-0.461552,51.766851,On or near WESTERDALE,E01023405,Dacorum 008E,Suspect charged
a5e0508dec1eb285e93bc18cdb530478684412321db1ebde0c85cc88ae0a5d27,2021-07,Hertfordshire Constabulary,Hertfordshire Constabulary,0.012918,51.786345,On or near THELE AVENUE,E01023504,East Hertfordshire 018E,Investigation complete; no suspect identified
5976a62860fc5d8fe46e70afa971eb44687783d267c5beb7ea13c28e35a035c8,2021-07,Hertfordshire Constabulary,Hertfordshire Constabulary,-0.395758,51.655118,On or near HIGH STREET,E01023862,Watford 009D,Unable to prosecute suspect
a981d5d32cf37abe57f7ab19f3e0080308dde7016b3cb465c58f80ad5feb96da,2021-07,Hertfordshire Constabulary,Hertfordshire Constabulary,-0.329556,51.677674,On or near RENDLESHAM AVENUE,E01023527,Hertsmere 005E,Unable to prosecute suspect
4eba0a5c1a2c65c991adf458e7809a67be16805a5e296f0efeaa541333d53707,2021-07,Hertfordshire Constabulary,Hertfordshire Constabulary,-0.468666,51.764741,On or near THRIFTFIELD,E01023404,Dacorum 008D,Unable to prosecute suspect
c973fdb37ec2d39dcde83e2e7ae16984a54234e8f2bfac5b5c405f4f076fbd52,2021-07,Hertfordshire Constabulary,Hertfordshire Constabulary,-0.427478,51.695975,On or near LONG ELMS,E01023829,Three Rivers 002A,Investigation complete; no suspect identified
c5199f2526de81a2e976c9c3e349ed0dfdfe25ff3fd671259991a98b2977d76f,2021-07,Hertfordshire Constabulary,Hertfordshire Constabulary,-0.417645,51.701203,On or near OAK GREEN,E01023830,Three Rivers 002B,Investigation complete; no suspect identified
206aa07d532085c59fa86494070fbedf6eeefdf887346d8202a390f38ef67ccd,2021-07,Hertfordshire Constabulary,Hertfordshire Constabulary,-0.339064,51.767216,On or near FRANCIS AVENUE,E01023672,St Albans 009D,Unable to prosecute suspect
d818a5c148dc392d86642c2b2289e07a8a50e7705db239d288551d31198991e0,2021-07,Hertfordshire Constabulary,Hertfordshire Constabulary,-0.219571,51.924373,On or near Petrol Station,E01023800,Stevenage 002E,Unable to prosecute suspect
0c4ba3eb7a1994516f6fc8969bc4e1b95f6b859fa194b479bb0affd243f4b57a,2021-07,Hertfordshire Constabulary,Hertfordshire Constabulary,0.012918,51.786345,On or near THELE AVENUE,E01023504,East Hertfordshire 018E,Unable to prosecute suspect
c3a526f21ed8b57a20246c2902556815e5d9353e77f68e5951c1d1a87111275f,2021-07,Hertfordshire Constabulary,Hertfordshire Constabulary,-0.275172,51.668156,On or near DIGSWELL CLOSE,E01023535,Hertsmere 006B,Investigation complete; no suspect identified
56f391d529c4854fdfb43edc4ed014c5ceb6ac3c07638840cf7699bfee354b26,2021-07,Hertfordshire Constabulary,Hertfordshire Constabulary,-0.465873,51.736839,On or near Shopping Area,E01033023,Dacorum 018H,Investigation complete; no suspect identified
17973a0b78ca2f30ca2b5be0ced6043ae54c6a3ef0e69257dd0cf5bceaa3f462,2021-07,Hertfordshire Constabulary,Hertfordshire Constabulary,-0.407805,51.684704,On or near CLARKE WAY,E01023891,Watford 002B,Local resolution
1241e90f3c6289c1498bbece15549be187caa759ad1d233e7c987dcb769e9715,2021-07,Hertfordshire Constabulary,Hertfordshire Constabulary,-0.367562,51.646844,On or near FALCONER ROAD,E01023563,Hertsmere 012F,Unable to prosecute suspect
de1747af26c6cd568469f57fafebb844bd586c4b7e21bce1ac879a1721ee66ec,2021-07,Hertfordshire Constabulary,Hertfordshire Constabulary,-0.266376,51.651212,On or near NEWTON CRESCENT,E01023540,Hertsmere 011B,Investigation complete; no suspect identified
b0492ebccb897d49a50c05e1196e98b160210c96938cd1c3e5a06ec97fadeeed,2021-07,Hertfordshire Constabulary,Hertfordshire Constabulary,-0.169992,51.690160,On or near PARK AVENUE,E01023574,Hertsmere 003D,Unable to prosecute suspect
6f259c326ea83f4946e443005e9aaf6c7a11ca06e8989467d6c753e97e2aac66,2021-07,Hertfordshire Constabulary,Hertfordshire Constabulary,-0.241190,51.984781,On or near VALLEY ROAD,E01023652,North Hertfordshire 007D,Unable to prosecute suspect
42017151da3ac3d7f2c62d48c73c963ca97bb32dc54ad4fdefa180f3780a3dd9,2021-07,Hertfordshire Constabulary,Hertfordshire Constabulary,-0.470828,51.753952,On or near Supermarket,E01023398,Dacorum 015D,Suspect charged
29246eb55334a4514126265e276f682f93c8c6a9e48bd8f945aa48a34b73d36d,2021-07,Hertfordshire Constabulary,Hertfordshire Constabulary,,,No location,,,Investigation complete; no suspect identified
94fc036cfdc027728f2a2b91920a1cc80888b9fe8d86ff62757e4258396d5ab9,2021-07,Hertfordshire Constabulary,Hertfordshire Constabulary,-0.305078,51.751759,On or near REDWOOD CLOSE,E01023665,St Albans 013B,Unable to prosecute suspect
5c66a39aa1e631e0f560fad2181763f56b85bfce4d1ede159835dfc8a0df5572,2021-07,Hertfordshire Constabulary,Hertfordshire Constabulary,0.136627,51.872809,On or near BURGHLEY AVENUE,E01023454,East Hertfordshire 003C,Investigation complete; no suspect identified
21d336fd609e26fe4bd1d42bfcf481bab00f26f023c80d2905c689179962db9a,2021-07,Hertfordshire Constabulary,Hertfordshire Constabulary,-0.343420,51.772142,On or near FLINT WAY,E01023671,St Albans 009C,Unable to prosecute suspect
4fb03828253d2101f1f96ecd733c4f6d75dc17726303a5d43ade8b721d2bfe34,2021-07,Hertfordshire Constabulary,Hertfordshire Constabulary,-0.367290,51.648764,On or near Sports/Recreation Area,E01023563,Hertsmere 012F,Investigation complete; no suspect identified
28c222c10753896e38ed49bb3b01d40f178e24b5f99b4caf550be7926358c97d,2021-07,Hertfordshire Constabulary,Hertfordshire Constabulary,-0.011707,52.048201,On or near MARTINGALE ROAD,E01023658,North Hertfordshire 002E,Suspect charged
0a500652cdc4ff98d2f55a3641d1ffa698c4d11296fc52f7b3dbd406a96de561,2021-07,Hertfordshire Constabulary,Hertfordshire Constabulary,-0.331416,51.974728,On or near LITTLE LANE,E01023653,North Hertfordshire 014F,Investigation complete; no suspect identified
77a913e2ce2129cf8f3ae3276ca24b148f5ffe45ae7aa5407a8e49422bbefe07,2021-07,Hertfordshire Constabulary,Hertfordshire Constabulary,-0.234913,51.750682,On or near Further/Higher Educational Building,E01023937,Welwyn Hatfield 013E,Unable to prosecute suspect
7d9a718c6c1e14ad93aa5128c365a55fdf4359f99e59c165b837b8cb4bb47f41,2021-07,Hertfordshire Constabulary,Hertfordshire Constabulary,-0.034185,51.711049,On or near HIGH STREET,E01023302,Broxbourne 008A,Unable to prosecute suspect
ac6e02b97413f53b735763469171baf0ccde75c8c432ed45f5d263edee27f8b4,2021-07,Hertfordshire Constabulary,Hertfordshire Constabulary,-0.411757,51.651110,On or near QUEENS AVENUE,E01023863,Watford 011A,Investigation complete; no suspect identified
f2ba8d052e0efcc9436b7830915850bb85e7f3b153a4fa1fd78becde4cb828d8,2021-07,Hertfordshire Constabulary,Hertfordshire Constabulary,-0.012491,51.759792,On or near Supermarket,E01023320,Broxbourne 003A,Unable to prosecute suspect
745b50146e002846059bdfd6d173dde251dda0c75a377f05baf0252100d30dd3,2021-07,Hertfordshire Constabulary,Hertfordshire Constabulary,-0.341163,51.761356,On or near ALBAN AVENUE,E01023670,St Albans 009B,Unable to prosecute suspect
6e90a0ab63bf284fb1ef593a126fc4c13f4de4487ebdc753b7b274bf55c27d38,2021-07,Hertfordshire Constabulary,Hertfordshire Constabulary,-0.342018,51.640219,On or near LITTLE BUSHEY LANE,E01023549,Hertsmere 013B,Unable to prosecute suspect
0de93ae8dc4d3a0a955fb3a085f5a780bc96bdfea6e80378656f9adda48aba45,2021-07,Hertfordshire Constabulary,Hertfordshire Constabulary,-0.461738,51.735786,On or near MINOAN DRIVE,E01033022,Dacorum 018G,Unable to prosecute suspect
e04e9c7c5a8c503fb02dd752f249044ec48fbf134a7e898c41b264cdda9cf37d,2021-07,Hertfordshire Constabulary,Hertfordshire Constabulary,-0.389049,51.661285,On or near BROCKLESBURY CLOSE,E01023860,Watford 009B,Unable to prosecute suspect
fd163492f8ded8a1cdaa88a649cf9a3c63f603e3ee055db1c1c978f8ea644c97,2021-07,Hertfordshire Constabulary,Hertfordshire Constabulary,-0.407059,51.802299,On or near HILLTOP,E01023723,St Albans 006B,Unable to prosecute suspect
5645c968410512aaaa717728d884bd6b93b015bc2272d77b14d62a679dad1357,2021-07,Hertfordshire Constabulary,Hertfordshire Constabulary,-0.381219,51.646493,On or near CHALK HILL,E01023884,Watford 012C,Unable to prosecute suspect
8ae4f0bd833f9e935adfe788fdd5401e4771556c4b57ec77a07eba0fee51a27f,2021-07,Hertfordshire Constabulary,Hertfordshire Constabulary,-0.397318,51.655158,On or near Nightclub,E01023862,Watford 009D,Unable to prosecute suspect
2cd7ffb876d021d16ac1a9844c347c87f6f233ff18b04bbb649eb50303561da6,2021-07,Hertfordshire Constabulary,Hertfordshire Constabulary,-0.454850,51.758544,On or near GREAT ROAD,E01023351,Dacorum 015C,Suspect charged
98b1867710ec56be7e72124ed915077b2a2ea2c4d9cd96920f22bc4a3829754f,2021-07,Hertfordshire Constabulary,Hertfordshire Constabulary,-0.034567,51.705229,On or near CLARENDON PARADE,E01023301,Broxbourne 010E,Investigation complete; no suspect identified
61207520cea40057a31dd1bb13361f96119a8ca4b45d5ecf2fbf2bc40eada58d,2021-07,Hertfordshire Constabulary,Hertfordshire Constabulary,-0.050614,51.802217,On or near COCKBUSH AVENUE,E01023484,East Hertfordshire 016C,Unable to prosecute suspect
6fd3a4774b6f42b6e6fb42eac07bdf8c3703c5f4f095e5a6d8c97846bcc1e6a7,2021-07,Hertfordshire Constabulary,Hertfordshire Constabulary,-0.196510,51.895589,On or near ELDER WAY,E01023755,Stevenage 008A,Investigation complete; no suspect identified
5a23e2866adbf10310e76a0a4672d69adb696e2fffedfa10b7b4036f3b610910,2021-07,Hertfordshire Constabulary,Hertfordshire Constabulary,-0.394637,51.676216,On or near NESTON ROAD,E01023858,Watford 006D,Unable to prosecute suspect
