Crime ID,Month,Reported by,Falls within,Longitude,Latitude,Location,LSOA code,LSOA name,Crime type,Last outcome category,Context
,2021-07,Cumbria Constabulary,Cumbria Constabulary,-3.383071,54.871172,On or near Fell Close,E01019126,Allerdale 001A,Anti-social behaviour,,
,2021-07,Cumbria Constabulary,Cumbria Constabulary,-3.387252,54.864941,On or near Holliday Crescent,E01019126,Allerdale 001A,Anti-social behaviour,,
,2021-07,Cumbria Constabulary,Cumbria Constabulary,-3.384716,54.868224,On or near Skiddaw Street,E01019126,Allerdale 001A,Anti-social behaviour,,
62aaf36d36a1a4b7a49681b5eb34523debad22be3c2196c1f133c1ed26782664,2021-07,Cumbria Constabulary,Cumbria Constabulary,-3.387233,54.868024,On or near Eden Street,E01019126,Allerdale 001A,Drugs,Court result unavailable,
d947658c0a7f61e7300d10c060cedea0a97f06781300a7f0f62f47a0f6e8eeff,2021-07,Cumbria Constabulary,Cumbria Constabulary,-3.389249,54.865467,On or near Links Close,E01019126,Allerdale 001A,Violence and sexual offences,Investigation complete; no suspect identified,
5978764faa4a76f0e02b826cd28ccc0887795ae48cd428c2690ea947f90d6474,2021-07,Cumbria Constabulary,Cumbria Constabulary,-3.386686,54.868884,On or near Wampool Street,E01019126,Allerdale 001A,Violence and sexual offences,Unable to prosecute suspect,
48579a6ef0983ed0c1d897b6bdd1f71252161f557a9ee10ff554b0d728fc6be2,2021-07,Cumbria Constabulary,Cumbria Constabulary,-3.381267,54.869917,On or near Skiddaw Close,E01019126,Allerdale 001A,Violence and sexual offences,Unable to prosecute suspect,
43c6d2dd23b9ea55534267528aed140f71bca372d4c52cb385fd2756523b33c2,2021-07,Cumbria Constabulary,Cumbria Constabulary,-3.382463,54.870236,On or near Fell View,E01019126,Allerdale 001A,Violence and sexual offences,Unable to prosecute suspect,
c466794200d247ec407dcc4b3a6a6ffadaea8db95af887d67b9f55b427029de3,2021-07,Cumbria Constabulary,Cumbria Constabulary,-3.384851,54.860349,On or near B5301,E01019126,Allerdale 001A,Violence and sexual offences,Unable to prosecute suspect,
3de18a1837cb9f4f54578aa01e0940d5ec8c8d91ca04fef692f71849369da90f,2021-07,Cumbria Constabulary,Cumbria Constabulary,-3.382030,54.870357,On or near Pennine Close,E01019126,Allerdale 001A,Violence and sexual offences,Unable to prosecute suspect,
21c11dde1058c27d8481bc513d354a19b0957379d9b880b2be764572600be1f6,2021-07,Cumbria Constabulary,Cumbria Constabulary,-3.389249,54.865467,On or near Links Close,E01019126,Allerdale 001A,Violence and sexual offences,Unable to prosecute suspect,
8bf237d0b7fea613ce37024655468763c268dec1bc1c39686065fe5c56170e50,2021-07,Cumbria Constabulary,Cumbria Constabulary,-3.385549,54.873436,On or near School Lane,E01019127,Allerdale 001B,Criminal damage and arson,Local resolution,
57e065b01a5946aa9de78344d314a90cfbb8adf210118f27915b468e1a54914a,2021-07,Cumbria Constabulary,Cumbria Constabulary,-3.379404,54.875123,On or near Meadow View Park,E01019127,Allerdale 001B,Other theft,Investigation complete; no suspect identified,
bb979ac65a0e8efdca27b7c6031800b1264162e5e2bda7c1350cb60ef0dc8b3f,2021-07,Cumbria Constabulary,Cumbria Constabulary,-3.377414,54.883037,On or near Skinburness Road,E01019127,Allerdale 001B,Public order,Unable to prosecute suspect,
767442e6c3df9e3975bbbac2290d50aa9ee418d205827233fde37d2f503b8e44,2021-07,Cumbria Constabulary,Cumbria Constabulary,-3.379108,54.878326,On or near Skinburness Drive,E01019127,Allerdale 001B,Violence and sexual offences,Unable to prosecute suspect,
1aaae95510c1dd967cb770d103ba9b8a56b19607bee5c0ecffb0bf5a9407e544,2021-07,Cumbria Constabulary,Cumbria Constabulary,-3.385549,54.873436,On or near School Lane,E01019127,Allerdale 001B,Violence and sexual offences,Unable to prosecute suspect,
1f39572571a82d589ff428fa769c7ae83eace4dfcaf633382a7eb673c5162ff5,2021-07,Cumbria Constabulary,Cumbria Constabulary,-3.357459,54.861198,On or near Airport/Airfield,E01019127,Allerdale 001B,Violence and sexual offences,Unable to prosecute suspect,
2be72f857e85eec222cd8235cf5bf3468901c6af816138bf331b0517a13d511f,2021-07,Cumbria Constabulary,Cumbria Constabulary,-3.385549,54.873436,On or near School Lane,E01019127,Allerdale 001B,Violence and sexual offences,Court result unavailable,
733b62effdf702a0da87230e25e278db6b980e58f8cf4df331f5e4e649398f3c,2021-07,Cumbria Constabulary,Cumbria Constabulary,-3.386735,54.871211,On or near Waver Court,E01019127,Allerdale 001B,Violence and sexual offences,Unable to prosecute suspect,
b78e4992911fa2835b808eec8d9c53c0cb42685adb695aee82ade328974a5188,2021-07,Cumbria Constabulary,Cumbria Constabulary,-3.385549,54.873436,On or near School Lane,E01019127,Allerdale 001B,Violence and sexual offences,Unable to prosecute suspect,
5d13de641bb2a45e46a3b944b2b297c76d2ab7bb54777eea265fc538008d6652,2021-07,Cumbria Constabulary,Cumbria Constabulary,-3.385549,54.873436,On or near School Lane,E01019127,Allerdale 001B,Violence and sexual offences,Unable to prosecute suspect,
8cc41c6a3192ea7bd23e6b3420ab31d39ede758c2783ec25899233c511a58954,2021-07,Cumbria Constabulary,Cumbria Constabulary,-3.357459,54.861198,On or near Airport/Airfield,E01019127,Allerdale 001B,Violence and sexual offences,Unable to prosecute suspect,
342e27ae33c3b79b0368fa078d41cb406b14360f8942c9ca10b0ff3998fc3105,2021-07,Cumbria Constabulary,Cumbria Constabulary,-3.357459,54.861198,On or near Airport/Airfield,E01019127,Allerdale 001B,Violence and sexual offences,Unable to prosecute suspect,
,2021-07,Cumbria Constabulary,Cumbria Constabulary,-3.224989,54.791447,On or near Conference/Exhibition Centre,E01019132,Allerdale 001C,Anti-social behaviour,,
31dd0362881c6a62f5eb4f8632c7a119e7cbe2745e063a3e7dbc26b977c3cbbf,2021-07,Cumbria Constabulary,Cumbria Constabulary,-3.224989,54.791447,On or near Conference/Exhibition Centre,E01019132,Allerdale 001C,Criminal damage and arson,Investigation complete; no suspect identified,
c68c84f10fa33749c16cb04c75d760d0c520c1cbe28e345664d1e85f3d907086,2021-07,Cumbria Constabulary,Cumbria Constabulary,-3.246019,54.886029,On or near Smithy Garth,E01019132,Allerdale 001C,Public order,Investigation complete; no suspect identified,
eeae3b9ae9e2b4e971288797b58bd05dba6ff55cbf76a819471229fddcaa5e46,2021-07,Cumbria Constabulary,Cumbria Constabulary,-3.202628,54.893692,On or near The Lees,E01019132,Allerdale 001C,Vehicle crime,Court result unavailable,
787fc285cce64979a3cc5e0e23bb75f6e364945e7e051c72fd3ee8e5ab1db123,2021-07,Cumbria Constabulary,Cumbria Constabulary,-3.181580,54.819126,On or near The Brook,E01019132,Allerdale 001C,Violence and sexual offences,Unable to prosecute suspect,
,2021-07,Cumbria Constabulary,Cumbria Constabulary,-3.150047,54.818548,On or near Highmoor Gardens,E01019134,Allerdale 001D,Anti-social behaviour,,
60fb92d911ac597de01e65ab26ac153eaac6b41713dadbd7d974db912905645f,2021-07,Cumbria Constabulary,Cumbria Constabulary,-3.149573,54.817735,On or near The Crescent,E01019134,Allerdale 001D,Public order,Unable to prosecute suspect,
06a5211dc8df3908bdf98f6231e18a5a095aae75f35cb81f5fbb004163f0965c,2021-07,Cumbria Constabulary,Cumbria Constabulary,-3.158926,54.818284,On or near South End,E01019134,Allerdale 001D,Public order,Unable to prosecute suspect,
500ac99d6ee5c0bbca34940368ad6850642d0d2935f3804e6a080453e5217175,2021-07,Cumbria Constabulary,Cumbria Constabulary,-3.158926,54.818284,On or near South End,E01019134,Allerdale 001D,Violence and sexual offences,Unable to prosecute suspect,
d068c701d797be5b7ea0c430dbc1adaac8f1fdd46cd7c11b8eb0ef8281e2f906,2021-07,Cumbria Constabulary,Cumbria Constabulary,-3.152648,54.815890,On or near The Hawthorns,E01019134,Allerdale 001D,Violence and sexual offences,Unable to prosecute suspect,
0373cc4d4da03e456daa84af51bb65c851efc00a48f4a801996e42b9764ad92d,2021-07,Cumbria Constabulary,Cumbria Constabulary,-3.158926,54.818284,On or near South End,E01019134,Allerdale 001D,Violence and sexual offences,Unable to prosecute suspect,
,2021-07,Cumbria Constabulary,Cumbria Constabulary,-3.172741,54.829376,On or near Station Hill,E01019135,Allerdale 001E,Anti-social behaviour,,
cc9ea5d90276e811a9ce63813b38524526cab9e179b37dbc8387d32623200b4e,2021-07,Cumbria Constabulary,Cumbria Constabulary,-3.175562,54.823588,On or near Wampool Place,E01019135,Allerdale 001E,Criminal damage and arson,Local resolution,
b4dea89e99fdec3fc2cd85eed03281d8a87e91844b4cc371dee302da8f62bf6e,2021-07,Cumbria Constabulary,Cumbria Constabulary,-3.172818,54.823974,On or near Wiza Avenue,E01019135,Allerdale 001E,Criminal damage and arson,Investigation complete; no suspect identified,
97a84e3497c0aaf02bd8ae067d6e136cc458f264ac9b6dc2b72adf70855b3572,2021-07,Cumbria Constabulary,Cumbria Constabulary,-3.162993,54.824950,On or near Union Street,E01019135,Allerdale 001E,Drugs,Court result unavailable,
c42298b931e1cc22953f032b5a3eeae50d420d1db910da2bc3b3451d22fb61c9,2021-07,Cumbria Constabulary,Cumbria Constabulary,-3.172741,54.829376,On or near Station Hill,E01019135,Allerdale 001E,Public order,Unable to prosecute suspect,
cca024a897a0ce82a9d9463b2455cae6ac4869df8b6e8c87636f4ca2ea7d8929,2021-07,Cumbria Constabulary,Cumbria Constabulary,-3.172818,54.823974,On or near Wiza Avenue,E01019135,Allerdale 001E,Public order,Unable to prosecute suspect,
ed183b61a8c0d2fb1ba6f048c31b8410575e8f2202df43b0a045593dbeef14cb,2021-07,Cumbria Constabulary,Cumbria Constabulary,-3.172741,54.829376,On or near Station Hill,E01019135,Allerdale 001E,Violence and sexual offences,Unable to prosecute suspect,
9f8e0c0387041b1dad556a5acaf2a747138506c7ae6e5d66d76214e97e15dfa3,2021-07,Cumbria Constabulary,Cumbria Constabulary,-3.172818,54.823974,On or near Wiza Avenue,E01019135,Allerdale 001E,Violence and sexual offences,Unable to prosecute suspect,
87d2573d9edeef48c439eeb41a4f8d9c5e628629a196326a7c0ab181147165d1,2021-07,Cumbria Constabulary,Cumbria Constabulary,-3.176429,54.823454,On or near Meadow Road,E01019135,Allerdale 001E,Violence and sexual offences,Unable to prosecute suspect,
b3749eb7d11075bb4a914a774f212706994548d1c90c52a615c9462a4910fa2c,2021-07,Cumbria Constabulary,Cumbria Constabulary,-3.172394,54.824931,On or near Burnside,E01019135,Allerdale 001E,Violence and sexual offences,Further investigation is not in the public interest,
86fb9e0872b6b1f978592933c06c36699afdb54d4d9be9a4d8aba924fdbdf9c7,2021-07,Cumbria Constabulary,Cumbria Constabulary,-3.172741,54.829376,On or near Station Hill,E01019135,Allerdale 001E,Violence and sexual offences,Unable to prosecute suspect,
,2021-07,Cumbria Constabulary,Cumbria Constabulary,-3.160499,54.825917,On or near Petrol Station,E01019136,Allerdale 001F,Anti-social behaviour,,
dd86ab6cfb172b2af6ec08695c0a138314983b0fad91545de39888f0a6c2a0bf,2021-07,Cumbria Constabulary,Cumbria Constabulary,-3.162442,54.827435,On or near Station Road,E01019136,Allerdale 001F,Public order,Unable to prosecute suspect,
4bda9ae6688c8aaeb6b81c343b81ccfccb7d1547dc73a5cd6dd29e8952b0d3c5,2021-07,Cumbria Constabulary,Cumbria Constabulary,-3.157394,54.827295,On or near The Stampery,E01019136,Allerdale 001F,Public order,Investigation complete; no suspect identified,
359fd604594ccbdf218c24bb0fd7d8cc0ff3838a6618ed950e86f6799bc62c31,2021-07,Cumbria Constabulary,Cumbria Constabulary,-3.149520,54.821366,On or near Scholars Green,E01019136,Allerdale 001F,Vehicle crime,Unable to prosecute suspect,
5c393f0fbd8c8e3a71019457d22247552a0552d005d37bb0c9358a1750ee16f2,2021-07,Cumbria Constabulary,Cumbria Constabulary,-3.149520,54.821366,On or near Scholars Green,E01019136,Allerdale 001F,Violence and sexual offences,Investigation complete; no suspect identified,
7253d3825f40ad0235639d1431116ae6944bc9b2663c90b4ab6b1ec9d6234c43,2021-07,Cumbria Constabulary,Cumbria Constabulary,-3.168513,54.830127,On or near Highfield Park,E01019136,Allerdale 001F,Violence and sexual offences,Unable to prosecute suspect,
bfa21bb80f4ef0a1b64703c47cfd520b89c40b089b0bdbd8c0cdbf4a96371b72,2021-07,Cumbria Constabulary,Cumbria Constabulary,-3.160499,54.825917,On or near Petrol Station,E01019136,Allerdale 001F,Violence and sexual offences,Unable to prosecute suspect,
,2021-07,Cumbria Constabulary,Cumbria Constabulary,-3.159328,54.824697,On or near Water Street,E01019137,Allerdale 001G,Anti-social behaviour,,
,2021-07,Cumbria Constabulary,Cumbria Constabulary,-3.161289,54.824678,On or near Market Place,E01019137,Allerdale 001G,Anti-social behaviour,,
9c5dad8f07636fd1cc7704f79d7989037c4a6158386444e2500c986a320cc20b,2021-07,Cumbria Constabulary,Cumbria Constabulary,-3.160717,54.825358,On or near Supermarket,E01019137,Allerdale 001G,Burglary,Local resolution,
1a77fadd551be28275bb53887dcd03a6183933cad46600f57cd3700df64cb17d,2021-07,Cumbria Constabulary,Cumbria Constabulary,-3.158944,54.825420,On or near Reed'S Lane,E01019137,Allerdale 001G,Criminal damage and arson,Unable to prosecute suspect,
fee76e4f1b20b531c1a8b9ab6243abe26847d9ee9421cf4664ec56b057910927,2021-07,Cumbria Constabulary,Cumbria Constabulary,-3.162565,54.822500,On or near Park Square,E01019137,Allerdale 001G,Drugs,Offender given a caution,
4b214350841388276fda1875d8e2b42a8e959fb600644056d41bfd216c82762f,2021-07,Cumbria Constabulary,Cumbria Constabulary,-3.158944,54.825420,On or near Reed'S Lane,E01019137,Allerdale 001G,Other theft,Unable to prosecute suspect,
94538c806e23205968acb293419f5c8cd6068ed218acbf6c9e0b22b8bf364e53,2021-07,Cumbria Constabulary,Cumbria Constabulary,-3.158944,54.825420,On or near Reed'S Lane,E01019137,Allerdale 001G,Public order,Unable to prosecute suspect,
d92b7e3d9025118859e076be1d9cea8123b5ad00aadcf5827937a73fc440f95b,2021-07,Cumbria Constabulary,Cumbria Constabulary,-3.159922,54.824242,On or near Parking Area,E01019137,Allerdale 001G,Public order,Unable to prosecute suspect,
5bb64ae3450307dc4e2ef44794031dbdb4c3737f3dfa8eb2d45b28afcf125e91,2021-07,Cumbria Constabulary,Cumbria Constabulary,-3.163412,54.824352,On or near Manor Court,E01019137,Allerdale 001G,Violence and sexual offences,Court result unavailable,
a7a451dfcf6c21de517d1db39a9740a32c1e06cc1d4e1c843d133828002172af,2021-07,Cumbria Constabulary,Cumbria Constabulary,-3.159818,54.821160,On or near South End,E01019137,Allerdale 001G,Violence and sexual offences,Unable to prosecute suspect,
e0e0430f7ace310fb870836c36079ca0c833c498a1c8d54533efca692571e9b1,2021-07,Cumbria Constabulary,Cumbria Constabulary,-3.162213,54.824355,On or near West Street,E01019137,Allerdale 001G,Violence and sexual offences,Unable to prosecute suspect,
b2f69f2d3a45605b4c3dd9d1fdd654e848dea34b9c073ec9dbf0a1544e17328c,2021-07,Cumbria Constabulary,Cumbria Constabulary,-3.158944,54.825420,On or near Reed'S Lane,E01019137,Allerdale 001G,Violence and sexual offences,Unable to prosecute suspect,
0264e4224a44d4148af6211791504730d38d261d2dbbccc921686e13e0cf4a59,2021-07,Cumbria Constabulary,Cumbria Constabulary,-3.158944,54.825420,On or near Reed'S Lane,E01019137,Allerdale 001G,Violence and sexual offences,Unable to prosecute suspect,
3058d0817ddb4b4216188e6aa2cb697e35913ee5cacfcdf00b5d1c47bf75a271,2021-07,Cumbria Constabulary,Cumbria Constabulary,-3.158944,54.825420,On or near Reed'S Lane,E01019137,Allerdale 001G,Violence and sexual offences,Unable to prosecute suspect,
b15e80fe526c47e1256a73939d1d5a63b1de4da599230b1aa8d590cbe081c92b,2021-07,Cumbria Constabulary,Cumbria Constabulary,-3.162385,54.817325,On or near Longthwaite Crescent,E01019137,Allerdale 001G,Violence and sexual offences,Unable to prosecute suspect,
986cbac087f764ab2c9814673ac2cb55808aeb255a35b15efa9ae663eb50a564,2021-07,Cumbria Constabulary,Cumbria Constabulary,-3.158944,54.825420,On or near Reed'S Lane,E01019137,Allerdale 001G,Violence and sexual offences,Unable to prosecute suspect,
7a13dad6288470294b911c1fc33c09c56b2da26a5a8d4d066afdd4dc40b00842,2021-07,Cumbria Constabulary,Cumbria Constabulary,-3.158944,54.825420,On or near Reed'S Lane,E01019137,Allerdale 001G,Violence and sexual offences,Unable to prosecute suspect,
b039d2b04a8d9fa5173f76ff72d4ee95223921656af0cbaa462fdecce4dc466f,2021-07,Cumbria Constabulary,Cumbria Constabulary,-3.158944,54.825420,On or near Reed'S Lane,E01019137,Allerdale 001G,Violence and sexual offences,Unable to prosecute suspect,
d99c503f00e81dc93f2497ce04a88173b89ef6849ab91c1e02e01255b01bc6c8,2021-07,Cumbria Constabulary,Cumbria Constabulary,-3.159922,54.824242,On or near Parking Area,E01019137,Allerdale 001G,Violence and sexual offences,Unable to prosecute suspect,
a320a3fe39cb64cca7d336b13ef2dd41583cf5331cada8fe961b307ff262ce3b,2021-07,Cumbria Constabulary,Cumbria Constabulary,-3.158944,54.825420,On or near Reed'S Lane,E01019137,Allerdale 001G,Violence and sexual offences,Unable to prosecute suspect,
34a67bcffe56c23086cc860c2f80978159382986ca045ed11e23982e8195762e,2021-07,Cumbria Constabulary,Cumbria Constabulary,-3.162288,54.823168,On or near New Croft,E01019137,Allerdale 001G,Other crime,Further investigation is not in the public interest,
f8336125c1643cac48a17a0a39470800cd194ec669335838641534293c86d7cf,2021-07,Cumbria Constabulary,Cumbria Constabulary,-3.229072,54.680431,On or near B5291,E01019083,Allerdale 002A,Other theft,Investigation complete; no suspect identified,
caef9f3f6f6078d2309771f38250aac9236a35daa63c22ca22eb23f49849aba8,2021-07,Cumbria Constabulary,Cumbria Constabulary,-3.229072,54.680431,On or near B5291,E01019083,Allerdale 002A,Other theft,Investigation complete; no suspect identified,
2c966f81d44f3315ace80aa68ddbcb7e4b8b329bd0c60263bb5f9c20f736a5e9,2021-07,Cumbria Constabulary,Cumbria Constabulary,-3.189282,54.787830,On or near Howgill Close,E01019083,Allerdale 002A,Public order,Unable to prosecute suspect,
2441a04942aa93707c7b517e194c19498d59d83ba0fd10b200f8de6c2c05254c,2021-07,Cumbria Constabulary,Cumbria Constabulary,-3.189282,54.787830,On or near Howgill Close,E01019083,Allerdale 002A,Public order,Unable to prosecute suspect,
fd7252de7871b5b90dc6a6f16c3f93904343b1d9636d18227aeb9c6f20253bd0,2021-07,Cumbria Constabulary,Cumbria Constabulary,-3.186846,54.642962,On or near Parking Area,E01019083,Allerdale 002A,Vehicle crime,Investigation complete; no suspect identified,
b2fb4383a33deffc2ee7bad899319880a56b8190b93b24ce55ad9c7da86f5385,2021-07,Cumbria Constabulary,Cumbria Constabulary,-3.199131,54.685485,On or near The Rake,E01019083,Allerdale 002A,Violence and sexual offences,Status update unavailable,
b27bc7c4c895ea94e0a7c6ed345a8f80522d5b15c84a774426a71deb865fc5f3,2021-07,Cumbria Constabulary,Cumbria Constabulary,-3.199131,54.685485,On or near The Rake,E01019083,Allerdale 002A,Violence and sexual offences,Status update unavailable,
5319f2790c58cc7004940d9e2c40ca52d4b1e9702e2f72c620f70ab822b7c147,2021-07,Cumbria Constabulary,Cumbria Constabulary,-3.199131,54.685485,On or near The Rake,E01019083,Allerdale 002A,Violence and sexual offences,Status update unavailable,
7958ae22d48ffaf27ca6015506894c6e2d5c6594a240d329b62b5d3e928d5e93,2021-07,Cumbria Constabulary,Cumbria Constabulary,-3.230402,54.705924,On or near A591,E01019083,Allerdale 002A,Violence and sexual offences,Investigation complete; no suspect identified,
5b95f0dfedc4579cb5368533ec24087e84a85d106a0b6258fcffaf5f9f04fe89,2021-07,Cumbria Constabulary,Cumbria Constabulary,-3.189282,54.787830,On or near Howgill Close,E01019083,Allerdale 002A,Violence and sexual offences,Unable to prosecute suspect,
af779466dd1bcd07034aae86f8be8a204583f4e9f9c0dcf41f8c8e5c45cc12d7,2021-07,Cumbria Constabulary,Cumbria Constabulary,-3.230402,54.705924,On or near A591,E01019083,Allerdale 002A,Violence and sexual offences,Unable to prosecute suspect,
9215906b02caa8929e5c2c5b7e20afd2aecb80effcb62ac4019b1a8831ebac9b,2021-07,Cumbria Constabulary,Cumbria Constabulary,-3.229072,54.680431,On or near B5291,E01019083,Allerdale 002A,Violence and sexual offences,Unable to prosecute suspect,
,2021-07,Cumbria Constabulary,Cumbria Constabulary,-3.187863,54.948226,On or near Field View,E01019107,Allerdale 002B,Anti-social behaviour,,
4d8128ea670e9ceba704bf1afc3c3bf7c9187d92569bd92037deb3622a5bfaef,2021-07,Cumbria Constabulary,Cumbria Constabulary,-3.076327,54.899307,On or near Solway View,E01019107,Allerdale 002B,Burglary,Unable to prosecute suspect,
67cd9648d0bc226a81eaed1e863409af78ea9078a62ae87eb6331c076ff79653,2021-07,Cumbria Constabulary,Cumbria Constabulary,-3.187863,54.948226,On or near Field View,E01019107,Allerdale 002B,Criminal damage and arson,Investigation complete; no suspect identified,
476d58225dd47377e41e7a529c1abc396c6033f22f30b8edb3c7ba3b8bd0c0d3,2021-07,Cumbria Constabulary,Cumbria Constabulary,-3.186706,54.947662,On or near Scotch Street,E01019107,Allerdale 002B,Criminal damage and arson,Unable to prosecute suspect,
21faf1bf7beb836d192143470becf6eb8b87a2a2a7a9f7fafe25b529d91c81cb,2021-07,Cumbria Constabulary,Cumbria Constabulary,-3.187863,54.948226,On or near Field View,E01019107,Allerdale 002B,Criminal damage and arson,Investigation complete; no suspect identified,
f7bede0dbca74d76d68af55905354c0370347c25a139890fcbcd795c46b8b900,2021-07,Cumbria Constabulary,Cumbria Constabulary,-3.187863,54.948226,On or near Field View,E01019107,Allerdale 002B,Criminal damage and arson,Unable to prosecute suspect,
58e7e87a158209c9f5119f4259351bf6b26afe7d0336810eefffc4eab6c7e804,2021-07,Cumbria Constabulary,Cumbria Constabulary,-3.187863,54.948226,On or near Field View,E01019107,Allerdale 002B,Criminal damage and arson,Investigation complete; no suspect identified,
d9c07162d5174ee0e17cbc58ad63bc826485ece82d200e1a6a3c7320816362d4,2021-07,Cumbria Constabulary,Cumbria Constabulary,-3.187863,54.948226,On or near Field View,E01019107,Allerdale 002B,Public order,Unable to prosecute suspect,
227d1cbe6677b34c03cb9851100407b997805b3137719b7fbd411c1706d40796,2021-07,Cumbria Constabulary,Cumbria Constabulary,-3.166018,54.933079,On or near Water Street,E01019107,Allerdale 002B,Violence and sexual offences,Local resolution,
bfd3dc18d308904e9f8fd74c17b741db50e952ec4c6fae73644f278b90a05cf1,2021-07,Cumbria Constabulary,Cumbria Constabulary,-3.045355,54.840839,On or near Sports/Recreation Area,E01019130,Allerdale 002C,Criminal damage and arson,Investigation complete; no suspect identified,
d4ca722e65913894c12cf60576712d5494b6b9e94c2877599baf90533329f2f1,2021-07,Cumbria Constabulary,Cumbria Constabulary,-3.045355,54.840839,On or near Sports/Recreation Area,E01019130,Allerdale 002C,Criminal damage and arson,Investigation complete; no suspect identified,
95f41c14ad2fb74fbbde756d7d72466a3b096f73e987e70cacf54b75ddcded34,2021-07,Cumbria Constabulary,Cumbria Constabulary,-3.064152,54.839759,On or near Parking Area,E01019130,Allerdale 002C,Criminal damage and arson,Investigation complete; no suspect identified,
c29e0ead74afd9f7ffdf7459007615b70a67698966977cf82547cd64ee132b62,2021-07,Cumbria Constabulary,Cumbria Constabulary,-3.050560,54.841585,On or near The Park,E01019130,Allerdale 002C,Public order,Investigation complete; no suspect identified,
7cecc52991e09c77d1f10c99ad4aedd95d627d6d497f6dee7278cbab7672d1bf,2021-07,Cumbria Constabulary,Cumbria Constabulary,-3.087597,54.848251,On or near A596,E01019130,Allerdale 002C,Violence and sexual offences,Unable to prosecute suspect,
63c07f14ada3c335e5c9002ecf1374922226c1f344f266c869fdfb11303d1334,2021-07,Cumbria Constabulary,Cumbria Constabulary,-3.087597,54.848251,On or near A596,E01019130,Allerdale 002C,Violence and sexual offences,Unable to prosecute suspect,
09cdc0b90105614d4624971633534badf5be19a5ace17d32e536146cdcee55ec,2021-07,Cumbria Constabulary,Cumbria Constabulary,-3.045926,54.842443,On or near Stonehouse Park,E01019130,Allerdale 002C,Violence and sexual offences,Local resolution,
90a8fa50f550d230a71c3417d5a1537762b9bb1e7e6ffdf79407b03972e160ab,2021-07,Cumbria Constabulary,Cumbria Constabulary,-3.087597,54.848251,On or near A596,E01019130,Allerdale 002C,Violence and sexual offences,Unable to prosecute suspect,
e4f6d6354d9815e5a2455dc4f1383233dec1eeee8e596fd9021ad3a9d50f4c50,2021-07,Cumbria Constabulary,Cumbria Constabulary,-3.087597,54.848251,On or near A596,E01019130,Allerdale 002C,Violence and sexual offences,Unable to prosecute suspect,
,2021-07,Cumbria Constabulary,Cumbria Constabulary,-3.089501,54.798680,On or near B5305,E01019131,Allerdale 002D,Anti-social behaviour,,
05fc7637a9e63aba45abb608ff106eca94186dff3474144cb84e144e4e1cbe06,2021-07,Cumbria Constabulary,Cumbria Constabulary,-3.318673,54.764015,On or near Fell View Close,E01019081,Allerdale 003A,Burglary,Investigation complete; no suspect identified,
2da7c6188dd2843b5d565b29c2b3aa9556190a94dc731c064f945bda001aebc2,2021-07,Cumbria Constabulary,Cumbria Constabulary,-3.317218,54.767545,On or near Lawson Street,E01019081,Allerdale 003A,Criminal damage and arson,Unable to prosecute suspect,
4572d66409a28aadbe10dec52499154e8dfa5859525b4913b5131876ab1d0ca6,2021-07,Cumbria Constabulary,Cumbria Constabulary,-3.317218,54.767545,On or near Lawson Street,E01019081,Allerdale 003A,Violence and sexual offences,Unable to prosecute suspect,
0ce4a714345043104e66420d8193795ece32fb479345f1eae13080cbe802b963,2021-07,Cumbria Constabulary,Cumbria Constabulary,-3.317218,54.767545,On or near Lawson Street,E01019081,Allerdale 003A,Violence and sexual offences,Unable to prosecute suspect,
89ac0d135f98a1a92ebfbf0695e96ffab336eddf1fee69b597eb8cc91b4d7a3f,2021-07,Cumbria Constabulary,Cumbria Constabulary,-3.324340,54.767629,On or near East Crescent,E01019081,Allerdale 003A,Violence and sexual offences,Unable to prosecute suspect,
fd66e14de78764cefaf2d8ca7e3307ec072280afa78404e3e5a422a23a75215f,2021-07,Cumbria Constabulary,Cumbria Constabulary,-3.324340,54.767629,On or near East Crescent,E01019081,Allerdale 003A,Violence and sexual offences,Unable to prosecute suspect,
cb650c2c8d7a58e621c0220403252e8714773c240ee95539ddb59b7a815384f3,2021-07,Cumbria Constabulary,Cumbria Constabulary,-3.318673,54.764015,On or near Fell View Close,E01019081,Allerdale 003A,Violence and sexual offences,Unable to prosecute suspect,
,2021-07,Cumbria Constabulary,Cumbria Constabulary,-3.333876,54.763615,On or near Parking Area,E01019082,Allerdale 003B,Anti-social behaviour,,
b89dd709236d87ed75cc75ec34dc6a87e5a9821ca58fdbcf8552afc6e7f23551,2021-07,Cumbria Constabulary,Cumbria Constabulary,-3.330237,54.763556,On or near Pringle,E01019082,Allerdale 003B,Criminal damage and arson,Unable to prosecute suspect,
6874d67d31fd1542b2f19ee567cd3c25cc039733af6c2a737c21c588d64cdf00,2021-07,Cumbria Constabulary,Cumbria Constabulary,-3.327652,54.766254,On or near North Road,E01019082,Allerdale 003B,Criminal damage and arson,Investigation complete; no suspect identified,
b1a53d623a4611a730813060c986eb826f43082bca22122045a90d8da69f3c21,2021-07,Cumbria Constabulary,Cumbria Constabulary,-3.327652,54.766254,On or near North Road,E01019082,Allerdale 003B,Criminal damage and arson,Investigation complete; no suspect identified,
bcb37e9334f6de683b37b89ecf59909ff76415a5b0525c66458a2101749eede7,2021-07,Cumbria Constabulary,Cumbria Constabulary,-3.333876,54.763615,On or near Parking Area,E01019082,Allerdale 003B,Criminal damage and arson,Investigation complete; no suspect identified,
128a46a4f82a4f1afe80a0e2f111b5114030670d3c7dd7e38edcd1de9d143c07,2021-07,Cumbria Constabulary,Cumbria Constabulary,-3.330237,54.763556,On or near Pringle,E01019082,Allerdale 003B,Criminal damage and arson,Investigation complete; no suspect identified,
9d079ad139e060d6d522b18b23487d66e79c3b41fc78f91c2933015956595941,2021-07,Cumbria Constabulary,Cumbria Constabulary,-3.322071,54.765254,On or near Queen Street,E01019082,Allerdale 003B,Other theft,Investigation complete; no suspect identified,
e02eaa08861f827c88c6e64ac04d19482c41a842b0c8621f79ee39c2c3e6ba7a,2021-07,Cumbria Constabulary,Cumbria Constabulary,-3.332262,54.760856,On or near Station Road,E01019082,Allerdale 003B,Violence and sexual offences,Unable to prosecute suspect,
b5051b23a7f5cd99319fac6779397f3c2e25d599ca0a52b0086c4b75b0800e13,2021-07,Cumbria Constabulary,Cumbria Constabulary,-3.329821,54.766041,On or near St Mungo'S Park,E01019082,Allerdale 003B,Violence and sexual offences,Unable to prosecute suspect,
0c36a1fadff7a672b08037a62763b9594e637ea094646a9ad29e4985a5b8d116,2021-07,Cumbria Constabulary,Cumbria Constabulary,-3.333850,54.758106,On or near Comely Bank,E01019082,Allerdale 003B,Violence and sexual offences,Unable to prosecute suspect,
,2021-07,Cumbria Constabulary,Cumbria Constabulary,-3.409362,54.839046,On or near Parking Area,E01019102,Allerdale 003C,Anti-social behaviour,,
f60786d1b747ea4144abd55ee7c7463e50acf08aff157e43fdbbec49eaeda516,2021-07,Cumbria Constabulary,Cumbria Constabulary,-3.284090,54.845900,On or near Wheatsheaf Court,E01019102,Allerdale 003C,Burglary,Unable to prosecute suspect,
d681c68caddb1321e5706b2e4bf323bfdab9bb815796b9658d21943c3c63cf3e,2021-07,Cumbria Constabulary,Cumbria Constabulary,-3.284888,54.844040,On or near Friars Garth,E01019102,Allerdale 003C,Burglary,Unable to prosecute suspect,
5de871ecedd987db1ef926d004e5940139bbdb4aeca6338145dd9ce9cb7ee312,2021-07,Cumbria Constabulary,Cumbria Constabulary,-3.284090,54.845900,On or near Wheatsheaf Court,E01019102,Allerdale 003C,Burglary,Unable to prosecute suspect,
0b61f84520d5f88ea7d5557cc6f653237cb4a844500596648f5626e495b49a41,2021-07,Cumbria Constabulary,Cumbria Constabulary,-3.285563,54.845192,On or near Abbey Road,E01019102,Allerdale 003C,Other theft,Investigation complete; no suspect identified,
4e3a074fe3fd53e3186ed786b312aca0348ad58f7c6236d59ec1d16b455bbbf4,2021-07,Cumbria Constabulary,Cumbria Constabulary,-3.290392,54.844269,On or near Acre Dales,E01019102,Allerdale 003C,Violence and sexual offences,Further investigation is not in the public interest,
69e334f5eb8a031378919f13a2ce58cef89f71b26181ee4bdb578d044d911dd9,2021-07,Cumbria Constabulary,Cumbria Constabulary,-3.277749,54.848771,On or near B5307,E01019102,Allerdale 003C,Violence and sexual offences,Status update unavailable,
a4951a770e72c3cb4cf970d016829ab4d9eba768530eca363211d29cd100fe4f,2021-07,Cumbria Constabulary,Cumbria Constabulary,-3.284888,54.844040,On or near Friars Garth,E01019102,Allerdale 003C,Violence and sexual offences,Unable to prosecute suspect,
c0d7a60a2e4835159bdbbfc81f4932de10945045d86e8a2edc553a3a4178a5dc,2021-07,Cumbria Constabulary,Cumbria Constabulary,-3.284888,54.844040,On or near Friars Garth,E01019102,Allerdale 003C,Violence and sexual offences,Unable to prosecute suspect,
,2021-07,Cumbria Constabulary,Cumbria Constabulary,-3.374737,54.752608,On or near Meadow Bank,E01019128,Allerdale 003D,Anti-social behaviour,,
387eac983af70b8d2a9b39d0b0a1775810dd3d8e433760ff31a20fd9bcda7c1b,2021-07,Cumbria Constabulary,Cumbria Constabulary,-3.371321,54.754507,On or near Osborne Place,E01019128,Allerdale 003D,Other theft,Investigation complete; no suspect identified,
b37bfd523d25bbf2e6c248a1af668d53c1d384f333c26a72471c7df1f8702c19,2021-07,Cumbria Constabulary,Cumbria Constabulary,-3.438484,54.755041,On or near B5300,E01019128,Allerdale 003D,Public order,Unable to prosecute suspect,
c7c5e4efbe478448977781030320b4c2c49e8b687a5df1588c53fadb6240bf48,2021-07,Cumbria Constabulary,Cumbria Constabulary,-3.346859,54.789490,On or near B5301,E01019128,Allerdale 003D,Violence and sexual offences,Unable to prosecute suspect,
ea1973133b0813a472d06757375bbf1bb51f664c24f673e00bdf7e72a499e324,2021-07,Cumbria Constabulary,Cumbria Constabulary,-3.325267,54.737484,On or near The Muslins,E01019133,Allerdale 003E,Criminal damage and arson,Unable to prosecute suspect,
2d2c6ae3f9de4900dad312758beb1565db2be0bccf828b961f93b602d2f2001b,2021-07,Cumbria Constabulary,Cumbria Constabulary,-3.280532,54.734002,On or near A595,E01019133,Allerdale 003E,Other theft,Investigation complete; no suspect identified,
5156db22e90de41ff4cc24b0c794447f1ad984448aad9aee48596264421739b3,2021-07,Cumbria Constabulary,Cumbria Constabulary,-3.325267,54.737484,On or near The Muslins,E01019133,Allerdale 003E,Violence and sexual offences,Unable to prosecute suspect,
,2021-07,Cumbria Constabulary,Cumbria Constabulary,-3.429665,54.712490,On or near The Old Orchard,E01019093,Allerdale 004A,Anti-social behaviour,,
2165564c0c945482d49db84e9770d8dc10803540bd5aa28a75575c6ec96dd81b,2021-07,Cumbria Constabulary,Cumbria Constabulary,-3.453055,54.703269,On or near Craika Road,E01019093,Allerdale 004A,Burglary,Investigation complete; no suspect identified,
df6d42691a434b362077aa43c5133742948e521cb762cef89fcdfe166266d21b,2021-07,Cumbria Constabulary,Cumbria Constabulary,-3.443437,54.712120,On or near Main Street,E01019093,Allerdale 004A,Public order,Unable to prosecute suspect,
855527b5e85a59230463411a229f243800bb55dae60bf9944b796c842459df18,2021-07,Cumbria Constabulary,Cumbria Constabulary,-3.451774,54.704327,On or near A594,E01019093,Allerdale 004A,Public order,Offender given a caution,
bbca9b51f11bb15e5d27642f262176501ea328af6f6578eadc84f85728338c6a,2021-07,Cumbria Constabulary,Cumbria Constabulary,-3.429665,54.712490,On or near The Old Orchard,E01019093,Allerdale 004A,Public order,Status update unavailable,
197fcf6a1cc1c67d993eaac6443fca80545952d3dd0e668e5e56cf29d96abe90,2021-07,Cumbria Constabulary,Cumbria Constabulary,-3.442248,54.713177,On or near Church Street,E01019093,Allerdale 004A,Violence and sexual offences,Further investigation is not in the public interest,
ee8b0eac88af3a07453994e6176166cceb4fd0d179a75d50aa8b276ba4a621ef,2021-07,Cumbria Constabulary,Cumbria Constabulary,-3.443935,54.713463,On or near Winder Farm Close,E01019093,Allerdale 004A,Violence and sexual offences,Unable to prosecute suspect,
ec2ee6bd9f46ab88dc597a11b20d3846c30415be47863213a789e84a11e1ed5e,2021-07,Cumbria Constabulary,Cumbria Constabulary,-3.443437,54.712120,On or near Main Street,E01019093,Allerdale 004A,Violence and sexual offences,Unable to prosecute suspect,
f0b93d8db1a84f5e78813a728c006f0ed0421045886e9f90ba854e1a7944da8b,2021-07,Cumbria Constabulary,Cumbria Constabulary,-3.429665,54.712490,On or near The Old Orchard,E01019093,Allerdale 004A,Violence and sexual offences,Status update unavailable,
724f005b94971c225e6cbb56255367223978896a203742cd57b6f6ba306cf7d4,2021-07,Cumbria Constabulary,Cumbria Constabulary,-3.443437,54.712120,On or near Main Street,E01019093,Allerdale 004A,Violence and sexual offences,Unable to prosecute suspect,
ffcf4ffa46d49f8925aa763e942668855df7e27e5350a55db35f7667ea3a3a37,2021-07,Cumbria Constabulary,Cumbria Constabulary,-3.448550,54.707512,On or near Pottery Lane,E01019093,Allerdale 004A,Violence and sexual offences,Unable to prosecute suspect,
24ac54a46f78acf6e6ea8992575472c5fa28dc86f48111d5d93077182ffde66e,2021-07,Cumbria Constabulary,Cumbria Constabulary,-3.451774,54.704327,On or near A594,E01019093,Allerdale 004A,Violence and sexual offences,Unable to prosecute suspect,
6e2a7d9b110b2b483746a080f0f3b4495bf6d1de088c129e750d84df7b3869c2,2021-07,Cumbria Constabulary,Cumbria Constabulary,-3.447434,54.707534,On or near Central Road,E01019093,Allerdale 004A,Violence and sexual offences,Further investigation is not in the public interest,
aa428eb9e47330544c864f6576b5ae7e4966cce9453c448b4191c12072699f50,2021-07,Cumbria Constabulary,Cumbria Constabulary,-3.448550,54.707512,On or near Pottery Lane,E01019093,Allerdale 004A,Violence and sexual offences,Investigation complete; no suspect identified,
9b7f3a341f152934f81a45d5a787e0921d05c377410fd7a03dcfa09610dd1c4b,2021-07,Cumbria Constabulary,Cumbria Constabulary,-3.411821,54.738592,On or near Oakwrea Bank,E01019094,Allerdale 004B,Violence and sexual offences,Unable to prosecute suspect,
30bb68f52bdac84542d0d3da3678450fee21ed8640b14a91b605622bc07a2983,2021-07,Cumbria Constabulary,Cumbria Constabulary,-3.444372,54.709179,On or near Croft Crescent,E01019094,Allerdale 004B,Violence and sexual offences,Further action is not in the public interest,
f2975d08ba071cacc67e93e33c0d149c818412485079a248daaf5efa52ebe524,2021-07,Cumbria Constabulary,Cumbria Constabulary,-3.444372,54.709179,On or near Croft Crescent,E01019094,Allerdale 004B,Violence and sexual offences,Unable to prosecute suspect,
42ac9e088ffc0f2a83687fe282cc2b213adff5f05aeb903dcaee9132caf2accd,2021-07,Cumbria Constabulary,Cumbria Constabulary,-3.444372,54.709179,On or near Croft Crescent,E01019094,Allerdale 004B,Violence and sexual offences,Unable to prosecute suspect,
,2021-07,Cumbria Constabulary,Cumbria Constabulary,-3.488525,54.712815,On or near Hawthorn Avenue,E01019096,Allerdale 004C,Anti-social behaviour,,
,2021-07,Cumbria Constabulary,Cumbria Constabulary,-3.490927,54.709739,On or near Victory Crescent,E01019096,Allerdale 004C,Anti-social behaviour,,
b2f0f5e57db76ed29b4f1a48a9afc5140c6aa0dc69973592c784aaec5dc95bef,2021-07,Cumbria Constabulary,Cumbria Constabulary,-3.490472,54.711290,On or near Short Acres,E01019096,Allerdale 004C,Criminal damage and arson,Investigation complete; no suspect identified,
e9958c57e64a1245427a03a62bfae1676242ac82cde21ca02dfc57ad6460dd10,2021-07,Cumbria Constabulary,Cumbria Constabulary,-3.480615,54.712130,On or near Ash Close,E01019096,Allerdale 004C,Public order,Further investigation is not in the public interest,
7503cc2e09a8c8ad19b4ab75437e8cef0d4388f58c61b74a5cd6c9a35cf769ac,2021-07,Cumbria Constabulary,Cumbria Constabulary,-3.490927,54.709739,On or near Victory Crescent,E01019096,Allerdale 004C,Violence and sexual offences,Unable to prosecute suspect,
ac9648e86300027f17b21a101bbba0b2d72b9b11317b9e837acbf52ab5f99e96,2021-07,Cumbria Constabulary,Cumbria Constabulary,-3.488184,54.709844,On or near Bradbury Avenue,E01019096,Allerdale 004C,Violence and sexual offences,Unable to prosecute suspect,
d47721c283332f05b9c010d84cca7eec3e7bc1cbca52368e6f320a53d657e379,2021-07,Cumbria Constabulary,Cumbria Constabulary,-3.488184,54.709844,On or near Bradbury Avenue,E01019096,Allerdale 004C,Violence and sexual offences,Unable to prosecute suspect,
730897da2f516d7fb45eca5828920468114034ba680df1859d2eed984967d907,2021-07,Cumbria Constabulary,Cumbria Constabulary,-3.490472,54.711290,On or near Short Acres,E01019096,Allerdale 004C,Violence and sexual offences,Unable to prosecute suspect,
b72487b38a1ca65015d0d08cf251a2adf7cb19bb9145edc0ebcbb6fdd21b728b,2021-07,Cumbria Constabulary,Cumbria Constabulary,-3.488184,54.709844,On or near Bradbury Avenue,E01019096,Allerdale 004C,Violence and sexual offences,Investigation complete; no suspect identified,
5fc21133ec8fe60cd8bdcfd1275ec33388c20034259b4dc1cbb56c652c8fbbbe,2021-07,Cumbria Constabulary,Cumbria Constabulary,-3.488479,54.709850,On or near Derwent Avenue,E01019096,Allerdale 004C,Other crime,Court result unavailable,
,2021-07,Cumbria Constabulary,Cumbria Constabulary,-3.494662,54.713360,On or near Lawson Street,E01019114,Allerdale 004D,Anti-social behaviour,,
,2021-07,Cumbria Constabulary,Cumbria Constabulary,-3.496536,54.713238,On or near Back Lane,E01019114,Allerdale 004D,Anti-social behaviour,,
c3ef24efe91317f399a912cce390bbf3439a78d72123e333d779f415912efabb,2021-07,Cumbria Constabulary,Cumbria Constabulary,-3.496536,54.713238,On or near Back Lane,E01019114,Allerdale 004D,Public order,Investigation complete; no suspect identified,
9fc6bf3fe4c00de8fc6bac61f92a217d31dccf354b10e62185b5c6fa8769739f,2021-07,Cumbria Constabulary,Cumbria Constabulary,-3.496536,54.713238,On or near Back Lane,E01019114,Allerdale 004D,Violence and sexual offences,Unable to prosecute suspect,
7b219b08bed61f7021698f07fe23ca69de2614cbbf59692ffd0987a1e153a85d,2021-07,Cumbria Constabulary,Cumbria Constabulary,-3.499179,54.715030,On or near High Street,E01019114,Allerdale 004D,Violence and sexual offences,Status update unavailable,
5e810a377149c393560c48825f294b4aae49dc20aeb823cf1006bc6bda55e944,2021-07,Cumbria Constabulary,Cumbria Constabulary,-3.497286,54.715071,On or near Wood Street,E01019114,Allerdale 004D,Violence and sexual offences,Unable to prosecute suspect,
aafdfd92ea8213e1a1f77ae404c5fbd9840b1ae1bf9a73dbb778dc0e9393a8a0,2021-07,Cumbria Constabulary,Cumbria Constabulary,-3.499179,54.715030,On or near High Street,E01019114,Allerdale 004D,Violence and sexual offences,Unable to prosecute suspect,
,2021-07,Cumbria Constabulary,Cumbria Constabulary,-3.498856,54.713847,On or near Catherine Street,E01019115,Allerdale 004E,Anti-social behaviour,,
,2021-07,Cumbria Constabulary,Cumbria Constabulary,-3.502263,54.714470,On or near Bridge Street,E01019115,Allerdale 004E,Anti-social behaviour,,
,2021-07,Cumbria Constabulary,Cumbria Constabulary,-3.497800,54.713851,On or near Furnace Lane,E01019115,Allerdale 004E,Anti-social behaviour,,
,2021-07,Cumbria Constabulary,Cumbria Constabulary,-3.502190,54.715028,On or near South Quay,E01019115,Allerdale 004E,Anti-social behaviour,,
,2021-07,Cumbria Constabulary,Cumbria Constabulary,-3.505158,54.712169,On or near Ismay Wharf,E01019115,Allerdale 004E,Anti-social behaviour,,
,2021-07,Cumbria Constabulary,Cumbria Constabulary,-3.500873,54.714245,On or near Well Lane,E01019115,Allerdale 004E,Anti-social behaviour,,
,2021-07,Cumbria Constabulary,Cumbria Constabulary,-3.496859,54.719480,On or near The Promenade,E01019115,Allerdale 004E,Anti-social behaviour,,
2e473491528ebe9c991783067b0d0f270b5aa46926cf498b87392a9c391a9ac4,2021-07,Cumbria Constabulary,Cumbria Constabulary,-3.503007,54.709419,On or near Ropery Street,E01019115,Allerdale 004E,Burglary,Investigation complete; no suspect identified,
a54cb1fefd7ac6227a31309768e9320f5ed7642746526ab35a0c8c31b56afc9c,2021-07,Cumbria Constabulary,Cumbria Constabulary,-3.495796,54.712537,On or near Station Street,E01019115,Allerdale 004E,Other theft,Unable to prosecute suspect,
fe90f010bfd8bda732c999e21e1d85b368bc8a4c7f7c00319ba0dc0282778efb,2021-07,Cumbria Constabulary,Cumbria Constabulary,-3.500873,54.714245,On or near Well Lane,E01019115,Allerdale 004E,Public order,Unable to prosecute suspect,
5956174ce1bcf69157e598ee2d3b19b18d54499a6e3283d524440bf00b88be72,2021-07,Cumbria Constabulary,Cumbria Constabulary,-3.499622,54.713155,On or near George Street,E01019115,Allerdale 004E,Public order,Unable to prosecute suspect,
6957238d20952cc8163169b436d485fed120e9072ef368fcf74e8ee34561bd57,2021-07,Cumbria Constabulary,Cumbria Constabulary,-3.502190,54.715028,On or near South Quay,E01019115,Allerdale 004E,Public order,Investigation complete; no suspect identified,
785a8fc7ae0534d9cda0b33d3ec37072dc2900519a60011081940d1c67beb756,2021-07,Cumbria Constabulary,Cumbria Constabulary,-3.503853,54.709624,On or near Gilmour Street,E01019115,Allerdale 004E,Public order,Unable to prosecute suspect,
1ca2c5381643d7cf5ae6ea229a9964afda793938222d44da6f12136c5e1b44ef,2021-07,Cumbria Constabulary,Cumbria Constabulary,-3.500873,54.714245,On or near Well Lane,E01019115,Allerdale 004E,Public order,Unable to prosecute suspect,
08eb45a0ac004ec6d83f2326558f0c091f40c21f584b87f9ccd3ad1cb31b6458,2021-07,Cumbria Constabulary,Cumbria Constabulary,-3.500873,54.714245,On or near Well Lane,E01019115,Allerdale 004E,Robbery,Status update unavailable,
9480b2e46a6bfa43636a6c7ef9dd56d107e9c68f7def17e59ad24664e6427348,2021-07,Cumbria Constabulary,Cumbria Constabulary,-3.500873,54.714245,On or near Well Lane,E01019115,Allerdale 004E,Robbery,Status update unavailable,
33ffb0cdd6ff91a830a765f8171b26ff5586c701dd87de080713c5bd93240e24,2021-07,Cumbria Constabulary,Cumbria Constabulary,-3.499049,54.708983,On or near Jubilee Terrace,E01019115,Allerdale 004E,Violence and sexual offences,Unable to prosecute suspect,
105d699afe44a1a992968d7c202d59f9b0eb68d129cf595d5baa7087e7f6d609,2021-07,Cumbria Constabulary,Cumbria Constabulary,-3.500873,54.714245,On or near Well Lane,E01019115,Allerdale 004E,Violence and sexual offences,Investigation complete; no suspect identified,
b297ec7c3da94bc884277ace47d75c91445692c62b2bfe8f8e02caeb5ac6a847,2021-07,Cumbria Constabulary,Cumbria Constabulary,-3.498856,54.713847,On or near Catherine Street,E01019115,Allerdale 004E,Violence and sexual offences,Unable to prosecute suspect,
f3e926c4b973529f1d4f31b6d53adc0ea88e3238a1b01fd07b49efdf64941bca,2021-07,Cumbria Constabulary,Cumbria Constabulary,-3.499049,54.708983,On or near Jubilee Terrace,E01019115,Allerdale 004E,Violence and sexual offences,Unable to prosecute suspect,
42ef9d58b8be84a79f3cf97711f60ec66d169b223ef0a8328921748e1843decd,2021-07,Cumbria Constabulary,Cumbria Constabulary,-3.499049,54.708983,On or near Jubilee Terrace,E01019115,Allerdale 004E,Violence and sexual offences,Unable to prosecute suspect,
b6da131fdb0a1cbbb688cd1babf19cacece517d29dbd951dcae3035872e841db,2021-07,Cumbria Constabulary,Cumbria Constabulary,-3.500873,54.714245,On or near Well Lane,E01019115,Allerdale 004E,Violence and sexual offences,Unable to prosecute suspect,
1dad4d22cebcfc583d8232870d8c45e196ca5dc88a1fb4230041c3dd2e3fefab,2021-07,Cumbria Constabulary,Cumbria Constabulary,-3.499622,54.713155,On or near George Street,E01019115,Allerdale 004E,Violence and sexual offences,Unable to prosecute suspect,
daf1d332b943de3a70fbad47a8c291a042aaf503b1e84f6341f68f562eacb8d3,2021-07,Cumbria Constabulary,Cumbria Constabulary,-3.496592,54.717299,On or near Camp Street,E01019115,Allerdale 004E,Violence and sexual offences,Unable to prosecute suspect,
7b1fff497edf33e4ca0b0a33461eb81b1e01a6b485995fceb1e5c986ac99bae2,2021-07,Cumbria Constabulary,Cumbria Constabulary,-3.498108,54.712095,On or near Supermarket,E01019115,Allerdale 004E,Violence and sexual offences,Unable to prosecute suspect,
e23d12f70c78506dd5049750f72c4ddc0be134291411c487eaa2852bb2890134,2021-07,Cumbria Constabulary,Cumbria Constabulary,-3.499617,54.717649,On or near West Street,E01019115,Allerdale 004E,Violence and sexual offences,Unable to prosecute suspect,
039bba8e65bca0f050e76bced2bdb95a9a83f37dd0d3b87e18bd6d12a93c0eb9,2021-07,Cumbria Constabulary,Cumbria Constabulary,-3.503853,54.709624,On or near Gilmour Street,E01019115,Allerdale 004E,Violence and sexual offences,Unable to prosecute suspect,
1826b133f87669eabae24b36a168fd20fd4e6a651e33257b05ee8003b3063ef2,2021-07,Cumbria Constabulary,Cumbria Constabulary,-3.477253,54.707623,On or near Moorside Drive,E01019095,Allerdale 005A,Other theft,Unable to prosecute suspect,
360f61b24cc4fbcb0690db57234cb62959180fbcea1ab1ff6a19493c186f072f,2021-07,Cumbria Constabulary,Cumbria Constabulary,-3.483536,54.707951,On or near Pecklewell Lane,E01019095,Allerdale 005A,Other theft,Unable to prosecute suspect,
cb7b2e90381ee15a818607f8cf1a697f8a24c91783ed5158996e5952c0c0044b,2021-07,Cumbria Constabulary,Cumbria Constabulary,-3.477253,54.707623,On or near Moorside Drive,E01019095,Allerdale 005A,Violence and sexual offences,Unable to prosecute suspect,
f83a75299f13be39b35ca3e56e8cec5d1b89f46cc6a311f237ad22c3bb002a58,2021-07,Cumbria Constabulary,Cumbria Constabulary,-3.486855,54.708324,On or near Grasmere Terrace,E01019095,Allerdale 005A,Violence and sexual offences,Unable to prosecute suspect,
6b04049efdc86d7ce0c24d5b66dc15b7ed555e1f6f8d657d262b388a826868df,2021-07,Cumbria Constabulary,Cumbria Constabulary,-3.486855,54.708324,On or near Grasmere Terrace,E01019095,Allerdale 005A,Violence and sexual offences,Unable to prosecute suspect,
061447a21b013851bc4d30587c4a3b26398969f041d2ac93dfd96e467001965d,2021-07,Cumbria Constabulary,Cumbria Constabulary,-3.486855,54.708324,On or near Grasmere Terrace,E01019095,Allerdale 005A,Violence and sexual offences,Unable to prosecute suspect,
4b93f2d108f46e784f375f6364b5651cdd52c46db207674207f9e29a1a63650a,2021-07,Cumbria Constabulary,Cumbria Constabulary,-3.477253,54.707623,On or near Moorside Drive,E01019095,Allerdale 005A,Violence and sexual offences,Unable to prosecute suspect,
5811bbdd7ff5baad6d73d06f10ac0531a91dfe6b4fda64926d11f0029139610c,2021-07,Cumbria Constabulary,Cumbria Constabulary,-3.477253,54.707623,On or near Moorside Drive,E01019095,Allerdale 005A,Violence and sexual offences,Unable to prosecute suspect,
d4b7915d0257bf5ddaddde929f16a5aae6a9f19087f81988a0e58319d41aa94e,2021-07,Cumbria Constabulary,Cumbria Constabulary,-3.486855,54.708324,On or near Grasmere Terrace,E01019095,Allerdale 005A,Violence and sexual offences,Unable to prosecute suspect,
8148369e534c381c0f1f3b85ebfa49cfb7282126ea93ab277fbd14b0a429f8b4,2021-07,Cumbria Constabulary,Cumbria Constabulary,-3.486855,54.708324,On or near Grasmere Terrace,E01019095,Allerdale 005A,Violence and sexual offences,Unable to prosecute suspect,
644bb851655191740cbc40f74383a46df0206b88850f38bc82503bb7629634d1,2021-07,Cumbria Constabulary,Cumbria Constabulary,-3.486855,54.708324,On or near Grasmere Terrace,E01019095,Allerdale 005A,Violence and sexual offences,Unable to prosecute suspect,
b7001db3400c2028c2968648ba8f118d056c0bdce7bf4d2f466b0fd1ee5865d9,2021-07,Cumbria Constabulary,Cumbria Constabulary,-3.480634,54.706279,On or near Galloway Close,E01019095,Allerdale 005A,Violence and sexual offences,Unable to prosecute suspect,
074b643f1d13d87ea4fda4b7097bade0bea4db6de9a5b54b148e4848c19f3f00,2021-07,Cumbria Constabulary,Cumbria Constabulary,-3.477253,54.707623,On or near Moorside Drive,E01019095,Allerdale 005A,Violence and sexual offences,Unable to prosecute suspect,
efe3c497acb150ed18093cb4577a57ca172ca8e70ed66a839ab703628cdeb312,2021-07,Cumbria Constabulary,Cumbria Constabulary,-3.481507,54.706385,On or near Crerar Close,E01019095,Allerdale 005A,Violence and sexual offences,Unable to prosecute suspect,
4a4ce233c53e0533a6b121625e89c1ac75b2d93c3e274b03575838bfdda3ad31,2021-07,Cumbria Constabulary,Cumbria Constabulary,-3.485901,54.707689,On or near Thirlemere Road,E01019097,Allerdale 005B,Criminal damage and arson,Local resolution,
5c432c050fb5a81cf8a40e66450931921a81d54f02fbda9c0bf702e23e85868d,2021-07,Cumbria Constabulary,Cumbria Constabulary,-3.485901,54.707689,On or near Thirlemere Road,E01019097,Allerdale 005B,Other theft,Unable to prosecute suspect,
7799fcb14cc76986c36b96f2f5cf960dbf2d679ca170363619c57c9d0880292b,2021-07,Cumbria Constabulary,Cumbria Constabulary,-3.485901,54.707689,On or near Thirlemere Road,E01019097,Allerdale 005B,Other theft,Local resolution,
1c474ba82de903363a75b8f32633c7f72c4762660b7b5b4d1f80088c7dff9482,2021-07,Cumbria Constabulary,Cumbria Constabulary,-3.487792,54.705940,On or near Festival Crescent,E01019097,Allerdale 005B,Other theft,Investigation complete; no suspect identified,
7119e999e0cf72e64b67df4db261fcfb199a4c311db4facc96f589230fa555f0,2021-07,Cumbria Constabulary,Cumbria Constabulary,-3.483132,54.706257,On or near Ewanrigg Brow,E01019097,Allerdale 005B,Public order,Unable to prosecute suspect,
dfdf55161e6e2a8271449f3b197e85f9da2c0c7f861f8f780db40af4aa777d5e,2021-07,Cumbria Constabulary,Cumbria Constabulary,-3.490636,54.706022,On or near The Arches,E01019097,Allerdale 005B,Public order,Unable to prosecute suspect,
089013df4caa9f3bbbeb34e464e707816fa635633c2e57d31491fc6765eb2e9b,2021-07,Cumbria Constabulary,Cumbria Constabulary,-3.491559,54.706639,On or near Ullswater Road,E01019097,Allerdale 005B,Violence and sexual offences,Unable to prosecute suspect,
004bad77231d4bed17b621ab1d32bd8d87376852a0f5db361511bf7b662565c3,2021-07,Cumbria Constabulary,Cumbria Constabulary,-3.491559,54.706639,On or near Ullswater Road,E01019097,Allerdale 005B,Violence and sexual offences,Unable to prosecute suspect,
4bcc3e3bf21eb7645870730f601da13f4b190194c7967386372932eca0ff4a3c,2021-07,Cumbria Constabulary,Cumbria Constabulary,-3.488981,54.705341,On or near Crummock Road,E01019097,Allerdale 005B,Violence and sexual offences,Unable to prosecute suspect,
a0b6e9e9704280c79821260700f115f508deff6f8b1002a72ddf4082ac8fd6d5,2021-07,Cumbria Constabulary,Cumbria Constabulary,-3.489027,54.707021,On or near Pitcairn Crescent,E01019097,Allerdale 005B,Violence and sexual offences,Unable to prosecute suspect,
2485c4d5fe187415920f179befa4ae2dfaf1abb98a2d9a6e97bcdcdeec0c3ada,2021-07,Cumbria Constabulary,Cumbria Constabulary,-3.492465,54.705963,On or near Ewanrigg Road,E01019097,Allerdale 005B,Violence and sexual offences,Unable to prosecute suspect,
78274b35fc53d000895ce890f935f43fa5891f67084e9773c925d82ce693a6c8,2021-07,Cumbria Constabulary,Cumbria Constabulary,-3.492465,54.705963,On or near Ewanrigg Road,E01019097,Allerdale 005B,Violence and sexual offences,Unable to prosecute suspect,
670ee0a00a08c02d5e706a2667748bae64e14e364e59dd4f3d6f2f176b376a96,2021-07,Cumbria Constabulary,Cumbria Constabulary,-3.494318,54.705284,On or near Princess Drive,E01019097,Allerdale 005B,Violence and sexual offences,Unable to prosecute suspect,
463b954e63f14d528f3e5719b0820088477651bd06ed2e9d6f48537a03cd25dc,2021-07,Cumbria Constabulary,Cumbria Constabulary,-3.485717,54.705201,On or near Buttermere Road,E01019097,Allerdale 005B,Violence and sexual offences,Unable to prosecute suspect,
2cc2d58b28f509d5c5917208466c2b80ca4ebbcfc81659f7e25039537d63747c,2021-07,Cumbria Constabulary,Cumbria Constabulary,-3.491559,54.706639,On or near Ullswater Road,E01019097,Allerdale 005B,Violence and sexual offences,Unable to prosecute suspect,
7d07b041f1c5e9951eaeb87e6085e679a6f77c519f3b4eba36d6442f53303685,2021-07,Cumbria Constabulary,Cumbria Constabulary,-3.485901,54.707689,On or near Thirlemere Road,E01019097,Allerdale 005B,Violence and sexual offences,Unable to prosecute suspect,
1003f1ffa687ca745d6de4812b1e44410ae629a830525886e54910dbf258c11b,2021-07,Cumbria Constabulary,Cumbria Constabulary,-3.489027,54.707021,On or near Pitcairn Crescent,E01019097,Allerdale 005B,Violence and sexual offences,Unable to prosecute suspect,
5cdc2d21fe8ec07d4fc9cbd984b951688b3142362450bf6a87473504b4d88144,2021-07,Cumbria Constabulary,Cumbria Constabulary,-3.485717,54.705201,On or near Buttermere Road,E01019097,Allerdale 005B,Violence and sexual offences,Unable to prosecute suspect,
0ad8b34287f37b4daca31cf633b4bc68e06e42cdb566e32a4ac4232be03695a1,2021-07,Cumbria Constabulary,Cumbria Constabulary,-3.487792,54.705940,On or near Festival Crescent,E01019097,Allerdale 005B,Other crime,Further investigation is not in the public interest,
3b73862ddffd282f8b545dc0e43189735d9f585d317c9406c60d752180a52bc9,2021-07,Cumbria Constabulary,Cumbria Constabulary,-3.466855,54.687438,On or near Moorfields,E01019098,Allerdale 005C,Drugs,Further investigation is not in the public interest,
eff6f5517af2ee5419885eca9f34406c469f42231d4818aca6cc18c26faf819d,2021-07,Cumbria Constabulary,Cumbria Constabulary,-3.470684,54.688236,On or near Meadowlands,E01019098,Allerdale 005C,Public order,Court result unavailable,
d82efc1d475089e895da780dbae2c42b21b3cce8d7a83f882c3e109ab239c2b2,2021-07,Cumbria Constabulary,Cumbria Constabulary,-3.470843,54.687048,On or near Lowlands View,E01019098,Allerdale 005C,Public order,Unable to prosecute suspect,
851a26cc12316a0e4f290282a146eedf881a4c8e72c9dae6e469b01d15ab5be4,2021-07,Cumbria Constabulary,Cumbria Constabulary,-3.474342,54.685990,On or near Seaton Road,E01019098,Allerdale 005C,Violence and sexual offences,Court result unavailable,
57cc8cf9d5aca25cd75068f00dcc409da0899caeb317a758045705473a8a1fc9,2021-07,Cumbria Constabulary,Cumbria Constabulary,-3.470684,54.688236,On or near Meadowlands,E01019098,Allerdale 005C,Violence and sexual offences,Unable to prosecute suspect,
a6d0f55b4fd5533680f05ea39e2f5123ee4ac2dcad9c198b40f507e28ee365f3,2021-07,Cumbria Constabulary,Cumbria Constabulary,-3.470684,54.688236,On or near Meadowlands,E01019098,Allerdale 005C,Violence and sexual offences,Investigation complete; no suspect identified,
1d90cbbc51007a56ddab667c96bd42a22a79d6a159e7c39c6be0dab96b8d128f,2021-07,Cumbria Constabulary,Cumbria Constabulary,-3.469175,54.688102,On or near The Avenue,E01019098,Allerdale 005C,Violence and sexual offences,Unable to prosecute suspect,
387ce25fa55b6d9313adf08a3a0dc96e0d3176b501fca4705704d6b826bcdac5,2021-07,Cumbria Constabulary,Cumbria Constabulary,-3.470843,54.687048,On or near Lowlands View,E01019098,Allerdale 005C,Violence and sexual offences,Unable to prosecute suspect,
21749ffda55feb5b035733f7e89e6ff6220d5c34daa1dc4c823a30ffb3d65524,2021-07,Cumbria Constabulary,Cumbria Constabulary,-3.470843,54.687048,On or near Lowlands View,E01019098,Allerdale 005C,Violence and sexual offences,Unable to prosecute suspect,
503f00a078ce4403607b5cf410e5817fa258238ee2d2ea3f629ae92534794328,2021-07,Cumbria Constabulary,Cumbria Constabulary,-3.470843,54.687048,On or near Lowlands View,E01019098,Allerdale 005C,Violence and sexual offences,Unable to prosecute suspect,
839459d06a0e6139eea1bb3b0761380f98f4183cb85fcd3ef5b8a2f41de5e257,2021-07,Cumbria Constabulary,Cumbria Constabulary,-3.470684,54.688236,On or near Meadowlands,E01019098,Allerdale 005C,Violence and sexual offences,Unable to prosecute suspect,
9ee400bdd7e8e698b258afb3da811490c8ce9a149b83c5faa41d170d640807d5,2021-07,Cumbria Constabulary,Cumbria Constabulary,-3.470684,54.688236,On or near Meadowlands,E01019098,Allerdale 005C,Violence and sexual offences,Unable to prosecute suspect,
,2021-07,Cumbria Constabulary,Cumbria Constabulary,-3.518761,54.685729,On or near Elm Avenue,E01019099,Allerdale 005D,Anti-social behaviour,,
,2021-07,Cumbria Constabulary,Cumbria Constabulary,-3.519048,54.687999,On or near Westfield View,E01019099,Allerdale 005D,Anti-social behaviour,,
915cb5c2b539d42f7a0201ce09199905124c9d97eac276f6fd2d698966021930,2021-07,Cumbria Constabulary,Cumbria Constabulary,-3.519048,54.687999,On or near Westfield View,E01019099,Allerdale 005D,Criminal damage and arson,Investigation complete; no suspect identified,
c299f292e4effa04fb1e8bdd8f7340e8888402b4cde058f8751c9856abe33a7d,2021-07,Cumbria Constabulary,Cumbria Constabulary,-3.516124,54.694875,On or near The Fothergills,E01019099,Allerdale 005D,Public order,Further investigation is not in the public interest,
b49137ca4ee29dca0e2214aecc9006bc3469857834a65624f5e8a387ed23e213,2021-07,Cumbria Constabulary,Cumbria Constabulary,-3.516399,54.691861,On or near School Drive,E01019099,Allerdale 005D,Public order,Unable to prosecute suspect,
562a9af420ce7172b22d95a0ca3e92dc52e884afa7b84d3d9765461cc421ee56,2021-07,Cumbria Constabulary,Cumbria Constabulary,-3.511478,54.684669,On or near Flimby Brow,E01019099,Allerdale 005D,Vehicle crime,Investigation complete; no suspect identified,
80028aff3cf3df3e60dea2e7e57a7faec2233202ceff02496f74c2b145dfc5ec,2021-07,Cumbria Constabulary,Cumbria Constabulary,-3.519196,54.690298,On or near Nairn Street,E01019099,Allerdale 005D,Violence and sexual offences,Unable to prosecute suspect,
695905a18269f887a224846d9448d95fd694cd02164e9e5fb9fc50cf2fb62d73,2021-07,Cumbria Constabulary,Cumbria Constabulary,-3.516399,54.691861,On or near School Drive,E01019099,Allerdale 005D,Violence and sexual offences,Unable to prosecute suspect,
d0d01ac48ee7ac29d422bd2b7a7c83db95c072da0d086888bc5a9a69aa5f78cd,2021-07,Cumbria Constabulary,Cumbria Constabulary,-3.516399,54.691861,On or near School Drive,E01019099,Allerdale 005D,Violence and sexual offences,Unable to prosecute suspect,
b3fb5ad171bbc6d91105c8887af924119cdbb5cfd4eea817683e3bea38db4864,2021-07,Cumbria Constabulary,Cumbria Constabulary,-3.519196,54.690298,On or near Nairn Street,E01019099,Allerdale 005D,Violence and sexual offences,Unable to prosecute suspect,
d8da24b11f6f2aeb2f235937c65808b7bd11e1533fb9b35c240e930d553cc9d1,2021-07,Cumbria Constabulary,Cumbria Constabulary,-3.499634,54.688241,On or near Park/Open Space,E01019099,Allerdale 005D,Violence and sexual offences,Unable to prosecute suspect,
,2021-07,Cumbria Constabulary,Cumbria Constabulary,-3.435450,54.672355,On or near Fletcher Close,E01019084,Allerdale 006A,Anti-social behaviour,,
a45a1daded7c0c0d698471d74b2077b5491eb2422c7e18f6c0e71e394129923f,2021-07,Cumbria Constabulary,Cumbria Constabulary,-3.437247,54.669647,On or near Moor Road,E01019084,Allerdale 006A,Criminal damage and arson,Investigation complete; no suspect identified,
0e29c024891d9b1abb090c197e336424beb78c488d2becec4d4e4b35a5e4430f,2021-07,Cumbria Constabulary,Cumbria Constabulary,-3.433386,54.670978,On or near Ghyll Bank,E01019084,Allerdale 006A,Criminal damage and arson,Unable to prosecute suspect,
ac5d45b5955a602587d82a3a5a78bb2984001b9dbe0bfc1bae3d67befc580bf0,2021-07,Cumbria Constabulary,Cumbria Constabulary,-3.437247,54.669647,On or near Moor Road,E01019084,Allerdale 006A,Criminal damage and arson,Investigation complete; no suspect identified,
06ba14357da34d97adc77882ea193d5688fda3b2b102811b8010b752049dddb6,2021-07,Cumbria Constabulary,Cumbria Constabulary,-3.436323,54.668957,On or near The Paddocks,E01019084,Allerdale 006A,Violence and sexual offences,Unable to prosecute suspect,
003b9cfc465c5a22463d794d7485da9d16654758468dfd6eb7223d5f80f5cd4f,2021-07,Cumbria Constabulary,Cumbria Constabulary,-3.433386,54.670978,On or near Ghyll Bank,E01019084,Allerdale 006A,Violence and sexual offences,Unable to prosecute suspect,
32b2f77d9ca6a8c4019cfba732e27a0f3ec606ad5d53dd6120f8ca17f6e0656f,2021-07,Cumbria Constabulary,Cumbria Constabulary,-3.435122,54.667875,On or near King Street,E01019084,Allerdale 006A,Violence and sexual offences,Unable to prosecute suspect,
d44fd6469730b5a5912f6e46afeff5035931846e465a38502830302c74c29a3e,2021-07,Cumbria Constabulary,Cumbria Constabulary,-3.436323,54.668957,On or near The Paddocks,E01019084,Allerdale 006A,Violence and sexual offences,Unable to prosecute suspect,
b980fa0876184d875d1cad5ec79813477cd600a1fcd56ffb808556217a41a6b7,2021-07,Cumbria Constabulary,Cumbria Constabulary,-3.437247,54.669647,On or near Moor Road,E01019084,Allerdale 006A,Violence and sexual offences,Awaiting court outcome,
aae546e8ab717c116ac753eb55da162c72a27a27b06b13a5c4dcdaccf3da9d75,2021-07,Cumbria Constabulary,Cumbria Constabulary,-3.382569,54.659570,On or near Parking Area,E01019085,Allerdale 006B,Public order,Investigation complete; no suspect identified,
dc9572ca8ab05286ca057fb1856bee6c7885040c22fe349f2bcb1419902aeafd,2021-07,Cumbria Constabulary,Cumbria Constabulary,-3.388914,54.663335,On or near Parking Area,E01019085,Allerdale 006B,Violence and sexual offences,Unable to prosecute suspect,
2516355a1d313116550413d92d72cf7217a713a9b35d9dfda1da10cb96a4cc77,2021-07,Cumbria Constabulary,Cumbria Constabulary,-3.388914,54.663335,On or near Parking Area,E01019085,Allerdale 006B,Violence and sexual offences,Unable to prosecute suspect,
,2021-07,Cumbria Constabulary,Cumbria Constabulary,-3.364375,54.662985,On or near Station Street,E01019088,Allerdale 006D,Anti-social behaviour,,
,2021-07,Cumbria Constabulary,Cumbria Constabulary,-3.365820,54.664470,On or near Waterloo Street,E01019088,Allerdale 006D,Anti-social behaviour,,
,2021-07,Cumbria Constabulary,Cumbria Constabulary,-3.370826,54.665348,On or near St Leonard'S Close,E01019088,Allerdale 006D,Anti-social behaviour,,
,2021-07,Cumbria Constabulary,Cumbria Constabulary,-3.363201,54.661264,On or near Lorton Street,E01019088,Allerdale 006D,Anti-social behaviour,,
,2021-07,Cumbria Constabulary,Cumbria Constabulary,-3.363201,54.661264,On or near Lorton Street,E01019088,Allerdale 006D,Anti-social behaviour,,
9e9a6215b5fbff38dc739c2f8205437e37b56aeb34e42efb2787f3481d8f423b,2021-07,Cumbria Constabulary,Cumbria Constabulary,-3.373339,54.668132,On or near Goat Brow,E01019088,Allerdale 006D,Burglary,Investigation complete; no suspect identified,
b6842f2a08162cf67985ddd1fe37edc1b819edb1fda47f958eff0e1cd4edca14,2021-07,Cumbria Constabulary,Cumbria Constabulary,-3.373339,54.668132,On or near Goat Brow,E01019088,Allerdale 006D,Burglary,Investigation complete; no suspect identified,
3eb38117f864945194849fd3663ccff3c3a058b3ebbacdab241d9b0259c66c8b,2021-07,Cumbria Constabulary,Cumbria Constabulary,-3.369561,54.663223,On or near Crown Street,E01019088,Allerdale 006D,Other theft,Investigation complete; no suspect identified,
a5fa27cf72a8c457095432b507f6732e185bd7d8313f4c8d19b86d7e568b64bf,2021-07,Cumbria Constabulary,Cumbria Constabulary,-3.367889,54.662847,On or near Sullart Street,E01019088,Allerdale 006D,Other theft,Unable to prosecute suspect,
29c2fd65396c5cbd51925229957f75ceed66c71555fea9d562c5b97031b3e1cf,2021-07,Cumbria Constabulary,Cumbria Constabulary,-3.363657,54.663784,On or near Main Street,E01019088,Allerdale 006D,Other theft,Investigation complete; no suspect identified,
8eab8a96e344b18906b50c5c1e2c629894730bd93a6b5026bbd80a4b5b1ec65c,2021-07,Cumbria Constabulary,Cumbria Constabulary,-3.364375,54.662985,On or near Station Street,E01019088,Allerdale 006D,Public order,Unable to prosecute suspect,
b85e130b7f34c958dbf78d4eaa1d77baa48ec629da4c11244e89c4a589c84a38,2021-07,Cumbria Constabulary,Cumbria Constabulary,-3.363201,54.661264,On or near Lorton Street,E01019088,Allerdale 006D,Public order,Investigation complete; no suspect identified,
679521a34bc59776e02b01532625abac8551fcef3d85baae5826dd8daf0f8e90,2021-07,Cumbria Constabulary,Cumbria Constabulary,-3.363657,54.663784,On or near Main Street,E01019088,Allerdale 006D,Public order,Unable to prosecute suspect,
91fffa57d3c986c17a1cdf713020ca2d5da31e3bf97395f92b044bd81a15cccb,2021-07,Cumbria Constabulary,Cumbria Constabulary,-3.363657,54.663784,On or near Main Street,E01019088,Allerdale 006D,Violence and sexual offences,Unable to prosecute suspect,
eb13b53e33bfa89d029f7aa27e7c80e42e88e6bc2289ca604ddedc1b9043b056,2021-07,Cumbria Constabulary,Cumbria Constabulary,-3.373339,54.668132,On or near Goat Brow,E01019088,Allerdale 006D,Violence and sexual offences,Unable to prosecute suspect,
6b170973415c98e0af220b9612be3b8a08f2266ac02afbcf2e31f7ba1fb502a7,2021-07,Cumbria Constabulary,Cumbria Constabulary,-3.362814,54.664072,On or near Police Station,E01019088,Allerdale 006D,Violence and sexual offences,Unable to prosecute suspect,
5a0ef9b6b4c5e5f738600ea0b7ce07d31a018fc9dba37c42f30bceb32fd4f7b2,2021-07,Cumbria Constabulary,Cumbria Constabulary,-3.366124,54.661977,On or near Parking Area,E01019088,Allerdale 006D,Violence and sexual offences,Unable to prosecute suspect,
656c872ef83e2773ad745def8701f8926e956caee6dd9d562428253d83923a51,2021-07,Cumbria Constabulary,Cumbria Constabulary,-3.440557,54.648397,On or near Main Street,E01019091,Allerdale 006E,Public order,Investigation complete; no suspect identified,
e77d5bd0732f6ead15dfb08410f6ce7058b9acd082cc646bf6f20c64db265bda,2021-07,Cumbria Constabulary,Cumbria Constabulary,-3.461106,54.611166,On or near Wadsworth Park,E01019091,Allerdale 006E,Public order,Unable to prosecute suspect,
f250da70587ec8af4b723fdc58b50da734d6023bde70550987372d04a45324a2,2021-07,Cumbria Constabulary,Cumbria Constabulary,-3.402273,54.641117,On or near Barkers Meadow,E01019091,Allerdale 006E,Other crime,Awaiting court outcome,
,2021-07,Cumbria Constabulary,Cumbria Constabulary,-3.360309,54.660092,On or near Mill Grove,E01019078,Allerdale 007A,Anti-social behaviour,,
04feb0bffe51fe7f2db7c7b295c101e4f6c2a2c5acf44e4d69462b36346b59ac,2021-07,Cumbria Constabulary,Cumbria Constabulary,-3.357356,54.657555,On or near Lowscales Drive,E01019078,Allerdale 007A,Violence and sexual offences,Unable to prosecute suspect,
a254582d9e8410355379dd8348b13deab62f5c046c6368b07f7418cca8eaeceb,2021-07,Cumbria Constabulary,Cumbria Constabulary,-3.349030,54.662186,On or near Ennerdale Close,E01019079,Allerdale 007B,Violence and sexual offences,Unable to prosecute suspect,
b31d36754dd481714147ba6c3147f88be985c8b64af37790146c0c8337427adc,2021-07,Cumbria Constabulary,Cumbria Constabulary,-3.356202,54.668047,On or near Cedar Lane,E01019079,Allerdale 007B,Violence and sexual offences,Unable to prosecute suspect,
0943e6c41b56c974d2cb3d270bdac2171fd840a2946dde53b5a74eafd3675979,2021-07,Cumbria Constabulary,Cumbria Constabulary,-3.345439,54.660959,On or near Buttermere Close,E01019079,Allerdale 007B,Violence and sexual offences,Unable to prosecute suspect,
01101a3b86473529e33e6c4e5a68854eaa06c7ef954aa7117e1cd6c060a394b4,2021-07,Cumbria Constabulary,Cumbria Constabulary,-3.345439,54.660959,On or near Buttermere Close,E01019079,Allerdale 007B,Violence and sexual offences,Unable to prosecute suspect,
,2021-07,Cumbria Constabulary,Cumbria Constabulary,-3.352427,54.661762,On or near Kirkfell Avenue,E01019080,Allerdale 007C,Anti-social behaviour,,
,2021-07,Cumbria Constabulary,Cumbria Constabulary,-3.354734,54.661682,On or near Whiteside Avenue,E01019080,Allerdale 007C,Anti-social behaviour,,
,2021-07,Cumbria Constabulary,Cumbria Constabulary,-3.352427,54.661762,On or near Kirkfell Avenue,E01019080,Allerdale 007C,Anti-social behaviour,,
3252c83d8f2ca26b5c73d5ad0bd3d8470d93da49b0e3d042f617ac0c190e4ba9,2021-07,Cumbria Constabulary,Cumbria Constabulary,-3.361874,54.664712,On or near Wyndham Row,E01019080,Allerdale 007C,Criminal damage and arson,Investigation complete; no suspect identified,
c1540427f1a9311ef4ab89c37a4e6d183730bfb3559bd50c41b13332bbdc5570,2021-07,Cumbria Constabulary,Cumbria Constabulary,-3.355953,54.663826,On or near St Helens Street,E01019080,Allerdale 007C,Other theft,Further investigation is not in the public interest,
d703be831fc23fa96474d4bb64c91024c296f8a646b3db4d045f74c1d407512c,2021-07,Cumbria Constabulary,Cumbria Constabulary,-3.353822,54.663607,On or near St Helens Close,E01019080,Allerdale 007C,Possession of weapons,Unable to prosecute suspect,
450e0d883bcc758cfee9f3dd77d4a20e16a508a1947fa2f868e4d9f2355d3ae2,2021-07,Cumbria Constabulary,Cumbria Constabulary,-3.355953,54.663826,On or near St Helens Street,E01019080,Allerdale 007C,Public order,Unable to prosecute suspect,
760934f1d280f36aa9d932c2a6c3192df68ce7249e38af0d459b68769c664a00,2021-07,Cumbria Constabulary,Cumbria Constabulary,-3.352957,54.663706,On or near Beckside Close,E01019080,Allerdale 007C,Public order,Awaiting court outcome,
2ecd5e2ced76982ac42ad4a3dc3dff65aed00b022f8ebcaf48041f827e56eac0,2021-07,Cumbria Constabulary,Cumbria Constabulary,-3.355953,54.663826,On or near St Helens Street,E01019080,Allerdale 007C,Public order,Court result unavailable,
6aa80e6905be58f8037d718aae367eb57a1570ba22c11d3d1d1d0b65a9062588,2021-07,Cumbria Constabulary,Cumbria Constabulary,-3.352957,54.663706,On or near Beckside Close,E01019080,Allerdale 007C,Public order,Awaiting court outcome,
29d805470bdca1eee320ebb2d6a331075ef9c964b350e6892fee788dc47eb5f1,2021-07,Cumbria Constabulary,Cumbria Constabulary,-3.359057,54.661607,On or near Lorton Road,E01019080,Allerdale 007C,Public order,Investigation complete; no suspect identified,
77994965a5accc7768e0ae044a13aa1b789a054fb37a76d8e8d46509b0074301,2021-07,Cumbria Constabulary,Cumbria Constabulary,-3.349946,54.664099,On or near Grisedale Place,E01019080,Allerdale 007C,Violence and sexual offences,Awaiting court outcome,
54aff441629df836584ccacbca39e71b04e7ee0ab123e38596bf16f1fb5d0621,2021-07,Cumbria Constabulary,Cumbria Constabulary,-3.361874,54.664712,On or near Wyndham Row,E01019080,Allerdale 007C,Violence and sexual offences,Status update unavailable,
c15f989bbab40b10b8bd99ee9c374ae8910b374786443c53241013899b31b5e3,2021-07,Cumbria Constabulary,Cumbria Constabulary,-3.352427,54.661762,On or near Kirkfell Avenue,E01019080,Allerdale 007C,Violence and sexual offences,Unable to prosecute suspect,
4c7b5e88ad90699eaa7d26896cffc807140c44defab9f76b41bd27986a40b586,2021-07,Cumbria Constabulary,Cumbria Constabulary,-3.355953,54.663826,On or near St Helens Street,E01019080,Allerdale 007C,Violence and sexual offences,Further investigation is not in the public interest,
aa42474ac964e74e31f6f5ed4300adb2a109502df8ae403281c6fdc3ea47cd04,2021-07,Cumbria Constabulary,Cumbria Constabulary,-3.349946,54.664099,On or near Grisedale Place,E01019080,Allerdale 007C,Violence and sexual offences,Awaiting court outcome,
086843a6350f65dd5d1723a3f572d9353a49bee498d2975054857c8c2aa6819d,2021-07,Cumbria Constabulary,Cumbria Constabulary,-3.355953,54.663826,On or near St Helens Street,E01019080,Allerdale 007C,Violence and sexual offences,Unable to prosecute suspect,
3b215fc07de3b67dd02c4913d14bf477de951854359110765032ea7010e56740,2021-07,Cumbria Constabulary,Cumbria Constabulary,-3.355953,54.663826,On or near St Helens Street,E01019080,Allerdale 007C,Violence and sexual offences,Unable to prosecute suspect,
ab56dab63be83ed6e7bbd47f59586a2c8593302d22379203cf65556195bf6e1b,2021-07,Cumbria Constabulary,Cumbria Constabulary,-3.355953,54.663826,On or near St Helens Street,E01019080,Allerdale 007C,Violence and sexual offences,Unable to prosecute suspect,
fa048eb1b4f2ce1f0195451d55ecdcc8900dadc4448d8c67c86649e2f49efd39,2021-07,Cumbria Constabulary,Cumbria Constabulary,-3.349946,54.664099,On or near Grisedale Place,E01019080,Allerdale 007C,Violence and sexual offences,Unable to prosecute suspect,
c4eb63bcc709383f1fb7724932a5517bb52ed38047268bcd4e9eacb462ef958c,2021-07,Cumbria Constabulary,Cumbria Constabulary,-3.352335,54.656649,On or near Lorton Road,E01019080,Allerdale 007C,Violence and sexual offences,Unable to prosecute suspect,
b1cdb46b63f58aeb227a3f7dc933a53bbb761edac1a0d69044aa9e371793c450,2021-07,Cumbria Constabulary,Cumbria Constabulary,-3.359057,54.661607,On or near Lorton Road,E01019080,Allerdale 007C,Violence and sexual offences,Unable to prosecute suspect,
fcfb6102503d8e127b9dbca09f8f362a8f8e2d41fd8d4d5e8e138442151b62c9,2021-07,Cumbria Constabulary,Cumbria Constabulary,-3.353822,54.663607,On or near St Helens Close,E01019080,Allerdale 007C,Violence and sexual offences,Unable to prosecute suspect,
,2021-07,Cumbria Constabulary,Cumbria Constabulary,-3.368358,54.659246,On or near Sports/Recreation Area,E01019087,Allerdale 007D,Anti-social behaviour,,
45feef72f320b42bb1ed968ebd771f45c6d8a0935f847d3b4fec6b6ba18e2eb5,2021-07,Cumbria Constabulary,Cumbria Constabulary,-3.377934,54.657304,On or near Harrot Hill,E01019087,Allerdale 007D,Burglary,Investigation complete; no suspect identified,
c89894b5f42f1c1d3d99670d5ef3259803830e1369ede71cca2a6f06c2272cc5,2021-07,Cumbria Constabulary,Cumbria Constabulary,-3.372495,54.654139,On or near Petrol Station,E01019087,Allerdale 007D,Other theft,Investigation complete; no suspect identified,
d75022db3b3fde1b0807bfd2e74a49d7a30273f67dc560d4163c420f5cd710e7,2021-07,Cumbria Constabulary,Cumbria Constabulary,-3.372495,54.654139,On or near Petrol Station,E01019087,Allerdale 007D,Other theft,Investigation complete; no suspect identified,
b9054e375f21ecdd2ebd8ee21c664448c4d4e0d160941c80126f77f8cee876be,2021-07,Cumbria Constabulary,Cumbria Constabulary,-3.372495,54.654139,On or near Petrol Station,E01019087,Allerdale 007D,Other theft,Investigation complete; no suspect identified,
63a39ce898d89da9603fc4d760cab9adf3b9bac80433cb9b44f866ca23624d13,2021-07,Cumbria Constabulary,Cumbria Constabulary,-3.372495,54.654139,On or near Petrol Station,E01019087,Allerdale 007D,Vehicle crime,Investigation complete; no suspect identified,
4d2a7dd26825bc19603a1c3f6a614fe8c97d0856d4a49eee0bbd9b7bb8b20376,2021-07,Cumbria Constabulary,Cumbria Constabulary,-3.366585,54.593504,On or near Grange Lane,E01019090,Allerdale 007E,Other theft,Investigation complete; no suspect identified,
1c10ff4e76106047fca52581b88120a37adafbfb9e5a5f5b770eb1e37321d725,2021-07,Cumbria Constabulary,Cumbria Constabulary,-3.239890,54.676079,On or near Parking Area,E01019090,Allerdale 007E,Other theft,Investigation complete; no suspect identified,
42d0e9190d8d3365dcec5777ce4064cc006403244f3d32cdd531a84a94f6cd45,2021-07,Cumbria Constabulary,Cumbria Constabulary,-3.244629,54.668759,On or near Parking Area,E01019090,Allerdale 007E,Other theft,Investigation complete; no suspect identified,
57ab6935b689adb02d576f034b4c51f40bfec337e9dd3c51ed0c76134fd62c92,2021-07,Cumbria Constabulary,Cumbria Constabulary,-3.220276,54.644679,On or near Parking Area,E01019090,Allerdale 007E,Vehicle crime,Investigation complete; no suspect identified,
7618062c1ae81aa307299a6089f07372d1d1b3f380b20f450eec8f5efca31d0b,2021-07,Cumbria Constabulary,Cumbria Constabulary,-3.309901,54.615018,On or near B5289,E01019090,Allerdale 007E,Violence and sexual offences,Unable to prosecute suspect,
,2021-07,Cumbria Constabulary,Cumbria Constabulary,-3.543898,54.643375,On or near Shopping Area,E01019116,Allerdale 008A,Anti-social behaviour,,
,2021-07,Cumbria Constabulary,Cumbria Constabulary,-3.546007,54.644229,On or near Pedestrian Subway,E01019116,Allerdale 008A,Anti-social behaviour,,
,2021-07,Cumbria Constabulary,Cumbria Constabulary,-3.546007,54.644229,On or near Pedestrian Subway,E01019116,Allerdale 008A,Anti-social behaviour,,
,2021-07,Cumbria Constabulary,Cumbria Constabulary,-3.546554,54.642712,On or near Central Square,E01019116,Allerdale 008A,Anti-social behaviour,,
,2021-07,Cumbria Constabulary,Cumbria Constabulary,-3.545379,54.640319,On or near Charters Close,E01019116,Allerdale 008A,Anti-social behaviour,,
,2021-07,Cumbria Constabulary,Cumbria Constabulary,-3.543380,54.641557,On or near Ritson Street,E01019116,Allerdale 008A,Anti-social behaviour,,
,2021-07,Cumbria Constabulary,Cumbria Constabulary,-3.542944,54.642318,On or near Jane Street,E01019116,Allerdale 008A,Anti-social behaviour,,
,2021-07,Cumbria Constabulary,Cumbria Constabulary,-3.546708,54.641470,On or near Irving Street,E01019116,Allerdale 008A,Anti-social behaviour,,
,2021-07,Cumbria Constabulary,Cumbria Constabulary,-3.534346,54.642796,On or near Stainburn Road,E01019116,Allerdale 008A,Anti-social behaviour,,
,2021-07,Cumbria Constabulary,Cumbria Constabulary,-3.540225,54.645408,On or near Hall Brow,E01019116,Allerdale 008A,Anti-social behaviour,,
43905d5f16c8ade5effbee9613bc26967b3d319daf918858190e50988af11437,2021-07,Cumbria Constabulary,Cumbria Constabulary,-3.543373,54.646285,On or near Sports/Recreation Area,E01019116,Allerdale 008A,Bicycle theft,Investigation complete; no suspect identified,
a805f44fb003da46d8d883ae591ce5d0422d1abd4b0bf53f31bdbd20c757bc95,2021-07,Cumbria Constabulary,Cumbria Constabulary,-3.544627,54.642557,On or near Jane Street,E01019116,Allerdale 008A,Burglary,Investigation complete; no suspect identified,
6410314b164963f97d4dbd105dab562bf85e191500939ab996e8e4a138aecd3e,2021-07,Cumbria Constabulary,Cumbria Constabulary,-3.546007,54.644229,On or near Pedestrian Subway,E01019116,Allerdale 008A,Burglary,Investigation complete; no suspect identified,
c307f35bea7a91f4bfefe09c893a7fab9df173977822103ffdbc5ef902deba8b,2021-07,Cumbria Constabulary,Cumbria Constabulary,-3.540225,54.645408,On or near Hall Brow,E01019116,Allerdale 008A,Criminal damage and arson,Court result unavailable,
3ce2a50a6f2217c6ff7a4be2d99b9991bf23d0611832c8f7105992371edb222b,2021-07,Cumbria Constabulary,Cumbria Constabulary,-3.546399,54.641070,On or near John Street,E01019116,Allerdale 008A,Criminal damage and arson,Unable to prosecute suspect,
ffa328b0d33cd6d604f70431c6c0baa98af2b6fa1a24b1e7de9e058f6a313420,2021-07,Cumbria Constabulary,Cumbria Constabulary,-3.546554,54.642712,On or near Central Square,E01019116,Allerdale 008A,Criminal damage and arson,Investigation complete; no suspect identified,
feea1a71fb228ddea1ad2787abf9a85ef00cefdb4c945a40aba5fe8a10b8a447,2021-07,Cumbria Constabulary,Cumbria Constabulary,-3.542944,54.642318,On or near Jane Street,E01019116,Allerdale 008A,Criminal damage and arson,Unable to prosecute suspect,
456cfa711c444d506290e62932b644aaf7d97b9134244cde15ba58b4cdaff0f8,2021-07,Cumbria Constabulary,Cumbria Constabulary,-3.543898,54.643375,On or near Shopping Area,E01019116,Allerdale 008A,Other theft,Investigation complete; no suspect identified,
0353e5254229beac1eebbf6096f276fe8419ff92033baf8594dd9ac40f2aae5c,2021-07,Cumbria Constabulary,Cumbria Constabulary,-3.543898,54.643375,On or near Shopping Area,E01019116,Allerdale 008A,Other theft,Investigation complete; no suspect identified,
1e5f88498d08d6f1dcc7fb9c9b6bd2f64a77ccbb89a58ea0f0fdff99f476be71,2021-07,Cumbria Constabulary,Cumbria Constabulary,-3.542472,54.642944,On or near Wilson Street,E01019116,Allerdale 008A,Other theft,Unable to prosecute suspect,
50ad0c83080f57ad8d9d5c4b1dfb611cd7a0d4c58c40a48d5b959e2250f1c559,2021-07,Cumbria Constabulary,Cumbria Constabulary,-3.546399,54.641070,On or near John Street,E01019116,Allerdale 008A,Other theft,Investigation complete; no suspect identified,
338ea5bbc5a9024d5cf917373aadfdc9865330024dc4d1a53cbe5f2136841c19,2021-07,Cumbria Constabulary,Cumbria Constabulary,-3.544627,54.642557,On or near Jane Street,E01019116,Allerdale 008A,Possession of weapons,Court result unavailable,
6f9700276d84b885c76b11e075acceb5dd99b44811f7460ffe6d6d9bb87febd9,2021-07,Cumbria Constabulary,Cumbria Constabulary,-3.543380,54.641557,On or near Ritson Street,E01019116,Allerdale 008A,Public order,Investigation complete; no suspect identified,
c278cfc85a67d770ae8f40d837456ac31fb06ec4ab924575a9e30c45554aebe4,2021-07,Cumbria Constabulary,Cumbria Constabulary,-3.534346,54.642796,On or near Stainburn Road,E01019116,Allerdale 008A,Public order,Status update unavailable,
bd2fac091b15ea4fdd6b3babb92152e60e43a03593c36a12ce7697a5917987a1,2021-07,Cumbria Constabulary,Cumbria Constabulary,-3.543836,54.644185,On or near Shopping Area,E01019116,Allerdale 008A,Public order,Court result unavailable,
d9e715ba4298c2713c1cca2ad43d5c153d4a5824c9e7dfbd446f16421323bd8e,2021-07,Cumbria Constabulary,Cumbria Constabulary,-3.543836,54.644185,On or near Shopping Area,E01019116,Allerdale 008A,Public order,Court result unavailable,
1760c5c698a8df44267830e8eda0be40f65cc261df2402f89c471f4bd1c85046,2021-07,Cumbria Constabulary,Cumbria Constabulary,-3.540225,54.645408,On or near Hall Brow,E01019116,Allerdale 008A,Public order,Unable to prosecute suspect,
e7878d9f0d150fbb249f8184fe9747fd49f61f6be254b38dde0b884ec1a4de2b,2021-07,Cumbria Constabulary,Cumbria Constabulary,-3.546007,54.644229,On or near Pedestrian Subway,E01019116,Allerdale 008A,Public order,Unable to prosecute suspect,
8d6139bc44b673e96e3cab540993b3898bba07f5d1901b99d087470dedaab70a,2021-07,Cumbria Constabulary,Cumbria Constabulary,-3.545177,54.644393,On or near Supermarket,E01019116,Allerdale 008A,Public order,Investigation complete; no suspect identified,
ca46b48078e72c43313af2c10c640d52c23091c7a4fb1bf4b6cdd0ba101f66fe,2021-07,Cumbria Constabulary,Cumbria Constabulary,-3.543898,54.643375,On or near Shopping Area,E01019116,Allerdale 008A,Public order,Unable to prosecute suspect,
767afb3ccb0f076278ede397fd270187a5aabca1e7aac110350a9eeca17206d3,2021-07,Cumbria Constabulary,Cumbria Constabulary,-3.543836,54.644185,On or near Shopping Area,E01019116,Allerdale 008A,Public order,Awaiting court outcome,
6cec65ed0440d43f14cc1c028ac7c8f57e48ded3521f86c3c64552795abbb99b,2021-07,Cumbria Constabulary,Cumbria Constabulary,-3.543836,54.644185,On or near Shopping Area,E01019116,Allerdale 008A,Shoplifting,Court result unavailable,
2b696cc8200a92cb5ee72b3c3bdce72f5271a09b1a2534fb0f71723cd1c41668,2021-07,Cumbria Constabulary,Cumbria Constabulary,-3.543836,54.644185,On or near Shopping Area,E01019116,Allerdale 008A,Shoplifting,Further investigation is not in the public interest,
f42a989e825fee815e19bbb74cf4c6ebc3c6abef73e6f7484d71dae4b8bd44e9,2021-07,Cumbria Constabulary,Cumbria Constabulary,-3.543836,54.644185,On or near Shopping Area,E01019116,Allerdale 008A,Shoplifting,Court result unavailable,
64ce5032b406a79478e445129a9041182d6d343fceb43fda8e0d8d1bf072b982,2021-07,Cumbria Constabulary,Cumbria Constabulary,-3.534346,54.642796,On or near Stainburn Road,E01019116,Allerdale 008A,Violence and sexual offences,Unable to prosecute suspect,
c9655a2057285fb1f48a174a0df870b4e657d259666a1c9bfa209550b702ba8c,2021-07,Cumbria Constabulary,Cumbria Constabulary,-3.543380,54.641557,On or near Ritson Street,E01019116,Allerdale 008A,Violence and sexual offences,Court result unavailable,
8e713ff255f6c7e29e757939cbbaef499ad7fae0ccff4e9ce4a962202145ee2b,2021-07,Cumbria Constabulary,Cumbria Constabulary,-3.546399,54.641070,On or near John Street,E01019116,Allerdale 008A,Violence and sexual offences,Unable to prosecute suspect,
8a8539e607f53d103e2bc06f0739ff409b6f4ef0c91137250b34f81b317676f1,2021-07,Cumbria Constabulary,Cumbria Constabulary,-3.545260,54.641273,On or near Lamport Street,E01019116,Allerdale 008A,Violence and sexual offences,Unable to prosecute suspect,
400dc800244e0df14cc5a8eda71ff679b4c9ab90c5376c4567480ec15f05334b,2021-07,Cumbria Constabulary,Cumbria Constabulary,-3.543380,54.641557,On or near Ritson Street,E01019116,Allerdale 008A,Violence and sexual offences,Court result unavailable,
50b0319482213b88dc8ec08fd069353163f9f795778ae3d78a20c97aa8a4a3e6,2021-07,Cumbria Constabulary,Cumbria Constabulary,-3.543380,54.641557,On or near Ritson Street,E01019116,Allerdale 008A,Violence and sexual offences,Unable to prosecute suspect,
c79f02fb0f49c54cdc6421d9a0af7a388ddd9c396d91f23ecd1e28395b7de450,2021-07,Cumbria Constabulary,Cumbria Constabulary,-3.543380,54.641557,On or near Ritson Street,E01019116,Allerdale 008A,Violence and sexual offences,Unable to prosecute suspect,
d62a0d10d7dc4ca97e62a3b2becb1cdc74d9a0c2fc112768901aaf8ca57b6adc,2021-07,Cumbria Constabulary,Cumbria Constabulary,-3.544584,54.642243,On or near St John'S Court,E01019116,Allerdale 008A,Violence and sexual offences,Unable to prosecute suspect,
d2feb4141acba3e56d0c14b21e287fdf27b0d10554809e0a6173d49957a79b8b,2021-07,Cumbria Constabulary,Cumbria Constabulary,-3.542944,54.642318,On or near Jane Street,E01019116,Allerdale 008A,Violence and sexual offences,Unable to prosecute suspect,
0b5490ffb2f29aeae764e9a95652243ec97d83f475b22d8e460fb2b7795e58a3,2021-07,Cumbria Constabulary,Cumbria Constabulary,-3.540225,54.645408,On or near Hall Brow,E01019116,Allerdale 008A,Violence and sexual offences,Local resolution,
b6ae70646101c36d2680c55413fe1a4b8af8c6442ae672e980fa30d4300aa46a,2021-07,Cumbria Constabulary,Cumbria Constabulary,-3.542944,54.642318,On or near Jane Street,E01019116,Allerdale 008A,Violence and sexual offences,Unable to prosecute suspect,
ce3795429d6f24ee32c9a332b20364b6d8335ebdef58959b77b530f259e35a5e,2021-07,Cumbria Constabulary,Cumbria Constabulary,-3.542944,54.642318,On or near Jane Street,E01019116,Allerdale 008A,Violence and sexual offences,Unable to prosecute suspect,
b3a1857f5c9e004a74493f9051b4f95b49acae31447b12a1949339f5e8e5ac19,2021-07,Cumbria Constabulary,Cumbria Constabulary,-3.542944,54.642318,On or near Jane Street,E01019116,Allerdale 008A,Violence and sexual offences,Unable to prosecute suspect,
59a72809348ca31b2287028570fcf4aa87256c3104455ecc1c99c2d0f7c29cd5,2021-07,Cumbria Constabulary,Cumbria Constabulary,-3.542323,54.642290,On or near Market Place,E01019116,Allerdale 008A,Violence and sexual offences,Court result unavailable,
3552f33b67d2c5a23123e0408d7e883235d5d71306fb65c178652089578f4ca8,2021-07,Cumbria Constabulary,Cumbria Constabulary,-3.546007,54.644229,On or near Pedestrian Subway,E01019116,Allerdale 008A,Violence and sexual offences,Unable to prosecute suspect,
aebb37bac23b4e67e3f6b4dee11724c5c4d928964bc52ee4e11b7e6947eea434,2021-07,Cumbria Constabulary,Cumbria Constabulary,-3.545177,54.644393,On or near Supermarket,E01019116,Allerdale 008A,Violence and sexual offences,Investigation complete; no suspect identified,
133f4a385c6cd9653caf1bdc4be49a2851d35174826203f92cf0b2dc4a13f11b,2021-07,Cumbria Constabulary,Cumbria Constabulary,-3.542944,54.642318,On or near Jane Street,E01019116,Allerdale 008A,Violence and sexual offences,Further investigation is not in the public interest,
2b800cf04353d18d035a141cb0d6478d1bbeab9b1d303b24c8244eec308da0d4,2021-07,Cumbria Constabulary,Cumbria Constabulary,-3.545142,54.640609,On or near Kelly Street,E01019116,Allerdale 008A,Violence and sexual offences,Unable to prosecute suspect,
7da17b4f5cb934cd6b3bb6e3d0ebe87f7ec111aa9278156024deeb34e29845f9,2021-07,Cumbria Constabulary,Cumbria Constabulary,-3.540225,54.645408,On or near Hall Brow,E01019116,Allerdale 008A,Violence and sexual offences,Court result unavailable,
5e466168a4b585b5de9d97335a654f9e4f50f811ae94ae615159033324edfd67,2021-07,Cumbria Constabulary,Cumbria Constabulary,-3.542944,54.642318,On or near Jane Street,E01019116,Allerdale 008A,Violence and sexual offences,Investigation complete; no suspect identified,
,2021-07,Cumbria Constabulary,Cumbria Constabulary,-3.549638,54.639869,On or near Darcy Street,E01019118,Allerdale 008B,Anti-social behaviour,,
229206530f924850024fdfd75cff1e21525d6466bc09e6b2bf9354577e62e579,2021-07,Cumbria Constabulary,Cumbria Constabulary,-3.549454,54.641938,On or near Vulcan'S Lane,E01019118,Allerdale 008B,Criminal damage and arson,Investigation complete; no suspect identified,
9ea96c0bb956dffecb8e220673ac05ec82a1c77ac8079b4c7c8b94b13ab92aea,2021-07,Cumbria Constabulary,Cumbria Constabulary,-3.549226,54.641240,On or near Hunter Street,E01019118,Allerdale 008B,Criminal damage and arson,Investigation complete; no suspect identified,
3a54607a01fdc99c08903a292e58447be4d137ee9f35bd9dcd0927d84bae0dcc,2021-07,Cumbria Constabulary,Cumbria Constabulary,-3.547050,54.640666,On or near Victoria Place,E01019118,Allerdale 008B,Public order,Court result unavailable,
6910c14c36f7a961f9df5d2b18052159b65ff7802e2ff4628a20a9293cf203e3,2021-07,Cumbria Constabulary,Cumbria Constabulary,-3.547074,54.639263,On or near Supermarket,E01019118,Allerdale 008B,Shoplifting,Investigation complete; no suspect identified,
07cd72bd6fa947de66552d9e278a9678f1280d0a700a4b5f7f90f0b98fbf214b,2021-07,Cumbria Constabulary,Cumbria Constabulary,-3.548633,54.641149,On or near Gray Street,E01019118,Allerdale 008B,Violence and sexual offences,Investigation complete; no suspect identified,
d63b58d2a1c9ad34dcdc3c73c4aea97229de22e5a50ede4b0c584041f28b162c,2021-07,Cumbria Constabulary,Cumbria Constabulary,-3.549226,54.641240,On or near Hunter Street,E01019118,Allerdale 008B,Violence and sexual offences,Unable to prosecute suspect,
f87a0404e29130d6b02ce48d31e5460af59f6d50780b387f7bcda528f04ff0cf,2021-07,Cumbria Constabulary,Cumbria Constabulary,-3.549560,54.639438,On or near Hartington Street,E01019118,Allerdale 008B,Violence and sexual offences,Unable to prosecute suspect,
,2021-07,Cumbria Constabulary,Cumbria Constabulary,-3.549107,54.645466,On or near Wybrow Terrace,E01019122,Allerdale 008C,Anti-social behaviour,,
,2021-07,Cumbria Constabulary,Cumbria Constabulary,-3.562969,54.646052,On or near Marsh Street,E01019122,Allerdale 008C,Anti-social behaviour,,
,2021-07,Cumbria Constabulary,Cumbria Constabulary,-3.550115,54.651169,On or near Burrow Walls,E01019122,Allerdale 008C,Anti-social behaviour,,
06c40e8352fafe319ea7bbf9f0079ba05414f9c22bdf67ce0e757ddd006293ea,2021-07,Cumbria Constabulary,Cumbria Constabulary,-3.549944,54.651971,On or near Trinity Drive,E01019122,Allerdale 008C,Bicycle theft,Investigation complete; no suspect identified,
7e44dc397890c7a2573d633ef76d56f30519f57e05e4e8464e4f718a42001aff,2021-07,Cumbria Constabulary,Cumbria Constabulary,-3.549944,54.651971,On or near Trinity Drive,E01019122,Allerdale 008C,Burglary,Investigation complete; no suspect identified,
46dcaafcbfd85f829fa2042cac595d5440fedcd0d596a1aee680524fe63d1b1c,2021-07,Cumbria Constabulary,Cumbria Constabulary,-3.546645,54.649191,On or near Northside Road,E01019122,Allerdale 008C,Criminal damage and arson,Unable to prosecute suspect,
ba9874e52ea7b008faf5d7b21372014084be45cad6ab21747437f9ad2ed418e8,2021-07,Cumbria Constabulary,Cumbria Constabulary,-3.560684,54.645865,On or near Lawrance Street,E01019122,Allerdale 008C,Criminal damage and arson,Investigation complete; no suspect identified,
03ef4d155bdecc58014b8ade4010b170020fd58bd73fc414ea359a2239d7083d,2021-07,Cumbria Constabulary,Cumbria Constabulary,-3.562969,54.646052,On or near Marsh Street,E01019122,Allerdale 008C,Drugs,Court result unavailable,
9cd17bc8c2058839386a0697cd49e50d82bea1ca7cf03618f3b138635709f3c8,2021-07,Cumbria Constabulary,Cumbria Constabulary,-3.562969,54.646052,On or near Marsh Street,E01019122,Allerdale 008C,Other theft,Investigation complete; no suspect identified,
c3d77f078201af8bb81269d97c6c0b635fe89276f72d916caa70ed1643c7432a,2021-07,Cumbria Constabulary,Cumbria Constabulary,-3.562969,54.646052,On or near Marsh Street,E01019122,Allerdale 008C,Public order,Investigation complete; no suspect identified,
3373a2fb29419b1704410a9ca395c8cb4abf71c561e09da2f127d2b1da761ce6,2021-07,Cumbria Constabulary,Cumbria Constabulary,-3.550115,54.651169,On or near Burrow Walls,E01019122,Allerdale 008C,Public order,Unable to prosecute suspect,
a93f24f6a9bf63a3c04b347ad25c9f76bfce3fc665066300d1671d12e611b1f8,2021-07,Cumbria Constabulary,Cumbria Constabulary,-3.562969,54.646052,On or near Marsh Street,E01019122,Allerdale 008C,Shoplifting,Investigation complete; no suspect identified,
605417a3c8b049a740c4a5d28766049f15938caacf74e75a365d20664064ce79,2021-07,Cumbria Constabulary,Cumbria Constabulary,-3.553364,54.655891,On or near Petrol Station,E01019122,Allerdale 008C,Shoplifting,Further investigation is not in the public interest,
158ccb17e97d45b215ae322cd2790c1a866fddb6bb882bb7050eb97bdc1d351b,2021-07,Cumbria Constabulary,Cumbria Constabulary,-3.550626,54.665804,On or near Mc Gowan Street,E01019122,Allerdale 008C,Vehicle crime,Investigation complete; no suspect identified,
2e796c0aae239b2838df265dff958a13df12e83b9d01fc78f76eab8f410d1b4d,2021-07,Cumbria Constabulary,Cumbria Constabulary,-3.549944,54.651971,On or near Trinity Drive,E01019122,Allerdale 008C,Vehicle crime,Unable to prosecute suspect,
9dde8c231b93b82f9f8ae529b0f735fc7ec1010e5e57e5575214170eab82bef2,2021-07,Cumbria Constabulary,Cumbria Constabulary,-3.551622,54.646395,On or near William Street,E01019122,Allerdale 008C,Violence and sexual offences,Status update unavailable,
978108027e27c67ca5aba6520cc2401101658f0b07ab77910444089af5120ce7,2021-07,Cumbria Constabulary,Cumbria Constabulary,-3.546645,54.649191,On or near Northside Road,E01019122,Allerdale 008C,Violence and sexual offences,Unable to prosecute suspect,
0a0c50ba9e2467bbede2410f7300d29ea8654c75cea25d0c15029ab8a1e4123b,2021-07,Cumbria Constabulary,Cumbria Constabulary,-3.546645,54.649191,On or near Northside Road,E01019122,Allerdale 008C,Violence and sexual offences,Unable to prosecute suspect,
7ce3bc02ab7e325b6df72d4148e2a9cefe28f60b1260e8c5165f48c57de1ffdc,2021-07,Cumbria Constabulary,Cumbria Constabulary,-3.553364,54.655891,On or near Petrol Station,E01019122,Allerdale 008C,Violence and sexual offences,Unable to prosecute suspect,
5ee69c8b9f9957a290f63782ba0b239c985b0d53d7027c3dad68a9bc138f0393,2021-07,Cumbria Constabulary,Cumbria Constabulary,-3.549107,54.645466,On or near Wybrow Terrace,E01019122,Allerdale 008C,Violence and sexual offences,Unable to prosecute suspect,
,2021-07,Cumbria Constabulary,Cumbria Constabulary,-3.522801,54.665186,On or near Hunter'S Close,E01019123,Allerdale 008D,Anti-social behaviour,,
,2021-07,Cumbria Constabulary,Cumbria Constabulary,-3.523188,54.666404,On or near Barnett Drive,E01019123,Allerdale 008D,Anti-social behaviour,,
,2021-07,Cumbria Constabulary,Cumbria Constabulary,-3.523188,54.666404,On or near Barnett Drive,E01019123,Allerdale 008D,Anti-social behaviour,,
7a05cc8db16ddb784127e36909e7ad13dc04d2b32aca56dc71b8bb63e54a608a,2021-07,Cumbria Constabulary,Cumbria Constabulary,-3.527272,54.665732,On or near Barncroft Avenue,E01019123,Allerdale 008D,Criminal damage and arson,Investigation complete; no suspect identified,
32d5a9f855a3c1cbbd11167d1e1337f46f26c47071fd8055d9876a5349cd3726,2021-07,Cumbria Constabulary,Cumbria Constabulary,-3.523188,54.666404,On or near Barnett Drive,E01019123,Allerdale 008D,Other theft,Investigation complete; no suspect identified,
6c56fbababe9744126c54b9937c37d4be59efbd85f4d67611441cc33abc88d6c,2021-07,Cumbria Constabulary,Cumbria Constabulary,-3.527272,54.665732,On or near Barncroft Avenue,E01019123,Allerdale 008D,Public order,Unable to prosecute suspect,
ae02cff01b9732769aad36b76c73a44a31ad7ab30b0d26d8e91235696afcdef0,2021-07,Cumbria Constabulary,Cumbria Constabulary,-3.523188,54.666404,On or near Barnett Drive,E01019123,Allerdale 008D,Violence and sexual offences,Investigation complete; no suspect identified,
6853b09b81a5215691bcf66a07f6bf62d6c3aca633dcfea886508b68b4add73b,2021-07,Cumbria Constabulary,Cumbria Constabulary,-3.527272,54.665732,On or near Barncroft Avenue,E01019123,Allerdale 008D,Violence and sexual offences,Unable to prosecute suspect,
,2021-07,Cumbria Constabulary,Cumbria Constabulary,-3.530446,54.658601,On or near Seaton Park,E01019124,Allerdale 008E,Anti-social behaviour,,
d3aae7766ad198eed536b7ab497320ec87d80eb9102d14b5d813adb415a2f0c1,2021-07,Cumbria Constabulary,Cumbria Constabulary,-3.526030,54.661559,On or near Brown'S Place,E01019125,Allerdale 008F,Public order,Investigation complete; no suspect identified,
8dbd8780ddbf4b2fbd6ca5ceb9865640fc104c58ccc351f2d97bce080cbf671c,2021-07,Cumbria Constabulary,Cumbria Constabulary,-3.524130,54.658024,On or near West Croft,E01019125,Allerdale 008F,Violence and sexual offences,Unable to prosecute suspect,
b5f7a1f638ddf5abbf49c2f8223691c33dc49bfb66c9e17063006fe3297b00df,2021-07,Cumbria Constabulary,Cumbria Constabulary,-3.521207,54.658618,On or near Beech Grove,E01019125,Allerdale 008F,Violence and sexual offences,Awaiting court outcome,
0cb030c3cfb3722723f72274ed31ee56ce41798c23b2d3ec1db80d4b034ad2d0,2021-07,Cumbria Constabulary,Cumbria Constabulary,-3.505140,54.664319,On or near Camerton Road,E01019125,Allerdale 008F,Violence and sexual offences,Court result unavailable,
f777e343a3155fb31da3fef72a1f4cac03e342689c4c7a5bbfe04cd48004efc4,2021-07,Cumbria Constabulary,Cumbria Constabulary,-3.521207,54.658618,On or near Beech Grove,E01019125,Allerdale 008F,Violence and sexual offences,Unable to prosecute suspect,
,2021-07,Cumbria Constabulary,Cumbria Constabulary,-3.565782,54.625676,On or near Park/Open Space,E01019111,Allerdale 009A,Anti-social behaviour,,
,2021-07,Cumbria Constabulary,Cumbria Constabulary,-3.565722,54.623331,On or near Salterbeck Terrace,E01019111,Allerdale 009A,Anti-social behaviour,,
,2021-07,Cumbria Constabulary,Cumbria Constabulary,-3.565722,54.623331,On or near Salterbeck Terrace,E01019111,Allerdale 009A,Anti-social behaviour,,
2ab9f64f092cec4c98bdb7f11c0476e9c47c7c9bfebf12898ee1b6cbb11ff929,2021-07,Cumbria Constabulary,Cumbria Constabulary,-3.567684,54.631646,On or near Park/Open Space,E01019111,Allerdale 009A,Criminal damage and arson,Investigation complete; no suspect identified,
573c499ba89b372e8661e49982f799f1d0443dab7375440c3516a23b5e07f31d,2021-07,Cumbria Constabulary,Cumbria Constabulary,-3.560990,54.619482,On or near Hillary Close,E01019111,Allerdale 009A,Criminal damage and arson,Investigation complete; no suspect identified,
ec92f5797c0d8520477f175f24fe2deaa21cdc69470629e8536a82866ca62d64,2021-07,Cumbria Constabulary,Cumbria Constabulary,-3.562583,54.625870,On or near Supermarket,E01019111,Allerdale 009A,Other theft,Status update unavailable,
cafaa04477c088aa2d7c05c834602b0327a955638f7dbe7b80577da57ebdd752,2021-07,Cumbria Constabulary,Cumbria Constabulary,-3.562583,54.625870,On or near Supermarket,E01019111,Allerdale 009A,Other theft,Further investigation is not in the public interest,
d2322150fc97925a1b6f516c43be9aa9513cd4afee58c96f089e08ea78834783,2021-07,Cumbria Constabulary,Cumbria Constabulary,-3.568575,54.623806,On or near Pedestrian Subway,E01019111,Allerdale 009A,Other theft,Investigation complete; no suspect identified,
e05699df8d67c173c2dad74441b82e78b03e5bc4a1eb1474d24bf9dee3e96b70,2021-07,Cumbria Constabulary,Cumbria Constabulary,-3.558259,54.620956,On or near Pearl Road,E01019111,Allerdale 009A,Violence and sexual offences,Investigation complete; no suspect identified,
af3badc264a0a8c69146e703dbccbc6f1d985f1cc85de27bef8092cf62902b52,2021-07,Cumbria Constabulary,Cumbria Constabulary,-3.565722,54.623331,On or near Salterbeck Terrace,E01019111,Allerdale 009A,Violence and sexual offences,Unable to prosecute suspect,
d553e2c2ab8500726ef21d4e29c4ecd1b9985daab17b551b5da2977f76ea9984,2021-07,Cumbria Constabulary,Cumbria Constabulary,-3.560242,54.619753,On or near Coronation Drive,E01019111,Allerdale 009A,Violence and sexual offences,Unable to prosecute suspect,
9f828a021ce586b89505409126aa65c28e212d87544d2d4240eb5a9086083cb4,2021-07,Cumbria Constabulary,Cumbria Constabulary,-3.560990,54.619482,On or near Hillary Close,E01019111,Allerdale 009A,Violence and sexual offences,Unable to prosecute suspect,
5690ae4b96efe309f37ef6a1fd362f8ad995a0176e25f7d2fc4b838a2c3db4e2,2021-07,Cumbria Constabulary,Cumbria Constabulary,-3.560990,54.619482,On or near Hillary Close,E01019111,Allerdale 009A,Violence and sexual offences,Investigation complete; no suspect identified,
739646bad19e0604656667a86d9d34737703ae4001b0821a2436a1ee00498d2b,2021-07,Cumbria Constabulary,Cumbria Constabulary,-3.560650,54.630416,On or near Cranbourne Street,E01019111,Allerdale 009A,Violence and sexual offences,Unable to prosecute suspect,
ad5d7529cdb8064465c68d33e6dbcecf28aeafde5cb2056deb1bfdbca2cd1fb6,2021-07,Cumbria Constabulary,Cumbria Constabulary,-3.563340,54.624629,On or near Walker Road,E01019111,Allerdale 009A,Violence and sexual offences,Unable to prosecute suspect,
,2021-07,Cumbria Constabulary,Cumbria Constabulary,-3.565152,54.620570,On or near Mona Road,E01019112,Allerdale 009B,Anti-social behaviour,,
,2021-07,Cumbria Constabulary,Cumbria Constabulary,-3.565257,54.619283,On or near Cedar Court,E01019112,Allerdale 009B,Anti-social behaviour,,
,2021-07,Cumbria Constabulary,Cumbria Constabulary,-3.555334,54.623060,On or near Emerald Close,E01019112,Allerdale 009B,Anti-social behaviour,,
cece4c1442b6f466a73aa82e966331e92946d4526682837b56e3f7dbe5bca004,2021-07,Cumbria Constabulary,Cumbria Constabulary,-3.564043,54.618724,On or near Salterbeck Drive,E01019112,Allerdale 009B,Burglary,Investigation complete; no suspect identified,
efeece92dd374a728d2b2b82a308f90fd3f2d2d881279d06c84bab4de35826d6,2021-07,Cumbria Constabulary,Cumbria Constabulary,-3.563056,54.622458,On or near Wether Riggs Road,E01019112,Allerdale 009B,Criminal damage and arson,Unable to prosecute suspect,
37dec707b605e68c0c59b32796310143aec2cf748a976bf3db86aa2304c5aca7,2021-07,Cumbria Constabulary,Cumbria Constabulary,-3.564043,54.618724,On or near Salterbeck Drive,E01019112,Allerdale 009B,Criminal damage and arson,Unable to prosecute suspect,
446214a09fc4bc4f74273cec35e92870480107f291d2ae0355018ccff66dbb77,2021-07,Cumbria Constabulary,Cumbria Constabulary,-3.565728,54.616608,On or near Ropery Lonnen,E01019112,Allerdale 009B,Public order,Unable to prosecute suspect,
82087befce1b40749c8c4f38d223148396f675f3958861b45b3d967fc6b67a87,2021-07,Cumbria Constabulary,Cumbria Constabulary,-3.565728,54.616608,On or near Ropery Lonnen,E01019112,Allerdale 009B,Public order,Unable to prosecute suspect,
318e0604bba7231fdd3256c8dfbf4c45de62a9ce3f3dfe1e8a36bfbab06b1892,2021-07,Cumbria Constabulary,Cumbria Constabulary,-3.555334,54.623060,On or near Emerald Close,E01019112,Allerdale 009B,Public order,Unable to prosecute suspect,
1b35b11d517d362a0ffb1c41f46f324aeefcd28c72801ebe0df1da141335cb91,2021-07,Cumbria Constabulary,Cumbria Constabulary,-3.565728,54.616608,On or near Ropery Lonnen,E01019112,Allerdale 009B,Violence and sexual offences,Unable to prosecute suspect,
e9f1b4dd28ba694eadd1dfd058ce4ed4384254c2e99ef676d32b8a0f0e9d9166,2021-07,Cumbria Constabulary,Cumbria Constabulary,-3.555334,54.623060,On or near Emerald Close,E01019112,Allerdale 009B,Violence and sexual offences,Unable to prosecute suspect,
4ef0430235e2aecce141cf8fb92248b52705c9fce634f3f4893f9e5e43a24935,2021-07,Cumbria Constabulary,Cumbria Constabulary,-3.563372,54.620216,On or near Shelley Court,E01019112,Allerdale 009B,Violence and sexual offences,Unable to prosecute suspect,
07dc01b089e3690011d0be2b5668bd528d2dd4c8460d8107532fe5997febc868,2021-07,Cumbria Constabulary,Cumbria Constabulary,-3.566153,54.620827,On or near Salterbeck Road,E01019112,Allerdale 009B,Violence and sexual offences,Unable to prosecute suspect,
fa1cf6c3244851006f78f217f4fab92e83b8ea028838662c7b05233e535b8482,2021-07,Cumbria Constabulary,Cumbria Constabulary,-3.564043,54.618724,On or near Salterbeck Drive,E01019112,Allerdale 009B,Violence and sexual offences,Unable to prosecute suspect,
c92a1031151f66db9e49743c5019d5e9b63d065ce032c600c575277dcf009b59,2021-07,Cumbria Constabulary,Cumbria Constabulary,-3.562321,54.617838,On or near Holden Road,E01019112,Allerdale 009B,Violence and sexual offences,Unable to prosecute suspect,
55e4241891713694d1e6b468cae36fef9ebcd3e24402c794cce0fe5ca04cae1c,2021-07,Cumbria Constabulary,Cumbria Constabulary,-3.565728,54.616608,On or near Ropery Lonnen,E01019112,Allerdale 009B,Violence and sexual offences,Unable to prosecute suspect,
83e50d804f931740dc34fbac19cbf9cf951566d77aedadce8125b8b641651a67,2021-07,Cumbria Constabulary,Cumbria Constabulary,-3.565728,54.616608,On or near Ropery Lonnen,E01019112,Allerdale 009B,Violence and sexual offences,Unable to prosecute suspect,
a29501a1a45438ca815e6eb8285bdaf7830839052ccde4f4fee50808a844f040,2021-07,Cumbria Constabulary,Cumbria Constabulary,-3.564043,54.618724,On or near Salterbeck Drive,E01019112,Allerdale 009B,Violence and sexual offences,Unable to prosecute suspect,
cf2629773c9b3f7a4c73f9145564b387afcdf58e2e7a951111fdefdee9e538f8,2021-07,Cumbria Constabulary,Cumbria Constabulary,-3.562321,54.617838,On or near Holden Road,E01019112,Allerdale 009B,Violence and sexual offences,Local resolution,
67051632e11311ad4096e2f095ae1ccddbf5f93249b565e918395454abd760a7,2021-07,Cumbria Constabulary,Cumbria Constabulary,-3.562321,54.617838,On or near Holden Road,E01019112,Allerdale 009B,Violence and sexual offences,Local resolution,
91fd4e414e0c768b879d830c6f153b9b3a88c3ccbc0bf4a0a74e6af6f9f5e5fe,2021-07,Cumbria Constabulary,Cumbria Constabulary,-3.565257,54.619283,On or near Cedar Court,E01019112,Allerdale 009B,Violence and sexual offences,Unable to prosecute suspect,
,2021-07,Cumbria Constabulary,Cumbria Constabulary,-3.558310,54.631201,On or near St Mary'S Court,E01019113,Allerdale 009C,Anti-social behaviour,,
,2021-07,Cumbria Constabulary,Cumbria Constabulary,-3.558310,54.631201,On or near St Mary'S Court,E01019113,Allerdale 009C,Anti-social behaviour,,
,2021-07,Cumbria Constabulary,Cumbria Constabulary,-3.558310,54.631201,On or near St Mary'S Court,E01019113,Allerdale 009C,Anti-social behaviour,,
,2021-07,Cumbria Constabulary,Cumbria Constabulary,-3.557453,54.633504,On or near Moorbanks Road,E01019113,Allerdale 009C,Anti-social behaviour,,
,2021-07,Cumbria Constabulary,Cumbria Constabulary,-3.558255,54.632190,On or near Davies Road,E01019113,Allerdale 009C,Anti-social behaviour,,
e1e99374db253140da5282e11247ce4cfe9865a36fb3fcd0552542b17c7dbfaf,2021-07,Cumbria Constabulary,Cumbria Constabulary,-3.562615,54.636808,On or near New Yard,E01019113,Allerdale 009C,Burglary,Investigation complete; no suspect identified,
4833d4cf23e6b1e4e1e18ecba29451690dca2a1f56bcff8daafb231f8cebf364,2021-07,Cumbria Constabulary,Cumbria Constabulary,-3.555409,54.629477,On or near Westfield Bridge Court,E01019113,Allerdale 009C,Criminal damage and arson,Unable to prosecute suspect,
1fcff12e8a1517c918946924eca7dbb80f88c6df1cda3d77923231f8b6701a5a,2021-07,Cumbria Constabulary,Cumbria Constabulary,-3.555235,54.634251,On or near Cusack Crescent,E01019113,Allerdale 009C,Criminal damage and arson,Unable to prosecute suspect,
9178603555eae44e20d2037de45f16a990990b529c47ff19ce4368bdbef6c5bf,2021-07,Cumbria Constabulary,Cumbria Constabulary,-3.555235,54.634251,On or near Cusack Crescent,E01019113,Allerdale 009C,Criminal damage and arson,Unable to prosecute suspect,
c48926d5f54ab34d3d1032c5c2cd38571d94e1158007e3672ac40606ae0d0d7a,2021-07,Cumbria Constabulary,Cumbria Constabulary,-3.558255,54.632190,On or near Davies Road,E01019113,Allerdale 009C,Criminal damage and arson,Investigation complete; no suspect identified,
b9315b42d0c66a8d229d0ad200b9519bdc69f0655c43fe6e57d01ecc8223a62a,2021-07,Cumbria Constabulary,Cumbria Constabulary,-3.558255,54.632190,On or near Davies Road,E01019113,Allerdale 009C,Criminal damage and arson,Investigation complete; no suspect identified,
422aac2e822c8011022fae20874923821614d8db9c5a2c51e8b06d72b65aaaba,2021-07,Cumbria Constabulary,Cumbria Constabulary,-3.559821,54.635073,On or near Sports/Recreation Area,E01019113,Allerdale 009C,Criminal damage and arson,Investigation complete; no suspect identified,
4c045c8fd95e251d5564ed566aae6da722f994008cbae4cfeeecc7a4e9fffb3b,2021-07,Cumbria Constabulary,Cumbria Constabulary,-3.560065,54.631736,On or near Cross Street,E01019113,Allerdale 009C,Drugs,Court result unavailable,
717675ad267e2ca4657722889f9d65ac49eb823dba097666baabbcc72adc6eca,2021-07,Cumbria Constabulary,Cumbria Constabulary,-3.558565,54.629778,On or near Rowe Terrace,E01019113,Allerdale 009C,Other theft,Investigation complete; no suspect identified,
fde8052823dedcb7c297ae25fe71099899da9662925a267523a1daf2e6df803c,2021-07,Cumbria Constabulary,Cumbria Constabulary,-3.567245,54.635130,On or near Adams Road,E01019113,Allerdale 009C,Other theft,Investigation complete; no suspect identified,
2accce9bebec7679f7b3fff052aa69347c9cd4e058bca449976daeaf7a251449,2021-07,Cumbria Constabulary,Cumbria Constabulary,-3.558255,54.632190,On or near Davies Road,E01019113,Allerdale 009C,Public order,Unable to prosecute suspect,
4ddbbf367456d925211ff789115669faa75bd0d5aba1cd251084dc6068fcd6bd,2021-07,Cumbria Constabulary,Cumbria Constabulary,-3.557453,54.633504,On or near Moorbanks Road,E01019113,Allerdale 009C,Public order,Unable to prosecute suspect,
2ae1722cfdc87df1871533f041aff53da20cedc3845eb33a97c28b17a39b31c3,2021-07,Cumbria Constabulary,Cumbria Constabulary,-3.559821,54.635073,On or near Sports/Recreation Area,E01019113,Allerdale 009C,Public order,Investigation complete; no suspect identified,
92d7fd42be3bbb835c1c75fb480410a0a0a5786d487096f938fa547aa2960c3b,2021-07,Cumbria Constabulary,Cumbria Constabulary,-3.556723,54.634691,On or near Cain Street,E01019113,Allerdale 009C,Violence and sexual offences,Unable to prosecute suspect,
e29331eb6c235f3e670a6cd9f3bef3e91dff4f70c05dbec8cf1a1b1af935d3fc,2021-07,Cumbria Constabulary,Cumbria Constabulary,-3.558255,54.632190,On or near Davies Road,E01019113,Allerdale 009C,Violence and sexual offences,Unable to prosecute suspect,
e6d172cc5efdf9efaa3ba0f89abcd9fba6f6ca63d163193de97672bb0bba192f,2021-07,Cumbria Constabulary,Cumbria Constabulary,-3.558565,54.629778,On or near Rowe Terrace,E01019113,Allerdale 009C,Violence and sexual offences,Unable to prosecute suspect,
3ee1d17a71331621c41fb20e4cb4374a4cb59a2be360f17c096622ef2595d8d5,2021-07,Cumbria Constabulary,Cumbria Constabulary,-3.557453,54.633504,On or near Moorbanks Road,E01019113,Allerdale 009C,Violence and sexual offences,Unable to prosecute suspect,
b011a4013f93e63d64e832bae8f38cc6d2c5fb6e25dfd777fdc303a6b0db1c6b,2021-07,Cumbria Constabulary,Cumbria Constabulary,-3.558255,54.632190,On or near Davies Road,E01019113,Allerdale 009C,Violence and sexual offences,Unable to prosecute suspect,
8453dc997662b75b4a56e00c8108f5be798735cfdef96e310f92454ae89d4ca6,2021-07,Cumbria Constabulary,Cumbria Constabulary,-3.555409,54.629477,On or near Westfield Bridge Court,E01019113,Allerdale 009C,Violence and sexual offences,Offender given a caution,
3f21c5b447e96d8eea72240e81067111a619e8366456ddacc752e00340217879,2021-07,Cumbria Constabulary,Cumbria Constabulary,-3.558255,54.632190,On or near Davies Road,E01019113,Allerdale 009C,Violence and sexual offences,Court result unavailable,
f2edeca55cf4c2ef9755d366a9f7ffc92331cbaf7fdd6904dd61cd1d17ebc456,2021-07,Cumbria Constabulary,Cumbria Constabulary,-3.558255,54.632190,On or near Davies Road,E01019113,Allerdale 009C,Violence and sexual offences,Unable to prosecute suspect,
b712dad4ec0e8f06b9e419e09b1271b15726fd33d7d4f110a94b6039902a70cd,2021-07,Cumbria Constabulary,Cumbria Constabulary,-3.556040,54.631814,On or near Wastwater Avenue,E01019113,Allerdale 009C,Violence and sexual offences,Unable to prosecute suspect,
8e1bc14caced5aa7b36b9955eb0e71e4d8a5a9209148aa3d539afd06e7c89634,2021-07,Cumbria Constabulary,Cumbria Constabulary,-3.556302,54.628531,On or near Westfield Drive,E01019113,Allerdale 009C,Violence and sexual offences,Unable to prosecute suspect,
4728a82818cfca1c9b864f4b0739e65b796b6613b71b84d0e9105cf71154570b,2021-07,Cumbria Constabulary,Cumbria Constabulary,-3.558255,54.632190,On or near Davies Road,E01019113,Allerdale 009C,Violence and sexual offences,Unable to prosecute suspect,
,2021-07,Cumbria Constabulary,Cumbria Constabulary,-3.551471,54.639989,On or near Fleet Street,E01019120,Allerdale 009D,Anti-social behaviour,,
,2021-07,Cumbria Constabulary,Cumbria Constabulary,-3.555959,54.640641,On or near Napier Street,E01019120,Allerdale 009D,Anti-social behaviour,,
,2021-07,Cumbria Constabulary,Cumbria Constabulary,-3.564398,54.640488,On or near Supermarket,E01019120,Allerdale 009D,Anti-social behaviour,,
585f51b2f7e99866427a699c7750b6297948bd827b46758c3d79007cdec987dc,2021-07,Cumbria Constabulary,Cumbria Constabulary,-3.554344,54.639323,On or near Cumberland Street,E01019120,Allerdale 009D,Criminal damage and arson,Investigation complete; no suspect identified,
fb0aebcaed905d270827621a18406c04e499a2c2c062ce927bbd68bb8ed1b852,2021-07,Cumbria Constabulary,Cumbria Constabulary,-3.564398,54.640488,On or near Supermarket,E01019120,Allerdale 009D,Public order,Unable to prosecute suspect,
4b5207c279ef6c5ba8a80b5db8618fd1a5b0d550639f016656454e29aacba092,2021-07,Cumbria Constabulary,Cumbria Constabulary,-3.555959,54.640641,On or near Napier Street,E01019120,Allerdale 009D,Public order,Unable to prosecute suspect,
cd064fb090ba74508e02923dcc93e8900c69d815a0ed7390df843ba1bc869698,2021-07,Cumbria Constabulary,Cumbria Constabulary,-3.563265,54.641644,On or near Supermarket,E01019120,Allerdale 009D,Public order,Unable to prosecute suspect,
3ab795a4eb74681f366222d009e6e71df3c2a6f788c1635b637931acf0989018,2021-07,Cumbria Constabulary,Cumbria Constabulary,-3.551471,54.639989,On or near Fleet Street,E01019120,Allerdale 009D,Public order,Unable to prosecute suspect,
7152dd3001c2d43c4928a41983ebd6f1f8828e902b4aa7c7de610e59e54ec86e,2021-07,Cumbria Constabulary,Cumbria Constabulary,-3.554344,54.639323,On or near Cumberland Street,E01019120,Allerdale 009D,Public order,Unable to prosecute suspect,
f0af2ef2b70a5fb294ab0f346a532711f5422ca3d933076e987da634a31622eb,2021-07,Cumbria Constabulary,Cumbria Constabulary,-3.564398,54.640488,On or near Supermarket,E01019120,Allerdale 009D,Shoplifting,Investigation complete; no suspect identified,
869146376d8c6e70a5dbd2932db01f1dae7a4e8c86c035b2b59b9f9d16ef63d5,2021-07,Cumbria Constabulary,Cumbria Constabulary,-3.564398,54.640488,On or near Supermarket,E01019120,Allerdale 009D,Shoplifting,Investigation complete; no suspect identified,
7348a6c38eeae1b5a7041078d9c9dd38527376890d54fb499e39d67772ffc3dd,2021-07,Cumbria Constabulary,Cumbria Constabulary,-3.564398,54.640488,On or near Supermarket,E01019120,Allerdale 009D,Shoplifting,Investigation complete; no suspect identified,
97a75af00b2dbcfaf8e767ffd5adad8ba702f33595c4ded540d27ed2acab20b9,2021-07,Cumbria Constabulary,Cumbria Constabulary,-3.556710,54.640434,On or near Bolton Street,E01019120,Allerdale 009D,Violence and sexual offences,Status update unavailable,
8fefde39bda8e4239d06e12183fa3f7c19f8d9ca26a273353bd02865b884cf2a,2021-07,Cumbria Constabulary,Cumbria Constabulary,-3.569658,54.639440,On or near Prince'S Way,E01019120,Allerdale 009D,Violence and sexual offences,Investigation complete; no suspect identified,
4e566113925fc63afa960b27474fd5aad85e7f8cafe16947842588580622958e,2021-07,Cumbria Constabulary,Cumbria Constabulary,-3.556631,54.640372,On or near Robinson Street,E01019120,Allerdale 009D,Violence and sexual offences,Unable to prosecute suspect,
786d5b0a8a23f36f75838b563dde174d41d8fa016534fbf4aba26d56efc8fe7c,2021-07,Cumbria Constabulary,Cumbria Constabulary,-3.556710,54.640434,On or near Bolton Street,E01019120,Allerdale 009D,Violence and sexual offences,Status update unavailable,
2e3a670413ad682ba5997031fefd8f7873ffc53bb60312aa6575f35b6d6773c9,2021-07,Cumbria Constabulary,Cumbria Constabulary,-3.563265,54.641644,On or near Supermarket,E01019120,Allerdale 009D,Violence and sexual offences,Unable to prosecute suspect,
ec1695e8e1b911a610fcf0982019c5a5352b0ff1af062eb7a23e44f436258332,2021-07,Cumbria Constabulary,Cumbria Constabulary,-3.553748,54.637929,On or near Canning Street,E01019120,Allerdale 009D,Violence and sexual offences,Unable to prosecute suspect,
84200490674a08b263d32fe3b1d374c74accce1e8865a11d5cd8045a2411340c,2021-07,Cumbria Constabulary,Cumbria Constabulary,-3.569658,54.639440,On or near Prince'S Way,E01019120,Allerdale 009D,Violence and sexual offences,Unable to prosecute suspect,
b53541eb79e045f90ab56dfc4a2ed3c9021693965c7998322a26098e5e1cd3a3,2021-07,Cumbria Constabulary,Cumbria Constabulary,-3.554957,54.641589,On or near Corporation Road,E01019120,Allerdale 009D,Violence and sexual offences,Unable to prosecute suspect,
,2021-07,Cumbria Constabulary,Cumbria Constabulary,-3.547283,54.644770,On or near Finkle Street,E01019121,Allerdale 009E,Anti-social behaviour,,
,2021-07,Cumbria Constabulary,Cumbria Constabulary,-3.553918,54.643598,On or near New South Watt Street,E01019121,Allerdale 009E,Anti-social behaviour,,
,2021-07,Cumbria Constabulary,Cumbria Constabulary,-3.549603,54.643410,On or near Oxford Street,E01019121,Allerdale 009E,Anti-social behaviour,,
,2021-07,Cumbria Constabulary,Cumbria Constabulary,-3.557548,54.645322,On or near Falcon Street,E01019121,Allerdale 009E,Anti-social behaviour,,
,2021-07,Cumbria Constabulary,Cumbria Constabulary,-3.549603,54.643410,On or near Oxford Street,E01019121,Allerdale 009E,Anti-social behaviour,,
,2021-07,Cumbria Constabulary,Cumbria Constabulary,-3.552884,54.644519,On or near South Watt Street,E01019121,Allerdale 009E,Anti-social behaviour,,
,2021-07,Cumbria Constabulary,Cumbria Constabulary,-3.550103,54.643943,On or near Winifred Street,E01019121,Allerdale 009E,Anti-social behaviour,,
,2021-07,Cumbria Constabulary,Cumbria Constabulary,-3.547283,54.644770,On or near Finkle Street,E01019121,Allerdale 009E,Anti-social behaviour,,
,2021-07,Cumbria Constabulary,Cumbria Constabulary,-3.549603,54.643410,On or near Oxford Street,E01019121,Allerdale 009E,Anti-social behaviour,,
,2021-07,Cumbria Constabulary,Cumbria Constabulary,-3.547461,54.643752,On or near Murray Road,E01019121,Allerdale 009E,Anti-social behaviour,,
,2021-07,Cumbria Constabulary,Cumbria Constabulary,-3.554052,54.644279,On or near Senhouse Street,E01019121,Allerdale 009E,Anti-social behaviour,,
,2021-07,Cumbria Constabulary,Cumbria Constabulary,-3.554052,54.644279,On or near Senhouse Street,E01019121,Allerdale 009E,Anti-social behaviour,,
,2021-07,Cumbria Constabulary,Cumbria Constabulary,-3.547461,54.643752,On or near Murray Road,E01019121,Allerdale 009E,Anti-social behaviour,,
432f49ebad0c0dfb94285e10157aa5bc3f2d40d79d8764597fd1a729a3a86e22,2021-07,Cumbria Constabulary,Cumbria Constabulary,-3.552153,54.645670,On or near Duke Street,E01019121,Allerdale 009E,Criminal damage and arson,Investigation complete; no suspect identified,
28f8e5cfb8644d4eb2baa8c217fc2cb85c8213030bcd6f1f5381c669e65f349f,2021-07,Cumbria Constabulary,Cumbria Constabulary,-3.555138,54.642270,On or near Whitfield Court,E01019121,Allerdale 009E,Criminal damage and arson,Investigation complete; no suspect identified,
544816c1d83febd5781d9b4b4e546719f8b6df67ce7796fc1dbf33852340e9e6,2021-07,Cumbria Constabulary,Cumbria Constabulary,-3.547283,54.644770,On or near Finkle Street,E01019121,Allerdale 009E,Criminal damage and arson,Unable to prosecute suspect,
808b3c6d0ec9c3213332e57a11eba08d07af6e805f3b7b01e9003ddeeea72925,2021-07,Cumbria Constabulary,Cumbria Constabulary,-3.554052,54.644279,On or near Senhouse Street,E01019121,Allerdale 009E,Drugs,Court result unavailable,
013d567009221449819d18cd89c888547f2d9c7c5f1e0cc5a192d4c0d6427678,2021-07,Cumbria Constabulary,Cumbria Constabulary,-3.555525,54.644683,On or near Station Road,E01019121,Allerdale 009E,Other theft,Investigation complete; no suspect identified,
3d762d08ab5c572fad99d40f796d50f72848265d428ad1ecff94cee496f21e97,2021-07,Cumbria Constabulary,Cumbria Constabulary,-3.554052,54.644279,On or near Senhouse Street,E01019121,Allerdale 009E,Public order,Unable to prosecute suspect,
9e3161787529e190c2f1136e5b3bf45e2107fbddbc34b5bc9b2427c02c59e9dc,2021-07,Cumbria Constabulary,Cumbria Constabulary,-3.555525,54.644683,On or near Station Road,E01019121,Allerdale 009E,Public order,Awaiting court outcome,
9d78a260a5b718a503803d35ce2cfbb3b84576e04b432cadd5d9c70f44d141cd,2021-07,Cumbria Constabulary,Cumbria Constabulary,-3.547461,54.643752,On or near Murray Road,E01019121,Allerdale 009E,Public order,Unable to prosecute suspect,
5fca05c11b85b4aeda752d9f9057b17c62d35b088075cd16276cddbc9a614ba7,2021-07,Cumbria Constabulary,Cumbria Constabulary,-3.554052,54.644279,On or near Senhouse Street,E01019121,Allerdale 009E,Public order,Unable to prosecute suspect,
bf94b7684f5f18eec196bc6553c26f4470573fa53c62a111cb95ca2da37b7eff,2021-07,Cumbria Constabulary,Cumbria Constabulary,-3.548655,54.643746,On or near Bus/Coach Station,E01019121,Allerdale 009E,Public order,Court result unavailable,
b4f4d11ddb614289bbd6bcc76355c4f31d34164c990388402a502b9f3021bca3,2021-07,Cumbria Constabulary,Cumbria Constabulary,-3.555525,54.644683,On or near Station Road,E01019121,Allerdale 009E,Public order,Awaiting court outcome,
8b11d7959262e8ae96f25abc7f8f87548b1617f05aee630b73ff324bd2a79356,2021-07,Cumbria Constabulary,Cumbria Constabulary,-3.556651,54.643338,On or near Gladstone Street,E01019121,Allerdale 009E,Public order,Unable to prosecute suspect,
c03bf9dcdfc37c17d89a13a423609559dce2ab9c19a724c6383fd5063b1747dc,2021-07,Cumbria Constabulary,Cumbria Constabulary,-3.556395,54.642721,On or near Cadman Street,E01019121,Allerdale 009E,Shoplifting,Further investigation is not in the public interest,
9315f72a3a2959b45c4abb2da395e3bd5be710897c769e1adfb22ad86e064a06,2021-07,Cumbria Constabulary,Cumbria Constabulary,-3.548655,54.643746,On or near Bus/Coach Station,E01019121,Allerdale 009E,Violence and sexual offences,Unable to prosecute suspect,
9fe0903972b52a764882cd88db72700813c36d57d3876390bb1661655a4c6713,2021-07,Cumbria Constabulary,Cumbria Constabulary,-3.557548,54.645322,On or near Falcon Street,E01019121,Allerdale 009E,Violence and sexual offences,Unable to prosecute suspect,
f1da90f77d9deb381a9d30eccd6fae1f5bca06c6e4c2b13e467e508aa3cb5d60,2021-07,Cumbria Constabulary,Cumbria Constabulary,-3.551896,54.645035,On or near Fisher Street,E01019121,Allerdale 009E,Violence and sexual offences,Unable to prosecute suspect,
a2fc55464a8c5ef014e80fca0387391aeb93c220438354e3289bdcb8fc83c6ae,2021-07,Cumbria Constabulary,Cumbria Constabulary,-3.557874,54.642486,On or near Bromley Street,E01019121,Allerdale 009E,Violence and sexual offences,Unable to prosecute suspect,
2753bb42a902b1ba851efc15c0039c2b3bc211d84a411fa53d46f6bc14b5f05e,2021-07,Cumbria Constabulary,Cumbria Constabulary,-3.548655,54.643746,On or near Bus/Coach Station,E01019121,Allerdale 009E,Violence and sexual offences,Awaiting court outcome,
bb28ea97adbc6c5dbc5042a9eb796529c36a0a3de9a53d5e9f175bdaadb72483,2021-07,Cumbria Constabulary,Cumbria Constabulary,-3.557548,54.645322,On or near Falcon Street,E01019121,Allerdale 009E,Violence and sexual offences,Further investigation is not in the public interest,
effb607e4546367430b21c9b6b37b3d894342b7d10262d45f799261c0639c072,2021-07,Cumbria Constabulary,Cumbria Constabulary,-3.554425,54.643079,On or near Hyde Street,E01019121,Allerdale 009E,Violence and sexual offences,Unable to prosecute suspect,
bb04fa0ede280ba72926dbb710c569c1eb11d1754a6780b922f7be0e27e97e21,2021-07,Cumbria Constabulary,Cumbria Constabulary,-3.556018,54.645431,On or near Bishop Street,E01019121,Allerdale 009E,Violence and sexual offences,Unable to prosecute suspect,
aaa24a2e05d29ee118dda181a162d49209ece8a31cbce549fd32e6e7cb3a30f0,2021-07,Cumbria Constabulary,Cumbria Constabulary,-3.548655,54.643746,On or near Bus/Coach Station,E01019121,Allerdale 009E,Violence and sexual offences,Status update unavailable,
bfc3fe7b824e4c82b1ff71e2c2ae4fe81f7d30f4b290562837043eb0f56fcf62,2021-07,Cumbria Constabulary,Cumbria Constabulary,-3.551896,54.645035,On or near Fisher Street,E01019121,Allerdale 009E,Violence and sexual offences,Investigation complete; no suspect identified,
0718763b317c4079068eba267f779313c36fb96e2adf7e119e12bc0882d66833,2021-07,Cumbria Constabulary,Cumbria Constabulary,-3.552076,54.644466,On or near Gordon Street,E01019121,Allerdale 009E,Violence and sexual offences,Unable to prosecute suspect,
f3f1e2d5cdafa427a910685ca6ef63fd08e8288bc983c3e85b453d91d993d8dd,2021-07,Cumbria Constabulary,Cumbria Constabulary,-3.551896,54.645035,On or near Fisher Street,E01019121,Allerdale 009E,Violence and sexual offences,Unable to prosecute suspect,
9ecb178fa6cf658b46601e66f6414db9940c9b5cf03cfdea393b3168f198e6f0,2021-07,Cumbria Constabulary,Cumbria Constabulary,-3.551896,54.645035,On or near Fisher Street,E01019121,Allerdale 009E,Violence and sexual offences,Investigation complete; no suspect identified,
2e2bc018b93c6fb7c55d45646c8147865ee93d42126a5a5f1b805fc5b4faffac,2021-07,Cumbria Constabulary,Cumbria Constabulary,-3.551896,54.645035,On or near Fisher Street,E01019121,Allerdale 009E,Violence and sexual offences,Awaiting court outcome,
73f0f87038db2c5650e2e2d34a6b63eb37411ed84534e5d62bbe0f22bfc89fc0,2021-07,Cumbria Constabulary,Cumbria Constabulary,-3.557548,54.645322,On or near Falcon Street,E01019121,Allerdale 009E,Violence and sexual offences,Further investigation is not in the public interest,
9c9f19f031374391ee3a3d5fe2e7d260186f3b01fa21044da7bf057037487f4c,2021-07,Cumbria Constabulary,Cumbria Constabulary,-3.547552,54.644102,On or near Upton Street,E01019121,Allerdale 009E,Violence and sexual offences,Awaiting court outcome,
2bd86158b1f3d9f32befe9531bf6f84e85afa942aee22b9a7b33dcbffa9cf031,2021-07,Cumbria Constabulary,Cumbria Constabulary,-3.547552,54.644102,On or near Upton Street,E01019121,Allerdale 009E,Violence and sexual offences,Unable to prosecute suspect,
5cc2f80d1948a44662a07252075cb7951f10de0c4f46597d55b80cb051f27e45,2021-07,Cumbria Constabulary,Cumbria Constabulary,-3.554052,54.644279,On or near Senhouse Street,E01019121,Allerdale 009E,Violence and sexual offences,Unable to prosecute suspect,
702941b5242a0ecd2cc044a76f626b1d2d49fab7ddb8d2142eb01bb417296fea,2021-07,Cumbria Constabulary,Cumbria Constabulary,-3.556261,54.644089,On or near Milburn Street,E01019121,Allerdale 009E,Violence and sexual offences,Status update unavailable,
08560ee8ece3cec331f353e2744fd860b9728ed68725a07d276238838ff2328c,2021-07,Cumbria Constabulary,Cumbria Constabulary,-3.556261,54.644089,On or near Milburn Street,E01019121,Allerdale 009E,Violence and sexual offences,Unable to prosecute suspect,
c0d460b494b39f8456743a31b1af478c2871e0fd35ff2fa2c8c5eb2c43888e72,2021-07,Cumbria Constabulary,Cumbria Constabulary,-3.554052,54.644279,On or near Senhouse Street,E01019121,Allerdale 009E,Violence and sexual offences,Unable to prosecute suspect,
46f375a9b7183ff7e732a331682a62e27a4df0907a5f46e3b8a6bb4e95d8c611,2021-07,Cumbria Constabulary,Cumbria Constabulary,-3.555525,54.644683,On or near Station Road,E01019121,Allerdale 009E,Violence and sexual offences,Awaiting court outcome,
fee9d0464e1cecd3d5c53534a37f4c396ea4974ff791caddcd16282c88a19da7,2021-07,Cumbria Constabulary,Cumbria Constabulary,-3.555525,54.644683,On or near Station Road,E01019121,Allerdale 009E,Violence and sexual offences,Awaiting court outcome,
d33aa0010233f80e85dc80299c53e51719e914b59deecccabbe9468792d3adc8,2021-07,Cumbria Constabulary,Cumbria Constabulary,-3.556096,54.645044,On or near Dean Street,E01019121,Allerdale 009E,Violence and sexual offences,Unable to prosecute suspect,
affb4e9bf103c0a9d4926556923e17434ed7c2ca4776eba75d3454bb262ac672,2021-07,Cumbria Constabulary,Cumbria Constabulary,-3.555525,54.644683,On or near Station Road,E01019121,Allerdale 009E,Violence and sexual offences,Awaiting court outcome,
ff14474363c29b723a1912ce1a0c0a785668fff127f7ae89670fa0515be8acb4,2021-07,Cumbria Constabulary,Cumbria Constabulary,-3.555844,54.643726,On or near Clay Street,E01019121,Allerdale 009E,Violence and sexual offences,Unable to prosecute suspect,
7a458ed74398441b59bea0b3ff1c3520a4a9c1c094dd0227a017929f0381b23b,2021-07,Cumbria Constabulary,Cumbria Constabulary,-3.554052,54.644279,On or near Senhouse Street,E01019121,Allerdale 009E,Violence and sexual offences,Unable to prosecute suspect,
7423d0da6fa93885f1a7b316a239d38cefb02a15cb660ef093e5791208956f9d,2021-07,Cumbria Constabulary,Cumbria Constabulary,-3.555844,54.643726,On or near Clay Street,E01019121,Allerdale 009E,Violence and sexual offences,Unable to prosecute suspect,
c34f93b554254424a1e272c6034110a676a4a1ed63adc02248a045fbf81a03ab,2021-07,Cumbria Constabulary,Cumbria Constabulary,-3.556651,54.643338,On or near Gladstone Street,E01019121,Allerdale 009E,Violence and sexual offences,Unable to prosecute suspect,
c20ac8c8b781eac72858dbff77e4e5eb85e79eba2836641e80d5ee9565168793,2021-07,Cumbria Constabulary,Cumbria Constabulary,-3.556651,54.643338,On or near Gladstone Street,E01019121,Allerdale 009E,Violence and sexual offences,Unable to prosecute suspect,
fd5bc8794db1ebd5a53f5629573cb7a0d9db6bf289fb8bd3f3772f9fcf8bc8dd,2021-07,Cumbria Constabulary,Cumbria Constabulary,-3.554052,54.644279,On or near Senhouse Street,E01019121,Allerdale 009E,Violence and sexual offences,Unable to prosecute suspect,
2c12a1aa94c8795493c636e85e93aef2084fdd8f16c7c3e21bac8a9e023b85da,2021-07,Cumbria Constabulary,Cumbria Constabulary,-3.554052,54.644279,On or near Senhouse Street,E01019121,Allerdale 009E,Violence and sexual offences,Unable to prosecute suspect,
c10c5cbc93d5284f4294a22f71513c12e8515388290144412028dab020da9539,2021-07,Cumbria Constabulary,Cumbria Constabulary,-3.557548,54.645322,On or near Falcon Street,E01019121,Allerdale 009E,Violence and sexual offences,Further investigation is not in the public interest,
66cd1598a2f7967df152b125e2f87ddc0c3fedd0092bf44b94c85bba39b9b0d6,2021-07,Cumbria Constabulary,Cumbria Constabulary,-3.554052,54.644279,On or near Senhouse Street,E01019121,Allerdale 009E,Violence and sexual offences,Court result unavailable,
8e6e66bb856bd948adc30dc8ea5aeff64b169e9729668934de4d4d237faaabd0,2021-07,Cumbria Constabulary,Cumbria Constabulary,-3.555844,54.643726,On or near Clay Street,E01019121,Allerdale 009E,Other crime,Unable to prosecute suspect,
,2021-07,Cumbria Constabulary,Cumbria Constabulary,-3.558375,54.627237,On or near Sarsfield Road,E01019108,Allerdale 010A,Anti-social behaviour,,
,2021-07,Cumbria Constabulary,Cumbria Constabulary,-3.550210,54.627602,On or near Further/Higher Educational Building,E01019108,Allerdale 010A,Anti-social behaviour,,
,2021-07,Cumbria Constabulary,Cumbria Constabulary,-3.556194,54.627732,On or near Nilsson Drive,E01019108,Allerdale 010A,Anti-social behaviour,,
,2021-07,Cumbria Constabulary,Cumbria Constabulary,-3.558716,54.626432,On or near Windsor Road,E01019108,Allerdale 010A,Anti-social behaviour,,
,2021-07,Cumbria Constabulary,Cumbria Constabulary,-3.550210,54.627602,On or near Further/Higher Educational Building,E01019108,Allerdale 010A,Anti-social behaviour,,
,2021-07,Cumbria Constabulary,Cumbria Constabulary,-3.552560,54.630331,On or near Moorclose Croft,E01019108,Allerdale 010A,Anti-social behaviour,,
,2021-07,Cumbria Constabulary,Cumbria Constabulary,-3.560500,54.625690,On or near Goodman Road,E01019108,Allerdale 010A,Anti-social behaviour,,
3b8f514272b55cd1a95b1c21443a7b0f9ca74d7287841bd795917bc12a5fc7c7,2021-07,Cumbria Constabulary,Cumbria Constabulary,-3.557388,54.626530,On or near Everest Mount,E01019108,Allerdale 010A,Bicycle theft,Unable to prosecute suspect,
5f213561e87485ee8880869f32faabea5702918454a989bf082182abe5c93ed8,2021-07,Cumbria Constabulary,Cumbria Constabulary,-3.558561,54.625616,On or near Richmond Croft,E01019108,Allerdale 010A,Burglary,Unable to prosecute suspect,
9742933f594bc083010cec051ee2fdd9d956f310285558ababfff94b271cbbbc,2021-07,Cumbria Constabulary,Cumbria Constabulary,-3.558375,54.627237,On or near Sarsfield Road,E01019108,Allerdale 010A,Criminal damage and arson,Investigation complete; no suspect identified,
464fe1c31b03a8a8295f32575e1592647048530468665f5129ba655dced4b207,2021-07,Cumbria Constabulary,Cumbria Constabulary,-3.550210,54.627602,On or near Further/Higher Educational Building,E01019108,Allerdale 010A,Criminal damage and arson,Investigation complete; no suspect identified,
09d65084f4edfe85bd5bb4cac6e390ca868798d9ae1cb9e0dcf0c1fca905bb80,2021-07,Cumbria Constabulary,Cumbria Constabulary,-3.556194,54.627732,On or near Nilsson Drive,E01019108,Allerdale 010A,Criminal damage and arson,Further action is not in the public interest,
4bb7901e453358ca757d99cc8691186d5ac6f03de725eb927e6e14ba06ac2104,2021-07,Cumbria Constabulary,Cumbria Constabulary,-3.552960,54.628223,On or near Needham Drive,E01019108,Allerdale 010A,Other theft,Investigation complete; no suspect identified,
01a4843349f257e9b23a38b54a820ef975afc70dc7dd49fb5004acaa3eb869f9,2021-07,Cumbria Constabulary,Cumbria Constabulary,-3.556194,54.627732,On or near Nilsson Drive,E01019108,Allerdale 010A,Public order,Unable to prosecute suspect,
c47249c829eaf95397c5f19f170ae40e1bfb18ccbd475cb0d3b3c26ad94c7f43,2021-07,Cumbria Constabulary,Cumbria Constabulary,-3.551691,54.629066,On or near Glenn Road,E01019108,Allerdale 010A,Public order,Unable to prosecute suspect,
a3e207b3a3c3c324ff3c483bdc43f97d6912959745543ebc9624185c02ff5112,2021-07,Cumbria Constabulary,Cumbria Constabulary,-3.557388,54.626530,On or near Everest Mount,E01019108,Allerdale 010A,Public order,Status update unavailable,
fa201f1567747983a785b673f94a749cd0b611393e62f88b4807c1c2f45d679e,2021-07,Cumbria Constabulary,Cumbria Constabulary,-3.551691,54.629066,On or near Glenn Road,E01019108,Allerdale 010A,Shoplifting,Investigation complete; no suspect identified,
1800ccfde0338e7994e9091f1b02b2bbc889801b96ed0ed47cd5858333f16869,2021-07,Cumbria Constabulary,Cumbria Constabulary,-3.550210,54.627602,On or near Further/Higher Educational Building,E01019108,Allerdale 010A,Violence and sexual offences,Unable to prosecute suspect,
52913b7a46b84038cab1b342a39168d08c85ca9805c82ecdb48f485f457e3998,2021-07,Cumbria Constabulary,Cumbria Constabulary,-3.550210,54.627602,On or near Further/Higher Educational Building,E01019108,Allerdale 010A,Violence and sexual offences,Unable to prosecute suspect,
8746f34635abd3c6c07170499a740755495cdbe8a782716130a2eeaca2c57270,2021-07,Cumbria Constabulary,Cumbria Constabulary,-3.550210,54.627602,On or near Further/Higher Educational Building,E01019108,Allerdale 010A,Violence and sexual offences,Unable to prosecute suspect,
6abde593d46f69bc5e71296f44db494e67c1ea483d2020ad120c27a7db66ef8e,2021-07,Cumbria Constabulary,Cumbria Constabulary,-3.550210,54.627602,On or near Further/Higher Educational Building,E01019108,Allerdale 010A,Violence and sexual offences,Unable to prosecute suspect,
4302d959aa346990987685815e344982b089649582047adc0ac492618716d567,2021-07,Cumbria Constabulary,Cumbria Constabulary,-3.552560,54.630331,On or near Moorclose Croft,E01019108,Allerdale 010A,Violence and sexual offences,Unable to prosecute suspect,
5d3cf77583c5fdb93af1093e8568db4cbcd23a101842f1e1f8a027da302c0b13,2021-07,Cumbria Constabulary,Cumbria Constabulary,-3.558375,54.627237,On or near Sarsfield Road,E01019108,Allerdale 010A,Violence and sexual offences,Unable to prosecute suspect,
a3db4a4ed2c2753ec24bf9cf45a4d5d53ead6f46a987c2d2d306549a2e22c643,2021-07,Cumbria Constabulary,Cumbria Constabulary,-3.552560,54.630331,On or near Moorclose Croft,E01019108,Allerdale 010A,Violence and sexual offences,Further action is not in the public interest,
4c137ceb4d18d49130e3e1329ccc3c4c1518fad08c5366fabbc30e5e3e6b2041,2021-07,Cumbria Constabulary,Cumbria Constabulary,-3.558375,54.627237,On or near Sarsfield Road,E01019108,Allerdale 010A,Violence and sexual offences,Unable to prosecute suspect,
a23f1bbf9a26ce9b680bcfd3475c8d649cba9995cff4ba104140dd1ae812ea43,2021-07,Cumbria Constabulary,Cumbria Constabulary,-3.558375,54.627237,On or near Sarsfield Road,E01019108,Allerdale 010A,Violence and sexual offences,Unable to prosecute suspect,
22d0443687cf987d62efd3246374e82656a7a19bede7c5fb020235d7a1533bf0,2021-07,Cumbria Constabulary,Cumbria Constabulary,-3.558375,54.627237,On or near Sarsfield Road,E01019108,Allerdale 010A,Violence and sexual offences,Unable to prosecute suspect,
4ab8f60b8dd3a486542a87bf29e8248c58cff08beb7ee0849749748c8110ca63,2021-07,Cumbria Constabulary,Cumbria Constabulary,-3.558716,54.626432,On or near Windsor Road,E01019108,Allerdale 010A,Violence and sexual offences,Unable to prosecute suspect,
86eded32a69e7f542525de5716a98a9a205cc684de4bfdaf79278fc861d8efce,2021-07,Cumbria Constabulary,Cumbria Constabulary,-3.551691,54.629066,On or near Glenn Road,E01019108,Allerdale 010A,Violence and sexual offences,Unable to prosecute suspect,
394d0f0674e8663951197437215e5b721eb00f9f7916adc34568e7436ff24871,2021-07,Cumbria Constabulary,Cumbria Constabulary,-3.552960,54.628223,On or near Needham Drive,E01019108,Allerdale 010A,Violence and sexual offences,Status update unavailable,
4ec2fa2fd980a426b14ed6e0ff6531f05d2edd519b36ebc41a95228d1cfd7887,2021-07,Cumbria Constabulary,Cumbria Constabulary,-3.557795,54.625851,On or near Richmond Road,E01019108,Allerdale 010A,Violence and sexual offences,Unable to prosecute suspect,
7ceb88172f71fbbc8ee9d72a51e30c87f5848432e44df24eaea6e5987d31d2bf,2021-07,Cumbria Constabulary,Cumbria Constabulary,-3.550210,54.627602,On or near Further/Higher Educational Building,E01019108,Allerdale 010A,Other crime,Unable to prosecute suspect,
,2021-07,Cumbria Constabulary,Cumbria Constabulary,-3.553614,54.629949,On or near Crummock Road,E01019109,Allerdale 010B,Anti-social behaviour,,
,2021-07,Cumbria Constabulary,Cumbria Constabulary,-3.553614,54.629949,On or near Crummock Road,E01019109,Allerdale 010B,Anti-social behaviour,,
,2021-07,Cumbria Constabulary,Cumbria Constabulary,-3.549702,54.631779,On or near Minster Close,E01019109,Allerdale 010B,Anti-social behaviour,,
c8f2040800dd40cf7350c1ed1e6fc488166d684d2c0549618b4ac71460122d5a,2021-07,Cumbria Constabulary,Cumbria Constabulary,-3.553620,54.632951,On or near Grasmere Avenue,E01019109,Allerdale 010B,Criminal damage and arson,Investigation complete; no suspect identified,
969212d8b7af830f9e0628222a9aff3a48c240a4f17c179711ba1c1ff5425ffa,2021-07,Cumbria Constabulary,Cumbria Constabulary,-3.552250,54.632771,On or near Woodside,E01019109,Allerdale 010B,Criminal damage and arson,Unable to prosecute suspect,
11f58c0c7ffa6d737629f354ca3adc3235770a5ab293c29a6c5548172f4fb15c,2021-07,Cumbria Constabulary,Cumbria Constabulary,-3.550323,54.628535,On or near Fountains Avenue,E01019109,Allerdale 010B,Criminal damage and arson,Awaiting court outcome,
804b8be041f92cf331d648211dd624038472c873a7f82a15debd946bd10e13c5,2021-07,Cumbria Constabulary,Cumbria Constabulary,-3.550323,54.628535,On or near Fountains Avenue,E01019109,Allerdale 010B,Criminal damage and arson,Further investigation is not in the public interest,
69b0ec7364b47412210eac2d449239714c77a32f7949867dcc700658b44ad6a2,2021-07,Cumbria Constabulary,Cumbria Constabulary,-3.553620,54.632951,On or near Grasmere Avenue,E01019109,Allerdale 010B,Criminal damage and arson,Unable to prosecute suspect,
0f2613d8b2be21958994e0080dde38c728ab8e49f63689283af31260c641f6cf,2021-07,Cumbria Constabulary,Cumbria Constabulary,-3.552291,54.632213,On or near Eskdale Crescent,E01019109,Allerdale 010B,Public order,Unable to prosecute suspect,
1ee43f57549af7f364611e7d37daa73a3f153b824703915d2c12f7d054b1ede5,2021-07,Cumbria Constabulary,Cumbria Constabulary,-3.550480,54.631032,On or near Beverley Close,E01019109,Allerdale 010B,Public order,Unable to prosecute suspect,
0c508ba0e09069bd7898daa5d846c49c73e54ced873237e8f6900e3833e59bc9,2021-07,Cumbria Constabulary,Cumbria Constabulary,-3.552750,54.633286,On or near Langdale Road,E01019109,Allerdale 010B,Violence and sexual offences,Unable to prosecute suspect,
123492a3956435152f16d0059323c7cda586240943f015984750f3a7268b2ded,2021-07,Cumbria Constabulary,Cumbria Constabulary,-3.550480,54.631032,On or near Beverley Close,E01019109,Allerdale 010B,Violence and sexual offences,Unable to prosecute suspect,
3630fde6531e74d2de08453158da28e846add1f07514a453d7ea0858e7586583,2021-07,Cumbria Constabulary,Cumbria Constabulary,-3.550480,54.631032,On or near Beverley Close,E01019109,Allerdale 010B,Violence and sexual offences,Unable to prosecute suspect,
647fbd7b19ec5d525103b3aee31b26e946e69905be49baf168380c577edd104e,2021-07,Cumbria Constabulary,Cumbria Constabulary,-3.553620,54.632951,On or near Grasmere Avenue,E01019109,Allerdale 010B,Violence and sexual offences,Unable to prosecute suspect,
d03ea6e053717395fff7b50123ca5cfeb7562faf664e47edfa9d0fdc5e802c9d,2021-07,Cumbria Constabulary,Cumbria Constabulary,-3.552750,54.633286,On or near Langdale Road,E01019109,Allerdale 010B,Violence and sexual offences,Unable to prosecute suspect,
d77ff6f7b077515aa87d60ad6ffed5d9d744ed583f959100dfda53024221d6d5,2021-07,Cumbria Constabulary,Cumbria Constabulary,-3.547277,54.629114,On or near Lady Court,E01019109,Allerdale 010B,Violence and sexual offences,Investigation complete; no suspect identified,
110e3fe9f53360a11464836252a17e39c68fd945f1a629cc4e470339366a6200,2021-07,Cumbria Constabulary,Cumbria Constabulary,-3.550480,54.631032,On or near Beverley Close,E01019109,Allerdale 010B,Violence and sexual offences,Unable to prosecute suspect,
a164663a8a25fa25290777d3005c5a22b0c4410fc9c906601090d4fc21645ce9,2021-07,Cumbria Constabulary,Cumbria Constabulary,-3.549283,54.630930,On or near Abbey Close,E01019109,Allerdale 010B,Violence and sexual offences,Unable to prosecute suspect,
9af0c198c39803cc61a2a957096a431744d3257a11660ddc7fa5e321f97cc372,2021-07,Cumbria Constabulary,Cumbria Constabulary,-3.550323,54.628535,On or near Fountains Avenue,E01019109,Allerdale 010B,Violence and sexual offences,Unable to prosecute suspect,
,2021-07,Cumbria Constabulary,Cumbria Constabulary,-3.544922,54.633593,On or near Newlands Gardens,E01019110,Allerdale 010C,Anti-social behaviour,,
,2021-07,Cumbria Constabulary,Cumbria Constabulary,-3.546621,54.632627,On or near Coniston Drive,E01019110,Allerdale 010C,Anti-social behaviour,,
,2021-07,Cumbria Constabulary,Cumbria Constabulary,-3.542415,54.631629,On or near Udale Court,E01019110,Allerdale 010C,Anti-social behaviour,,
1340eeaf65bb66e1b457e22481d0c17e58a2873d5623f352ba02dfe7351125f1,2021-07,Cumbria Constabulary,Cumbria Constabulary,-3.545278,54.629903,On or near Bowness Court,E01019110,Allerdale 010C,Criminal damage and arson,Unable to prosecute suspect,
a7f57b68b019cbe08d4354fa0d078e5e93cebdaf0e0a814484bd75d439d6e4b3,2021-07,Cumbria Constabulary,Cumbria Constabulary,-3.545278,54.629903,On or near Bowness Court,E01019110,Allerdale 010C,Drugs,Court result unavailable,
43115c6a53cfc84cbba8b59d1358de06ad4037309d459cb605218fb48b8b1c69,2021-07,Cumbria Constabulary,Cumbria Constabulary,-3.544922,54.633593,On or near Newlands Gardens,E01019110,Allerdale 010C,Other theft,Investigation complete; no suspect identified,
18c822c93f714cf24c22954bf0d61b452a8c2509eab39a89f2d68fd55ab39d13,2021-07,Cumbria Constabulary,Cumbria Constabulary,-3.547729,54.632020,On or near Coniston Close,E01019110,Allerdale 010C,Other theft,Investigation complete; no suspect identified,
4aab621f1ce5373d201401e7859ebf364407163d93f0abe70bb5e6f7c1dc69d5,2021-07,Cumbria Constabulary,Cumbria Constabulary,-3.545278,54.629903,On or near Bowness Court,E01019110,Allerdale 010C,Other theft,Local resolution,
b5cee5b50b8c3a1ab5b4ffd14ddf89252c3a2b4a8220cd6611749cf297a2c708,2021-07,Cumbria Constabulary,Cumbria Constabulary,-3.540442,54.632706,On or near Alexander Close,E01019110,Allerdale 010C,Public order,Unable to prosecute suspect,
220073ec247fe5fcca3944bacf8f322e7fd5b562a6780ef96bb3e942cf4925b5,2021-07,Cumbria Constabulary,Cumbria Constabulary,-3.541137,54.633066,On or near Charles Close,E01019110,Allerdale 010C,Public order,Unable to prosecute suspect,
c11ce65ef4067320388f77f1ebbcfb6fe21453903c2b14ee858aef08d3910029,2021-07,Cumbria Constabulary,Cumbria Constabulary,-3.546621,54.632627,On or near Coniston Drive,E01019110,Allerdale 010C,Public order,Unable to prosecute suspect,
40c75e84687a06094e13498f88619fe5fa0ff63c4893f1b9820ae0695930ee4b,2021-07,Cumbria Constabulary,Cumbria Constabulary,-3.541137,54.633066,On or near Charles Close,E01019110,Allerdale 010C,Violence and sexual offences,Unable to prosecute suspect,
39311ade58a26f845ee8997571783599e3ccc70e15da500c325c783bd3b35214,2021-07,Cumbria Constabulary,Cumbria Constabulary,-3.542415,54.631629,On or near Udale Court,E01019110,Allerdale 010C,Violence and sexual offences,Unable to prosecute suspect,
a95d7a7c4dc8b4c700eb4e264ac473704d8a08a9d4a9b27c0292e836c46e2e37,2021-07,Cumbria Constabulary,Cumbria Constabulary,-3.544165,54.629980,On or near Crosthwaite Court,E01019110,Allerdale 010C,Violence and sexual offences,Unable to prosecute suspect,
e71c988d3fa4b7f241b231588f68679c458d226c4142d290dc0cde6b19364d48,2021-07,Cumbria Constabulary,Cumbria Constabulary,-3.544165,54.629980,On or near Crosthwaite Court,E01019110,Allerdale 010C,Violence and sexual offences,Unable to prosecute suspect,
a08883756a6d6b2ab495e51eb8ab3fdf850ddba73f003e6cadae897620c8af38,2021-07,Cumbria Constabulary,Cumbria Constabulary,-3.542415,54.631629,On or near Udale Court,E01019110,Allerdale 010C,Violence and sexual offences,Unable to prosecute suspect,
3c4ed54ca92b3dc6c4252d2b5ea47d6e2fa470f336da0c44403a6524e83cdac7,2021-07,Cumbria Constabulary,Cumbria Constabulary,-3.542415,54.631629,On or near Udale Court,E01019110,Allerdale 010C,Violence and sexual offences,Unable to prosecute suspect,
98b66e39cc264f9cb94b2fd3480d261a9b5cee759b07176bfcec52f9b3c5d96d,2021-07,Cumbria Constabulary,Cumbria Constabulary,-3.545278,54.629903,On or near Bowness Court,E01019110,Allerdale 010C,Violence and sexual offences,Unable to prosecute suspect,
b16c9c6d9a9ced7ac7ed1706c80936886fbba256453525d565ef5e4a9c242ace,2021-07,Cumbria Constabulary,Cumbria Constabulary,-3.545278,54.629903,On or near Bowness Court,E01019110,Allerdale 010C,Violence and sexual offences,Unable to prosecute suspect,
cf3895f0defd1510bbd8b1f6e43678416360c380c35f9891cf8b6aec8e0e3065,2021-07,Cumbria Constabulary,Cumbria Constabulary,-3.545278,54.629903,On or near Bowness Court,E01019110,Allerdale 010C,Violence and sexual offences,Unable to prosecute suspect,
0c6285d0903948d7e99d1d6f0d18d634749a91a0fe4bde4cf66ded7afe47d58e,2021-07,Cumbria Constabulary,Cumbria Constabulary,-3.544165,54.629980,On or near Crosthwaite Court,E01019110,Allerdale 010C,Violence and sexual offences,Unable to prosecute suspect,
d2eb53b233fe0615c35e5c70fe80e3a723ea64a4e5b201ab54906509399f84e2,2021-07,Cumbria Constabulary,Cumbria Constabulary,-3.541137,54.633066,On or near Charles Close,E01019110,Allerdale 010C,Violence and sexual offences,Unable to prosecute suspect,
11f3fbf08cc41ea816305ddb9f814675a8d30418af9cb7702a069d9ba048fcaf,2021-07,Cumbria Constabulary,Cumbria Constabulary,-3.546621,54.632627,On or near Coniston Drive,E01019110,Allerdale 010C,Violence and sexual offences,Unable to prosecute suspect,
3271b973d6034f0be2094e93f721db05708e4a34a68bd9ab1ddb7cfecca0bda2,2021-07,Cumbria Constabulary,Cumbria Constabulary,-3.544165,54.629980,On or near Crosthwaite Court,E01019110,Allerdale 010C,Violence and sexual offences,Awaiting court outcome,
2a2d39b8e3efddbf59320ff574f21cd2999d029b5c167e8189d55ded047c9b94,2021-07,Cumbria Constabulary,Cumbria Constabulary,-3.542772,54.632856,On or near Hunday Court,E01019110,Allerdale 010C,Violence and sexual offences,Unable to prosecute suspect,
d855f419fbb1a77b4d02cd0ddb9024a2a38a96ae7ddd2505dd58be3a25eae9f3,2021-07,Cumbria Constabulary,Cumbria Constabulary,-3.542772,54.632856,On or near Hunday Court,E01019110,Allerdale 010C,Violence and sexual offences,Unable to prosecute suspect,
a6b209314cf6aeab431efe1ae8b47b2bab0a9bde6a38d6216c708424e506cf40,2021-07,Cumbria Constabulary,Cumbria Constabulary,-3.546621,54.632627,On or near Coniston Drive,E01019110,Allerdale 010C,Violence and sexual offences,Unable to prosecute suspect,
5cf2d10b46a2b392b3a87cd7d9dc7a7bdc03447cfa2337643d7260699e5eba42,2021-07,Cumbria Constabulary,Cumbria Constabulary,-3.542772,54.632856,On or near Hunday Court,E01019110,Allerdale 010C,Violence and sexual offences,Further action is not in the public interest,
de38b762f5826b9f0877a3654fd389710552ea38fa30bfa5da6c859a03b0df68,2021-07,Cumbria Constabulary,Cumbria Constabulary,-3.542772,54.632856,On or near Hunday Court,E01019110,Allerdale 010C,Violence and sexual offences,Unable to prosecute suspect,
,2021-07,Cumbria Constabulary,Cumbria Constabulary,-3.550524,54.635867,On or near Hartside Court,E01019117,Allerdale 010D,Anti-social behaviour,,
,2021-07,Cumbria Constabulary,Cumbria Constabulary,-3.546516,54.635586,On or near Ennerdale Avenue,E01019117,Allerdale 010D,Anti-social behaviour,,
dad7dde8972c9bf3d3aaec2d4665eacc1f20598d3306ff0e3e57635887c07804,2021-07,Cumbria Constabulary,Cumbria Constabulary,-3.546775,54.637515,On or near Dalston Road,E01019117,Allerdale 010D,Vehicle crime,Investigation complete; no suspect identified,
2d2396baff8fdeba5716f85ddea719961446ff70a4672f3593e216e666dd55bf,2021-07,Cumbria Constabulary,Cumbria Constabulary,-3.554162,54.636989,On or near Islay Place,E01019117,Allerdale 010D,Violence and sexual offences,Unable to prosecute suspect,
a4cef9689d91649cf06b2f452e076d779c13976c49f8dfdb4dd4de824521c7ae,2021-07,Cumbria Constabulary,Cumbria Constabulary,-3.538783,54.637589,On or near Newlands Park,E01019119,Allerdale 010E,Violence and sexual offences,Unable to prosecute suspect,
9584c88270d5669959f63799294551a7c8197a7c052ff61abfb79fb5ea8542ef,2021-07,Cumbria Constabulary,Cumbria Constabulary,-3.487774,54.650306,On or near Dalzell Gardens,E01019089,Allerdale 011A,Other theft,Unable to prosecute suspect,
4059edde0d7ee3ad78639e7cceff8e984a2509241f571339b4a9ab75d8f4a6c1,2021-07,Cumbria Constabulary,Cumbria Constabulary,-3.486836,54.652637,On or near The Gavels,E01019089,Allerdale 011A,Violence and sexual offences,Unable to prosecute suspect,
ee09b6ff16e5c8204cded2b703318bfba3107367c06bdaa17e641910c0e7d5c6,2021-07,Cumbria Constabulary,Cumbria Constabulary,-3.486836,54.652637,On or near The Gavels,E01019089,Allerdale 011A,Violence and sexual offences,Unable to prosecute suspect,
,2021-07,Cumbria Constabulary,Cumbria Constabulary,-3.562920,54.614074,On or near Eadie Street,E01019100,Allerdale 011B,Anti-social behaviour,,
,2021-07,Cumbria Constabulary,Cumbria Constabulary,-3.554763,54.614170,On or near Dene Avenue,E01019100,Allerdale 011B,Anti-social behaviour,,
,2021-07,Cumbria Constabulary,Cumbria Constabulary,-3.542002,54.614558,On or near Harringdale Road,E01019100,Allerdale 011B,Anti-social behaviour,,
f5abd7777921ad0dcb1e4e2bce281ab3bd7eb069282618ac9ba8c4ae2bb7a0d8,2021-07,Cumbria Constabulary,Cumbria Constabulary,-3.565053,54.613165,On or near Grecian Terrace,E01019100,Allerdale 011B,Criminal damage and arson,Investigation complete; no suspect identified,
17c45c77d71b7404eacb51d7e828782c6bff500f0c94a3c2835fcff37404a8db,2021-07,Cumbria Constabulary,Cumbria Constabulary,-3.563420,54.615811,On or near Eller Bank,E01019100,Allerdale 011B,Criminal damage and arson,Unable to prosecute suspect,
b7f8aeb38aa924950973ee28519852fb4133e415b61cf28d2173538feacf50f6,2021-07,Cumbria Constabulary,Cumbria Constabulary,-3.566318,54.610219,On or near Rose Hill,E01019100,Allerdale 011B,Public order,Court result unavailable,
a47a510dc87b06d421f754b56ca0db5d21a9ed745bbf8182bc03cbac1b428113,2021-07,Cumbria Constabulary,Cumbria Constabulary,-3.563564,54.613895,On or near Church Road,E01019100,Allerdale 011B,Violence and sexual offences,Unable to prosecute suspect,
ac31602bff0f37e533d761d663f90f0983b3bd6555a65423343f7ae0aa4b5c61,2021-07,Cumbria Constabulary,Cumbria Constabulary,-3.552704,54.613783,On or near Little Croft,E01019100,Allerdale 011B,Violence and sexual offences,Action to be taken by another organisation,
66cbcc82faf6e2d728bece4e9e274759ae54187f3c451005a01fc9e34262bf89,2021-07,Cumbria Constabulary,Cumbria Constabulary,-3.565053,54.613165,On or near Grecian Terrace,E01019100,Allerdale 011B,Violence and sexual offences,Investigation complete; no suspect identified,
12340fa972c5a8de835f80912f0158b571b7aaee2890428058d5d671212550b4,2021-07,Cumbria Constabulary,Cumbria Constabulary,-3.499733,54.642555,On or near A66,E01019101,Allerdale 011C,Public order,Unable to prosecute suspect,
01fc88b62b91cbca2918124da3aa283448da2dac627ec205a59bfed2c47ede47,2021-07,Cumbria Constabulary,Cumbria Constabulary,-3.522157,54.615618,On or near Jubilee Road,E01019101,Allerdale 011C,Robbery,Unable to prosecute suspect,
f6c682db6df034562d47ddfd425a873d81b51c1caf7e6fe8d7677d93ce772ad4,2021-07,Cumbria Constabulary,Cumbria Constabulary,-3.499733,54.642555,On or near A66,E01019101,Allerdale 011C,Shoplifting,Investigation complete; no suspect identified,
bb1d7619f066a8767cd8d949294b03f33e37f4148e4caa3ddf9e0370b86ef60a,2021-07,Cumbria Constabulary,Cumbria Constabulary,-3.519731,54.612008,On or near Petrol Station,E01019101,Allerdale 011C,Violence and sexual offences,Local resolution,
aeba515a5bb18561e77c5fa1b6fc52bd3cc9bc65da5dd0702e61b1b8f987e922,2021-07,Cumbria Constabulary,Cumbria Constabulary,-3.537309,54.614968,On or near Woodville Way,E01019101,Allerdale 011C,Violence and sexual offences,Unable to prosecute suspect,
38bb8500deb6c6846a227006013e6f18dbe6b39923b40c79525ff050c9bb250a,2021-07,Cumbria Constabulary,Cumbria Constabulary,-3.545546,54.614513,On or near Queens Road,E01019101,Allerdale 011C,Violence and sexual offences,Unable to prosecute suspect,
8201e4cc58b3c152c7de5c3693d4ea404b2e4612ef805383aee366f94c45c6c3,2021-07,Cumbria Constabulary,Cumbria Constabulary,-3.531038,54.603858,On or near Winscales Avenue,E01019101,Allerdale 011C,Violence and sexual offences,Offender given a caution,
515f839f64c6ebad88fb625f0382ca359b6a8fdff384e3a9eba7d98164aaf4ec,2021-07,Cumbria Constabulary,Cumbria Constabulary,-3.545546,54.614513,On or near Queens Road,E01019101,Allerdale 011C,Violence and sexual offences,Unable to prosecute suspect,
21a258c10722ee2a99b8d72ac366a5846c77a6f8e76dd573554cb13a9a2a608b,2021-07,Cumbria Constabulary,Cumbria Constabulary,-3.534085,54.605014,On or near A597,E01019101,Allerdale 011C,Violence and sexual offences,Unable to prosecute suspect,
c665ccef39110dee347d27c750a1ad1819fe6b6746c7a1a817297d6e8a5bc7ca,2021-07,Cumbria Constabulary,Cumbria Constabulary,-3.544078,54.613776,On or near Crooklands,E01019101,Allerdale 011C,Violence and sexual offences,Unable to prosecute suspect,
71a4c2c132a0710c805e42050ade55fcf2c6fec231750c28523456f191f11872,2021-07,Cumbria Constabulary,Cumbria Constabulary,-3.545546,54.614513,On or near Queens Road,E01019101,Allerdale 011C,Violence and sexual offences,Unable to prosecute suspect,
b602e4c4109f4a752163c3d9730afdc0b3f15e035888bced1443b40b2fbf919c,2021-07,Cumbria Constabulary,Cumbria Constabulary,-3.545546,54.614513,On or near Queens Road,E01019101,Allerdale 011C,Violence and sexual offences,Unable to prosecute suspect,
8a51b052be64f3399358b5c5becebf373de93c8c4d83a0f1c393c17e1ef1d11c,2021-07,Cumbria Constabulary,Cumbria Constabulary,-3.519456,54.607545,On or near Pittwood Road,E01019101,Allerdale 011C,Violence and sexual offences,Unable to prosecute suspect,
,2021-07,Cumbria Constabulary,Cumbria Constabulary,-3.525926,54.644313,On or near Curwendale,E01019129,Allerdale 011D,Anti-social behaviour,,
bb657dd5ae0bd1d467b2ff480bfe6bfb9a013323b4ce7f6ca95a1689c73e8787,2021-07,Cumbria Constabulary,Cumbria Constabulary,-3.518992,54.648714,On or near Derwent Meadows,E01019129,Allerdale 011D,Burglary,Investigation complete; no suspect identified,
e82e8d2789529ad48cef13988910ca179ed0da52699f90c9a0cbed1fa8cdf898,2021-07,Cumbria Constabulary,Cumbria Constabulary,-3.517659,54.641631,On or near A66,E01019129,Allerdale 011D,Violence and sexual offences,Unable to prosecute suspect,
,2021-07,Cumbria Constabulary,Cumbria Constabulary,-3.155108,54.541190,On or near Parking Area,E01019092,Allerdale 012A,Anti-social behaviour,,
2cce3bd13806a3057d3a3b11c667f5eefb9d1c4f0ed3f1f68584839d79b31c35,2021-07,Cumbria Constabulary,Cumbria Constabulary,-3.161772,54.582603,On or near Parking Area,E01019092,Allerdale 012A,Criminal damage and arson,Investigation complete; no suspect identified,
8aaf069da5c4d1b1da02b81e61cdd4492c7d6dfce4ba254080793448a676b003,2021-07,Cumbria Constabulary,Cumbria Constabulary,-3.162963,54.601573,On or near Rickerby Lane,E01019092,Allerdale 012A,Other theft,Investigation complete; no suspect identified,
8496732079662f26c327f94f623de1e1b69a757574111d8978a78069de1eb4cd,2021-07,Cumbria Constabulary,Cumbria Constabulary,-3.148447,54.523620,On or near Parking Area,E01019092,Allerdale 012A,Other theft,Investigation complete; no suspect identified,
31ee4884920a9bf9960bacccea14ff3779dd799a98cfcc8205a23310fedcf3d9,2021-07,Cumbria Constabulary,Cumbria Constabulary,-3.198732,54.620340,On or near A66,E01019092,Allerdale 012A,Violence and sexual offences,Unable to prosecute suspect,
9c85fc84c14c3bff8f7d175ca5340cb67bef71d7f9a6804a079fd91f77e46b00,2021-07,Cumbria Constabulary,Cumbria Constabulary,-3.148447,54.523620,On or near Parking Area,E01019092,Allerdale 012A,Violence and sexual offences,Court result unavailable,
1b51d217cd348f76b6fc70f731f1ae83ca70d6caf442669a254f533a8e2a6807,2021-07,Cumbria Constabulary,Cumbria Constabulary,-3.148447,54.523620,On or near Parking Area,E01019092,Allerdale 012A,Violence and sexual offences,Court result unavailable,
f3e5c2ddc8315fa9f1df539a01b6cb2df08e83a55eb022e4abd4e99584a9c06a,2021-07,Cumbria Constabulary,Cumbria Constabulary,-3.129050,54.600618,On or near Skiddaw Street,E01019103,Allerdale 012B,Criminal damage and arson,Investigation complete; no suspect identified,
1f9379b3aa86ebaae4371dba04fc61364b26542dacec0c9c5e5417f2afd860ae,2021-07,Cumbria Constabulary,Cumbria Constabulary,-3.129050,54.600618,On or near Skiddaw Street,E01019103,Allerdale 012B,Violence and sexual offences,Investigation complete; no suspect identified,
14efb254ce07f3cb3d198d87c7f7255176f07ddb9a18ef8e8693663e191355c3,2021-07,Cumbria Constabulary,Cumbria Constabulary,-3.120346,54.602721,On or near Netherfield,E01019103,Allerdale 012B,Violence and sexual offences,Unable to prosecute suspect,
f870329ddbce09df06187e6d13d25e7131006f2578b6cccd754bb653c399be3b,2021-07,Cumbria Constabulary,Cumbria Constabulary,-3.120346,54.602721,On or near Netherfield,E01019103,Allerdale 012B,Violence and sexual offences,Unable to prosecute suspect,
789639cd62ec00fac243beab057b36d8da4e6d11d979929a7a8cb97d24945735,2021-07,Cumbria Constabulary,Cumbria Constabulary,-3.120346,54.602721,On or near Netherfield,E01019103,Allerdale 012B,Violence and sexual offences,Unable to prosecute suspect,
,2021-07,Cumbria Constabulary,Cumbria Constabulary,-3.143825,54.604173,On or near High Hill,E01019104,Allerdale 012C,Anti-social behaviour,,
,2021-07,Cumbria Constabulary,Cumbria Constabulary,-3.142223,54.602813,On or near Bridge Terrace,E01019104,Allerdale 012C,Anti-social behaviour,,
,2021-07,Cumbria Constabulary,Cumbria Constabulary,-3.135766,54.599423,On or near Derwent Street,E01019104,Allerdale 012C,Anti-social behaviour,,
,2021-07,Cumbria Constabulary,Cumbria Constabulary,-3.137395,54.600117,On or near Poplar Street,E01019104,Allerdale 012C,Anti-social behaviour,,
,2021-07,Cumbria Constabulary,Cumbria Constabulary,-3.145032,54.608044,On or near Vicarage Hill,E01019104,Allerdale 012C,Anti-social behaviour,,
c44c965cb4e998dc2bfd49f58ca5688beea0fed18b57998a5b49693c60681c78,2021-07,Cumbria Constabulary,Cumbria Constabulary,-3.132404,54.597639,On or near Castlehead Close,E01019104,Allerdale 012C,Criminal damage and arson,Unable to prosecute suspect,
3020265d87722a7ddbed0ad44cdc3023aa36e776d5a1cd94afc177e023194d71,2021-07,Cumbria Constabulary,Cumbria Constabulary,-3.132404,54.597639,On or near Castlehead Close,E01019104,Allerdale 012C,Criminal damage and arson,Investigation complete; no suspect identified,
efa7f35eb875952fc5e59c33f6b9a3ff84f376299f6b225eeb2dcd6153a3cef3,2021-07,Cumbria Constabulary,Cumbria Constabulary,-3.137395,54.600117,On or near Poplar Street,E01019104,Allerdale 012C,Drugs,Offender given a drugs possession warning,
329d8d655e8778f7298cf96bb966cfa182e57d2bb1dd3f95a2320aaca3804108,2021-07,Cumbria Constabulary,Cumbria Constabulary,-3.137337,54.598581,On or near Pedestrian Subway,E01019104,Allerdale 012C,Other theft,Investigation complete; no suspect identified,
9f87ed060a72b438d7cc36e47585695c76cd0b192404a9ccdae1e63b5cf470be,2021-07,Cumbria Constabulary,Cumbria Constabulary,-3.137337,54.598581,On or near Pedestrian Subway,E01019104,Allerdale 012C,Other theft,Investigation complete; no suspect identified,
6dea17d1e803f8ecef2c5a1ae1d6894dcd1505de7901ef3d802d6f0cc5d3ec2c,2021-07,Cumbria Constabulary,Cumbria Constabulary,-3.137395,54.600117,On or near Poplar Street,E01019104,Allerdale 012C,Public order,Unable to prosecute suspect,
21f3d12963ac40b01cfb57d2cfd8ebdfa5e8f887141fd39ac7bdbf735ffebe4b,2021-07,Cumbria Constabulary,Cumbria Constabulary,-3.137395,54.600117,On or near Poplar Street,E01019104,Allerdale 012C,Public order,Investigation complete; no suspect identified,
7aff893117b64a5f535e06a8565b0bbd6d5ad41a70678246364c23edd7239446,2021-07,Cumbria Constabulary,Cumbria Constabulary,-3.144921,54.605744,On or near Limepots Road,E01019104,Allerdale 012C,Public order,Unable to prosecute suspect,
15893d1e7b68c73726da4b0e6976bd2b34e888bd003ecd1392b4bc385942cbea,2021-07,Cumbria Constabulary,Cumbria Constabulary,-3.140127,54.602590,On or near Supermarket,E01019104,Allerdale 012C,Shoplifting,Investigation complete; no suspect identified,
35e0227a8ac8b50a1bd469050acc41ec827828b2e7940c7d211d18def6517fbf,2021-07,Cumbria Constabulary,Cumbria Constabulary,-3.140693,54.602351,On or near Main Street,E01019104,Allerdale 012C,Shoplifting,Offender given a caution,
307f31d3bc812527b7b306190429468692e193f3421f1656b2e36cb86bacce34,2021-07,Cumbria Constabulary,Cumbria Constabulary,-3.136581,54.599226,On or near Lake Road,E01019104,Allerdale 012C,Shoplifting,Investigation complete; no suspect identified,
b72bfa6cc65411731d64f66a8ac529a19ef2c6801483ef0812e55464615bfdf5,2021-07,Cumbria Constabulary,Cumbria Constabulary,-3.144921,54.605744,On or near Limepots Road,E01019104,Allerdale 012C,Violence and sexual offences,Local resolution,
c14f7190eeea00b1fd635c42423a0f89b6e37cfe4abc212326b2060fcda36376,2021-07,Cumbria Constabulary,Cumbria Constabulary,-3.135788,54.597427,On or near Borrowdale Road,E01019104,Allerdale 012C,Violence and sexual offences,Unable to prosecute suspect,
594987b86afa6195a3f1a97b7bbbbd09cf4f6e963f84600e7502c085047d8e27,2021-07,Cumbria Constabulary,Cumbria Constabulary,-3.132404,54.597639,On or near Castlehead Close,E01019104,Allerdale 012C,Violence and sexual offences,Unable to prosecute suspect,
85a5381721a8f9e8ba71968c1d30872893e189cec7834e61a2568ba507dfdff1,2021-07,Cumbria Constabulary,Cumbria Constabulary,-3.141315,54.600782,On or near The Crescent,E01019104,Allerdale 012C,Violence and sexual offences,Unable to prosecute suspect,
80b5abc1166d561756d86c1cccedb897975690765a4541a186aeb2d532b361f2,2021-07,Cumbria Constabulary,Cumbria Constabulary,-3.146700,54.605665,On or near High Hill,E01019104,Allerdale 012C,Violence and sexual offences,Investigation complete; no suspect identified,
44561523a69bbeeb323bc94c75fb7dbf8b051d5e4e41a3953c03f5231010be1e,2021-07,Cumbria Constabulary,Cumbria Constabulary,-3.140127,54.602590,On or near Supermarket,E01019104,Allerdale 012C,Violence and sexual offences,Unable to prosecute suspect,
,2021-07,Cumbria Constabulary,Cumbria Constabulary,-3.133773,54.600673,On or near Shorley Lane,E01019105,Allerdale 012D,Anti-social behaviour,,
,2021-07,Cumbria Constabulary,Cumbria Constabulary,-3.137878,54.601892,On or near Police Station,E01019105,Allerdale 012D,Anti-social behaviour,,
,2021-07,Cumbria Constabulary,Cumbria Constabulary,-3.133229,54.601172,On or near Penrith Road,E01019105,Allerdale 012D,Anti-social behaviour,,
3edc492c99c85ff163451dfb1fbc6ded2e1abfb856e236a0dda65dd10c515bc9,2021-07,Cumbria Constabulary,Cumbria Constabulary,-3.133773,54.600673,On or near Shorley Lane,E01019105,Allerdale 012D,Criminal damage and arson,Investigation complete; no suspect identified,
796949b728fcb7d7b9e13cc26c6b42a49f351014cea3505de5cfc9107597091d,2021-07,Cumbria Constabulary,Cumbria Constabulary,-3.134895,54.600941,On or near Station Street,E01019105,Allerdale 012D,Criminal damage and arson,Unable to prosecute suspect,
1fd67fde48b1145e9d990650fb1df917e811e9f553ed67008f4fbbb527948d93,2021-07,Cumbria Constabulary,Cumbria Constabulary,-3.133199,54.604552,On or near Station Avenue,E01019105,Allerdale 012D,Public order,Unable to prosecute suspect,
219d6a520deb1821a081ed56ba13aa3190291d706124b9e28506bc4a98fae3eb,2021-07,Cumbria Constabulary,Cumbria Constabulary,-3.133229,54.601172,On or near Penrith Road,E01019105,Allerdale 012D,Public order,Unable to prosecute suspect,
725b2b9c9c7c86277589d291f8e2dfec6884ea3176da9861c16565523d9d4f51,2021-07,Cumbria Constabulary,Cumbria Constabulary,-3.140666,54.601947,On or near Main Street,E01019105,Allerdale 012D,Shoplifting,Investigation complete; no suspect identified,
8ecc3ba8eea0594a2cab6a2154e2354c274adcd64a9e8ffd31ffbb50fea5edc8,2021-07,Cumbria Constabulary,Cumbria Constabulary,-3.133199,54.604552,On or near Station Avenue,E01019105,Allerdale 012D,Violence and sexual offences,Further investigation is not in the public interest,
403bc3fe87723ff5c91fca543f5ac37b695e2847716237e96e4e0a5adabdd57d,2021-07,Cumbria Constabulary,Cumbria Constabulary,-3.132994,54.599368,On or near Church Street,E01019105,Allerdale 012D,Violence and sexual offences,Investigation complete; no suspect identified,
7b1a4f0af77a34d9d6d632ce687ed2d3cf0f3eca7800f09e46a3d09775854357,2021-07,Cumbria Constabulary,Cumbria Constabulary,-3.133199,54.604552,On or near Station Avenue,E01019105,Allerdale 012D,Violence and sexual offences,Further investigation is not in the public interest,
e5ad85225250b0b6338466f1615343d55975b92533cf92d8960d51214b2ae946,2021-07,Cumbria Constabulary,Cumbria Constabulary,-3.140666,54.601947,On or near Main Street,E01019105,Allerdale 012D,Violence and sexual offences,Investigation complete; no suspect identified,
f3e567151a1a1a139b3dae947530d8dfda581e133880497106cc572028796a9f,2021-07,Cumbria Constabulary,Cumbria Constabulary,-3.136652,54.602335,On or near Otley Road,E01019105,Allerdale 012D,Violence and sexual offences,Investigation complete; no suspect identified,
3d1c188abc088856bc9cd01793a8b2de70f6742053908ae5e5bab5224a8be745,2021-07,Cumbria Constabulary,Cumbria Constabulary,-3.140666,54.601947,On or near Main Street,E01019105,Allerdale 012D,Violence and sexual offences,Investigation complete; no suspect identified,
dd6f7e60d154bd4ba75d38b281b88ba944f4f8b63cb99d8cf06beb5c25315cd9,2021-07,Cumbria Constabulary,Cumbria Constabulary,-3.134895,54.600941,On or near Station Street,E01019105,Allerdale 012D,Violence and sexual offences,Unable to prosecute suspect,
,2021-07,Cumbria Constabulary,Cumbria Constabulary,-3.117898,54.604910,On or near Forge Lane,E01019106,Allerdale 012E,Anti-social behaviour,,
b67660eba19cd597f5ac8ae121787951520f15c4790a55ec356e4fd00cf18fd6,2021-07,Cumbria Constabulary,Cumbria Constabulary,-3.056901,54.556468,On or near Sports/Recreation Area,E01019106,Allerdale 012E,Criminal damage and arson,Investigation complete; no suspect identified,
d801b6a484d18cc6477413f1a4200225c5ce29e8023eef15d6552cdec9732f03,2021-07,Cumbria Constabulary,Cumbria Constabulary,-3.053310,54.565936,On or near Park/Open Space,E01019106,Allerdale 012E,Violence and sexual offences,Unable to prosecute suspect,
90f8242ca92e8cf3e986d90519ffa20c2b2bc133b773ccf61dd36df200053173,2021-07,Cumbria Constabulary,Cumbria Constabulary,-3.053310,54.565936,On or near Park/Open Space,E01019106,Allerdale 012E,Violence and sexual offences,Court result unavailable,
,2021-07,Cumbria Constabulary,Cumbria Constabulary,-3.226724,54.169982,On or near Parking Area,E01019144,Barrow-in-Furness 001A,Anti-social behaviour,,
d05657c45c1d0e7ef3844ecf713d059789e54b494790ab0d5c2b5889e36f2ac7,2021-07,Cumbria Constabulary,Cumbria Constabulary,-3.226724,54.169982,On or near Parking Area,E01019144,Barrow-in-Furness 001A,Criminal damage and arson,Unable to prosecute suspect,
ea18c12376170b1d4ce7d08e55988e32ea0b48fe4a311b8313affded419336d8,2021-07,Cumbria Constabulary,Cumbria Constabulary,-3.198620,54.189256,On or near Abbey Heights,E01019144,Barrow-in-Furness 001A,Public order,Unable to prosecute suspect,
edb749c4e325daef3aeb69daf4dc5d23839f42947a2b42a302d918088dc39a8b,2021-07,Cumbria Constabulary,Cumbria Constabulary,-3.198620,54.189256,On or near Abbey Heights,E01019144,Barrow-in-Furness 001A,Public order,Unable to prosecute suspect,
5d528279581536e40e4a148c663800b3605b098e20a630eb6b308046cbc94e30,2021-07,Cumbria Constabulary,Cumbria Constabulary,-3.226724,54.169982,On or near Parking Area,E01019144,Barrow-in-Furness 001A,Violence and sexual offences,Unable to prosecute suspect,
58988821d8689f641d1b31a96ecf76a2191f573935c6348cf52a678475c77110,2021-07,Cumbria Constabulary,Cumbria Constabulary,-3.198620,54.189256,On or near Abbey Heights,E01019144,Barrow-in-Furness 001A,Violence and sexual offences,Unable to prosecute suspect,
,2021-07,Cumbria Constabulary,Cumbria Constabulary,-3.210504,54.188958,On or near Manx View,E01019145,Barrow-in-Furness 001B,Anti-social behaviour,,
,2021-07,Cumbria Constabulary,Cumbria Constabulary,-3.205724,54.188476,On or near Lord Street,E01019145,Barrow-in-Furness 001B,Anti-social behaviour,,
0fe8cf3e7dd2c4773e6d4736d2403104af9d2f3248453a81acc4b284c43e4b6e,2021-07,Cumbria Constabulary,Cumbria Constabulary,-3.209861,54.186340,On or near Crossley Street,E01019145,Barrow-in-Furness 001B,Public order,Unable to prosecute suspect,
47077d764c9bd516bd1c4e6b854ddf605b0f86f881e0f92a68d49a0534c71c82,2021-07,Cumbria Constabulary,Cumbria Constabulary,-3.209624,54.185578,On or near Steel Street,E01019145,Barrow-in-Furness 001B,Public order,Further investigation is not in the public interest,
ed6407eafb9e10f6c7cd9e88a65627bf74f273b71138c5fa9d3e23377832a59c,2021-07,Cumbria Constabulary,Cumbria Constabulary,-3.211025,54.182131,On or near Victoria Street,E01019145,Barrow-in-Furness 001B,Violence and sexual offences,Unable to prosecute suspect,
5384c6b11c894a4a84e3da1a8ba2df14b63cf53cafd2d32d75ef8472904037fd,2021-07,Cumbria Constabulary,Cumbria Constabulary,-3.213566,54.183606,On or near Avocet Crescent,E01019145,Barrow-in-Furness 001B,Violence and sexual offences,Unable to prosecute suspect,
0eae3529b657af26250797b083943c65df5fc0b65b9bd7c38f78537ac523bfc0,2021-07,Cumbria Constabulary,Cumbria Constabulary,-3.211025,54.182131,On or near Victoria Street,E01019145,Barrow-in-Furness 001B,Violence and sexual offences,Unable to prosecute suspect,
05c69d0b1a322aaa97467fb65f85ef977867136c0971ed9bd2413772ec5ffaeb,2021-07,Cumbria Constabulary,Cumbria Constabulary,-3.208262,54.184055,On or near Alexander Place,E01019145,Barrow-in-Furness 001B,Violence and sexual offences,Court result unavailable,
4abdac610f02e22b818b5852d29b13f1c0a79f3f555d0019005deeedacfbc826,2021-07,Cumbria Constabulary,Cumbria Constabulary,-3.208262,54.184055,On or near Alexander Place,E01019145,Barrow-in-Furness 001B,Violence and sexual offences,Court result unavailable,
dff837b47c8c2c3dcc17d4fd0c0071d84fd5b892ae71a1816634366a31876962,2021-07,Cumbria Constabulary,Cumbria Constabulary,-3.208262,54.184055,On or near Alexander Place,E01019145,Barrow-in-Furness 001B,Violence and sexual offences,Court result unavailable,
,2021-07,Cumbria Constabulary,Cumbria Constabulary,-3.185703,54.156668,On or near King'S Drive,E01019146,Barrow-in-Furness 001C,Anti-social behaviour,,
3f827cbdd8844bb3fd3544faa2b967b1771ee28690a945067efc76fa08fa04b9,2021-07,Cumbria Constabulary,Cumbria Constabulary,-3.176919,54.160125,On or near James Terrace,E01019146,Barrow-in-Furness 001C,Violence and sexual offences,Investigation complete; no suspect identified,
b1aec5099695f525f1cc4afdfcfd4b05cfdda6b9963c72e488f898dcbe84d1e3,2021-07,Cumbria Constabulary,Cumbria Constabulary,-3.165255,54.164166,On or near Ulverston Road,E01019146,Barrow-in-Furness 001C,Other crime,Status update unavailable,
,2021-07,Cumbria Constabulary,Cumbria Constabulary,-3.181678,54.159467,On or near Fair View,E01019147,Barrow-in-Furness 001D,Anti-social behaviour,,
,2021-07,Cumbria Constabulary,Cumbria Constabulary,-3.183375,54.157725,On or near Rawlinson Street,E01019147,Barrow-in-Furness 001D,Anti-social behaviour,,
,2021-07,Cumbria Constabulary,Cumbria Constabulary,-3.183138,54.156945,On or near Wellington Place,E01019147,Barrow-in-Furness 001D,Anti-social behaviour,,
2136a73046741c5306b64c1beba6890703ba7643b833de19b3e17c5c881cb97f,2021-07,Cumbria Constabulary,Cumbria Constabulary,-3.180986,54.158269,On or near Chapel Street,E01019147,Barrow-in-Furness 001D,Violence and sexual offences,Unable to prosecute suspect,
b0a74174cd08cc3708475cf0b9621d5d270d9f8a57206b7aefd65d466563db8d,2021-07,Cumbria Constabulary,Cumbria Constabulary,-3.182106,54.157279,On or near Nelson Street,E01019147,Barrow-in-Furness 001D,Violence and sexual offences,Unable to prosecute suspect,
,2021-07,Cumbria Constabulary,Cumbria Constabulary,-3.181654,54.156447,On or near Market Street,E01019149,Barrow-in-Furness 002B,Anti-social behaviour,,
,2021-07,Cumbria Constabulary,Cumbria Constabulary,-3.177061,54.158128,On or near Parking Area,E01019149,Barrow-in-Furness 002B,Anti-social behaviour,,
,2021-07,Cumbria Constabulary,Cumbria Constabulary,-3.179481,54.154347,On or near Station Approach,E01019149,Barrow-in-Furness 002B,Anti-social behaviour,,
,2021-07,Cumbria Constabulary,Cumbria Constabulary,-3.181414,54.156090,On or near Garden Terrace,E01019149,Barrow-in-Furness 002B,Anti-social behaviour,,
f71b31ec91055ee060e216b1f2cab2a1e83c34cf60ef8e548fe9c7f8207363cb,2021-07,Cumbria Constabulary,Cumbria Constabulary,-3.187685,54.154222,On or near Underwood Terrace,E01019149,Barrow-in-Furness 002B,Other theft,Unable to prosecute suspect,
7bdc38206efc66f8764978c5d39a59a02c1dd2710de605a8e7cd1bb68fc55a4b,2021-07,Cumbria Constabulary,Cumbria Constabulary,-3.182866,54.156004,On or near Supermarket,E01019149,Barrow-in-Furness 002B,Shoplifting,Unable to prosecute suspect,
7b5d02d84f7b0df8489cb6bf1b38b80ace4d49328ae263269ef04d8ac47647c9,2021-07,Cumbria Constabulary,Cumbria Constabulary,-3.182866,54.156004,On or near Supermarket,E01019149,Barrow-in-Furness 002B,Shoplifting,Investigation complete; no suspect identified,
17d34c042a1c7de38c5602a600e97708b1c6ddfa53779cd04a399b16caaafe58,2021-07,Cumbria Constabulary,Cumbria Constabulary,-3.182866,54.156004,On or near Supermarket,E01019149,Barrow-in-Furness 002B,Violence and sexual offences,Unable to prosecute suspect,
7811af0723fc3d40a53bcbd1f669b50f46ef2373eae23a6889a01a67e36856cd,2021-07,Cumbria Constabulary,Cumbria Constabulary,-3.179205,54.153820,On or near Bridge Close,E01019149,Barrow-in-Furness 002B,Violence and sexual offences,Unable to prosecute suspect,
6789735fa1f47142738d1c75626bc2043a4d8ff25c619b2e319768aa596b0945,2021-07,Cumbria Constabulary,Cumbria Constabulary,-3.181414,54.156090,On or near Garden Terrace,E01019149,Barrow-in-Furness 002B,Violence and sexual offences,Status update unavailable,
2423879b5308700bfbf87ce39585ea7814445493f95b09d856a1fdbd41cfdc90,2021-07,Cumbria Constabulary,Cumbria Constabulary,-3.179379,54.155094,On or near Station Road,E01019149,Barrow-in-Furness 002B,Violence and sexual offences,Status update unavailable,
d7c62ce673c852bf3b59cb7c373af68fc963b41d903a700f69107b16eb805796,2021-07,Cumbria Constabulary,Cumbria Constabulary,-3.179277,54.156893,On or near Slater Street,E01019149,Barrow-in-Furness 002B,Violence and sexual offences,Unable to prosecute suspect,
def9486e44157dae217a9c246de3c6798678a101d7b34d4f8565964637fce055,2021-07,Cumbria Constabulary,Cumbria Constabulary,-3.174080,54.158831,On or near Victoria Street,E01019150,Barrow-in-Furness 002C,Public order,Unable to prosecute suspect,
a24d31bf2ac6734867c5850206836f14d77c97f3eece5be2844ce92dc94bd939,2021-07,Cumbria Constabulary,Cumbria Constabulary,-3.173498,54.159385,On or near Duke Street,E01019150,Barrow-in-Furness 002C,Public order,Further investigation is not in the public interest,
cf7493c1988ec09386e23e8821e80d19239a0eed8af31333b264bda7394fb884,2021-07,Cumbria Constabulary,Cumbria Constabulary,-3.172791,54.159841,On or near Ainslie Dale,E01019150,Barrow-in-Furness 002C,Public order,Unable to prosecute suspect,
6f5f493a278ec7714b5b37ad88000a66fe75abacb2980b9052d954f384adf0b4,2021-07,Cumbria Constabulary,Cumbria Constabulary,-3.172791,54.159841,On or near Ainslie Dale,E01019150,Barrow-in-Furness 002C,Public order,Unable to prosecute suspect,
eb0fed5b0d65db5fa0ad9112314e7517ec2a107ef3997ccda8439a8632af4d8a,2021-07,Cumbria Constabulary,Cumbria Constabulary,-3.172085,54.157601,On or near Yarl Well,E01019150,Barrow-in-Furness 002C,Violence and sexual offences,Unable to prosecute suspect,
dcc087111cc294251e54b60d15c8164668a450d17cbe81d9ce90bf3338c6421a,2021-07,Cumbria Constabulary,Cumbria Constabulary,-3.175415,54.159492,On or near Ainslie Street,E01019150,Barrow-in-Furness 002C,Violence and sexual offences,Awaiting court outcome,
4f7ec7aa982652892e8aaa1f77b5de68ef58c323b8f9dd7dd836ca3ae2af83bd,2021-07,Cumbria Constabulary,Cumbria Constabulary,-3.175415,54.159492,On or near Ainslie Street,E01019150,Barrow-in-Furness 002C,Violence and sexual offences,Awaiting court outcome,
a7ea963aed82228833fc658a0dbdab9cdbb0b3760f24bdea5ef00f241cf28608,2021-07,Cumbria Constabulary,Cumbria Constabulary,-3.167312,54.149100,On or near Sports/Recreation Area,E01019151,Barrow-in-Furness 002D,Public order,Unable to prosecute suspect,
5109925df4890f2e4490512993b71dbd5412062a81b67585fe29b03cfe7529fc,2021-07,Cumbria Constabulary,Cumbria Constabulary,-3.167312,54.149100,On or near Sports/Recreation Area,E01019151,Barrow-in-Furness 002D,Violence and sexual offences,Unable to prosecute suspect,
386d9db85c45ec362de47a89f6c231ef4f5e0a80b8b34c98d6fd07e7ea98f3e6,2021-07,Cumbria Constabulary,Cumbria Constabulary,-3.181620,54.150444,On or near Dalton Fields Lane,E01019151,Barrow-in-Furness 002D,Violence and sexual offences,Unable to prosecute suspect,
03fd7a2ef4b9e73563248837ad6e5033ae3143dcc83a6dca11f9f3e06fed748c,2021-07,Cumbria Constabulary,Cumbria Constabulary,-3.174946,54.151587,On or near Dunlin Drive,E01019151,Barrow-in-Furness 002D,Violence and sexual offences,Unable to prosecute suspect,
71ae43512b84ee78801b0858231b18f7816259b085119f678c72527d494b7c6f,2021-07,Cumbria Constabulary,Cumbria Constabulary,-3.174946,54.151587,On or near Dunlin Drive,E01019151,Barrow-in-Furness 002D,Violence and sexual offences,Unable to prosecute suspect,
8aa8b550598d43514340cae537dc8fa656db0122eef0cc0068ec822b07b63bf0,2021-07,Cumbria Constabulary,Cumbria Constabulary,-3.180349,54.150429,On or near Ennerdale Close,E01019151,Barrow-in-Furness 002D,Violence and sexual offences,Unable to prosecute suspect,
686d3952bf952efee92008020342796b641ce6d97c0afce30e18ba71ad012ed7,2021-07,Cumbria Constabulary,Cumbria Constabulary,-3.177502,54.150466,On or near Ullswater Close,E01019151,Barrow-in-Furness 002D,Violence and sexual offences,Investigation complete; no suspect identified,
e1a3968e39118526cf0356cde7fae338c651b7ed74d7a07e621fed52addc95a2,2021-07,Cumbria Constabulary,Cumbria Constabulary,-3.218803,54.127728,On or near Grantley Road,E01019152,Barrow-in-Furness 003A,Violence and sexual offences,Unable to prosecute suspect,
c9bf8098da557dbdfbf787bf578f7c0ed7e336be1ca0ec355509684e48af8cfa,2021-07,Cumbria Constabulary,Cumbria Constabulary,-3.220253,54.129161,On or near Thornfield Park,E01019152,Barrow-in-Furness 003A,Violence and sexual offences,Unable to prosecute suspect,
,2021-07,Cumbria Constabulary,Cumbria Constabulary,-3.218857,54.142064,On or near Sports/Recreation Area,E01019154,Barrow-in-Furness 003C,Anti-social behaviour,,
,2021-07,Cumbria Constabulary,Cumbria Constabulary,-3.198161,54.142092,On or near Barrow Road,E01019154,Barrow-in-Furness 003C,Anti-social behaviour,,
,2021-07,Cumbria Constabulary,Cumbria Constabulary,-3.210092,54.139690,On or near Skelwith Drive,E01019154,Barrow-in-Furness 003C,Anti-social behaviour,,
,2021-07,Cumbria Constabulary,Cumbria Constabulary,-3.214129,54.158892,On or near Oak Lea Road,E01019154,Barrow-in-Furness 003C,Anti-social behaviour,,
,2021-07,Cumbria Constabulary,Cumbria Constabulary,-3.214129,54.158892,On or near Oak Lea Road,E01019154,Barrow-in-Furness 003C,Anti-social behaviour,,
ad32e1e6609285d9b035abb3fc7dfb4c99b3181def5bc3c78333cf5b6e59c65c,2021-07,Cumbria Constabulary,Cumbria Constabulary,-3.201404,54.160539,On or near St Helen'S,E01019154,Barrow-in-Furness 003C,Public order,Unable to prosecute suspect,
f72b07a18fbded8830436a37fe77497f7aa6e35ab7c2fcc1f5b4760e01b61331,2021-07,Cumbria Constabulary,Cumbria Constabulary,-3.214129,54.158892,On or near Oak Lea Road,E01019154,Barrow-in-Furness 003C,Violence and sexual offences,Court result unavailable,
6eb4ff2a77c7b438827766ff007a3addb7af54b4042d3ec8738d01b39bfdb394,2021-07,Cumbria Constabulary,Cumbria Constabulary,-3.209006,54.140743,On or near Egremont Gardens,E01019154,Barrow-in-Furness 003C,Violence and sexual offences,Unable to prosecute suspect,
0e57c90b9e6f6471dee02b999af55654333894c8d48072855ef91dc531bfe075,2021-07,Cumbria Constabulary,Cumbria Constabulary,-3.218857,54.142064,On or near Sports/Recreation Area,E01019154,Barrow-in-Furness 003C,Violence and sexual offences,Unable to prosecute suspect,
,2021-07,Cumbria Constabulary,Cumbria Constabulary,-3.207899,54.136395,On or near Hospital,E01019155,Barrow-in-Furness 003D,Anti-social behaviour,,
,2021-07,Cumbria Constabulary,Cumbria Constabulary,-3.215139,54.142128,On or near Helvellyn Walk,E01019155,Barrow-in-Furness 003D,Anti-social behaviour,,
,2021-07,Cumbria Constabulary,Cumbria Constabulary,-3.207899,54.136395,On or near Hospital,E01019155,Barrow-in-Furness 003D,Anti-social behaviour,,
,2021-07,Cumbria Constabulary,Cumbria Constabulary,-3.207899,54.136395,On or near Hospital,E01019155,Barrow-in-Furness 003D,Anti-social behaviour,,
8808a13661b22dd7e83df766f54ad824feae31b0c1f31ed4f339fd73ad34b535,2021-07,Cumbria Constabulary,Cumbria Constabulary,-3.207899,54.136395,On or near Hospital,E01019155,Barrow-in-Furness 003D,Criminal damage and arson,Investigation complete; no suspect identified,
af007ec71f6bef1aab5378ceebe518090e92f695e0926609b3beb22dfdafd5c2,2021-07,Cumbria Constabulary,Cumbria Constabulary,-3.207899,54.136395,On or near Hospital,E01019155,Barrow-in-Furness 003D,Criminal damage and arson,Investigation complete; no suspect identified,
94ed9b05c8c67f23654a3dd3a598c058c4d31d958c282358328733b89cc04544,2021-07,Cumbria Constabulary,Cumbria Constabulary,-3.211443,54.135101,On or near Redmayne Avenue,E01019155,Barrow-in-Furness 003D,Other theft,Local resolution,
5d27296657e0285e4e186bb7c747473da94607e50eeed2d1fc6c483a84cf2140,2021-07,Cumbria Constabulary,Cumbria Constabulary,-3.207899,54.136395,On or near Hospital,E01019155,Barrow-in-Furness 003D,Other theft,Unable to prosecute suspect,
6d3cf34b053a2677f8bc219c9d7415918d30bd519773d6e87512cfa21fba8a39,2021-07,Cumbria Constabulary,Cumbria Constabulary,-3.211365,54.137133,On or near Dalton Lane,E01019155,Barrow-in-Furness 003D,Public order,Court result unavailable,
46f5b2a8bc9596b3fd8930c20cf0ebadaa129dc28cf811b725c234aa8c827903,2021-07,Cumbria Constabulary,Cumbria Constabulary,-3.211365,54.137133,On or near Dalton Lane,E01019155,Barrow-in-Furness 003D,Public order,Unable to prosecute suspect,
20635ab9c938bcfbe9eb7f18eef44fa4b5be02f6bc4bbd69e37ffa032916d86c,2021-07,Cumbria Constabulary,Cumbria Constabulary,-3.211365,54.137133,On or near Dalton Lane,E01019155,Barrow-in-Furness 003D,Public order,Unable to prosecute suspect,
37550966152d980c3c1759535a8bdbebaf5947e5766be516d3391fa554fa06f7,2021-07,Cumbria Constabulary,Cumbria Constabulary,-3.211365,54.137133,On or near Dalton Lane,E01019155,Barrow-in-Furness 003D,Violence and sexual offences,Status update unavailable,
a7992872e5fa8488823648d4907a53d89607c3c6598da1e65533bc3f3a82ee99,2021-07,Cumbria Constabulary,Cumbria Constabulary,-3.211365,54.137133,On or near Dalton Lane,E01019155,Barrow-in-Furness 003D,Violence and sexual offences,Unable to prosecute suspect,
01e26f6d61c63ec5811522d3ce212bc852ade9cd9fcd941cb2c7ea83ff14a0dd,2021-07,Cumbria Constabulary,Cumbria Constabulary,-3.207899,54.136395,On or near Hospital,E01019155,Barrow-in-Furness 003D,Violence and sexual offences,Unable to prosecute suspect,
9df1c5825165b426aae3dfa65b6ad486bf863705e150dde53b94235fed7f40aa,2021-07,Cumbria Constabulary,Cumbria Constabulary,-3.207899,54.136395,On or near Hospital,E01019155,Barrow-in-Furness 003D,Violence and sexual offences,Court result unavailable,
4572d9828d81101f9ed22c3d6b77c6d7fdbb43dceebbc6c1097c4a17e0ab23c3,2021-07,Cumbria Constabulary,Cumbria Constabulary,-3.207899,54.136395,On or near Hospital,E01019155,Barrow-in-Furness 003D,Violence and sexual offences,Unable to prosecute suspect,
0d83bd7db6d6f00a2e1646ebab328afeadba05b1c62eda13da602f0bc7837210,2021-07,Cumbria Constabulary,Cumbria Constabulary,-3.211365,54.137133,On or near Dalton Lane,E01019155,Barrow-in-Furness 003D,Violence and sexual offences,Status update unavailable,
018a0ccebd28c1d2793dc1ca8f19e49598abb1c108c673cb8e3de701f627cf05,2021-07,Cumbria Constabulary,Cumbria Constabulary,-3.211365,54.137133,On or near Dalton Lane,E01019155,Barrow-in-Furness 003D,Violence and sexual offences,Unable to prosecute suspect,
c66d8dff4c126ce816a03ef87d1146273ed728d18be294da6db6fac79d1ce6fa,2021-07,Cumbria Constabulary,Cumbria Constabulary,-3.207899,54.136395,On or near Hospital,E01019155,Barrow-in-Furness 003D,Violence and sexual offences,Status update unavailable,
f3f2b4bc785ece9a6c50f7803270c9b58afd55cff79720528307436f30fc30d4,2021-07,Cumbria Constabulary,Cumbria Constabulary,-3.207899,54.136395,On or near Hospital,E01019155,Barrow-in-Furness 003D,Violence and sexual offences,Unable to prosecute suspect,
a0bb4458a215dca08f304e4036ab9eaef13b22bf7c528c05d2af22a3f38fe676,2021-07,Cumbria Constabulary,Cumbria Constabulary,-3.207899,54.136395,On or near Hospital,E01019155,Barrow-in-Furness 003D,Violence and sexual offences,Unable to prosecute suspect,
d0ca3a0e5339929589a7ccdb00c5af13262f6ac41991d6107df516cd83fb9436,2021-07,Cumbria Constabulary,Cumbria Constabulary,-3.207899,54.136395,On or near Hospital,E01019155,Barrow-in-Furness 003D,Violence and sexual offences,Unable to prosecute suspect,
1e836af88581ee702774bf466a8846f6f53c67f08af90aa2c0316e97b43d298f,2021-07,Cumbria Constabulary,Cumbria Constabulary,-3.207899,54.136395,On or near Hospital,E01019155,Barrow-in-Furness 003D,Violence and sexual offences,Unable to prosecute suspect,
90fdaac625e8c482a2b77157749c67074ea8a245ffb5d5971d2218367fa13518,2021-07,Cumbria Constabulary,Cumbria Constabulary,-3.207899,54.136395,On or near Hospital,E01019155,Barrow-in-Furness 003D,Violence and sexual offences,Unable to prosecute suspect,
fea029a0d9c536b204e4f3007c5dc14e6242f6eee976ff5bc66c6ecc37d86e1a,2021-07,Cumbria Constabulary,Cumbria Constabulary,-3.211365,54.137133,On or near Dalton Lane,E01019155,Barrow-in-Furness 003D,Violence and sexual offences,Unable to prosecute suspect,
ae674d89082db1c67c75fe7d49b59054a263f9d58eeeb433ed0d1e721f0fd9bf,2021-07,Cumbria Constabulary,Cumbria Constabulary,-3.207899,54.136395,On or near Hospital,E01019155,Barrow-in-Furness 003D,Violence and sexual offences,Unable to prosecute suspect,
,2021-07,Cumbria Constabulary,Cumbria Constabulary,-3.197236,54.134461,On or near Parking Area,E01019163,Barrow-in-Furness 003F,Anti-social behaviour,,
6bcaab47886157cbc1f7e373470a97c43579f0f38693c727ae7a94f0e3a6fc83,2021-07,Cumbria Constabulary,Cumbria Constabulary,-3.202399,54.129350,On or near Rating Lane,E01019163,Barrow-in-Furness 003F,Burglary,Further investigation is not in the public interest,
47d3498f8cbf07876dc10e56743ee92382183244ed4f4762099780609348b16e,2021-07,Cumbria Constabulary,Cumbria Constabulary,-3.209424,54.130421,On or near Infield Park,E01019163,Barrow-in-Furness 003F,Burglary,Investigation complete; no suspect identified,
2a37a65ae22ba8d2cc649996f02f2f214a81200080b9656b1a7a184ef6bd8cb4,2021-07,Cumbria Constabulary,Cumbria Constabulary,-3.197236,54.134461,On or near Parking Area,E01019163,Barrow-in-Furness 003F,Criminal damage and arson,Unable to prosecute suspect,
356cba9cf1a60c7927dee5ba71138376f67d184b436f513634ec034ddec97801,2021-07,Cumbria Constabulary,Cumbria Constabulary,-3.210632,54.128800,On or near Sports/Recreation Area,E01019163,Barrow-in-Furness 003F,Criminal damage and arson,Unable to prosecute suspect,
a5d3209e11a958ed71425b141c98d4a31ebcc6de69f0946290a3f1bf8900ccbe,2021-07,Cumbria Constabulary,Cumbria Constabulary,-3.202765,54.124007,On or near Supermarket,E01019163,Barrow-in-Furness 003F,Possession of weapons,Court result unavailable,
f0e30fbc7fd97c3a8a7df3910cf362d9861db2ea20240e3ee836f32a701316bd,2021-07,Cumbria Constabulary,Cumbria Constabulary,-3.208722,54.132046,On or near Infield Crescent,E01019163,Barrow-in-Furness 003F,Violence and sexual offences,Investigation complete; no suspect identified,
7db5a20326f2a1ec1675a945e07d943f922a48033cda391935f5924ca3b7c0c5,2021-07,Cumbria Constabulary,Cumbria Constabulary,-3.202399,54.129350,On or near Rating Lane,E01019163,Barrow-in-Furness 003F,Violence and sexual offences,Unable to prosecute suspect,
04d8fc30923ec7e7411e466ab526dd7036b05a264bb7264105b71296c9176053,2021-07,Cumbria Constabulary,Cumbria Constabulary,-3.210632,54.128800,On or near Sports/Recreation Area,E01019163,Barrow-in-Furness 003F,Violence and sexual offences,Unable to prosecute suspect,
,2021-07,Cumbria Constabulary,Cumbria Constabulary,-3.229666,54.118351,On or near Byron Street,E01019156,Barrow-in-Furness 004A,Anti-social behaviour,,
,2021-07,Cumbria Constabulary,Cumbria Constabulary,-3.234363,54.112703,On or near Petrol Station,E01019156,Barrow-in-Furness 004A,Anti-social behaviour,,
,2021-07,Cumbria Constabulary,Cumbria Constabulary,-3.237175,54.115146,On or near Hindpool Road,E01019156,Barrow-in-Furness 004A,Anti-social behaviour,,
,2021-07,Cumbria Constabulary,Cumbria Constabulary,-3.234363,54.112703,On or near Petrol Station,E01019156,Barrow-in-Furness 004A,Anti-social behaviour,,
,2021-07,Cumbria Constabulary,Cumbria Constabulary,-3.237175,54.115146,On or near Hindpool Road,E01019156,Barrow-in-Furness 004A,Anti-social behaviour,,
,2021-07,Cumbria Constabulary,Cumbria Constabulary,-3.237966,54.119111,On or near Walney Road,E01019156,Barrow-in-Furness 004A,Anti-social behaviour,,
,2021-07,Cumbria Constabulary,Cumbria Constabulary,-3.226060,54.118514,On or near Parking Area,E01019156,Barrow-in-Furness 004A,Anti-social behaviour,,
,2021-07,Cumbria Constabulary,Cumbria Constabulary,-3.235787,54.115304,On or near Clive Street,E01019156,Barrow-in-Furness 004A,Anti-social behaviour,,
,2021-07,Cumbria Constabulary,Cumbria Constabulary,-3.234363,54.112703,On or near Petrol Station,E01019156,Barrow-in-Furness 004A,Anti-social behaviour,,
,2021-07,Cumbria Constabulary,Cumbria Constabulary,-3.234363,54.112703,On or near Petrol Station,E01019156,Barrow-in-Furness 004A,Anti-social behaviour,,
,2021-07,Cumbria Constabulary,Cumbria Constabulary,-3.237966,54.119111,On or near Walney Road,E01019156,Barrow-in-Furness 004A,Anti-social behaviour,,
6c104d30156fa7764a71483880eca72005e5979946ec4aee603b976a1f90a845,2021-07,Cumbria Constabulary,Cumbria Constabulary,-3.231018,54.118544,On or near Wordsworth Street,E01019156,Barrow-in-Furness 004A,Criminal damage and arson,Unable to prosecute suspect,
7f78fe730171172a5cd434d11bf21df561c8f365012d2582a2b6b0a1e5d0828d,2021-07,Cumbria Constabulary,Cumbria Constabulary,-3.239674,54.124046,On or near Andrews Way,E01019156,Barrow-in-Furness 004A,Criminal damage and arson,Action to be taken by another organisation,
eb9980f264bf0ffb9f3e1c82d69035809e068dec7826161fbfdba496294a5331,2021-07,Cumbria Constabulary,Cumbria Constabulary,-3.234363,54.112703,On or near Petrol Station,E01019156,Barrow-in-Furness 004A,Drugs,Court result unavailable,
c67521b0b3faf6ee271bc7d0575fc32186b54d86975ab4c69be3e998c68bb8d7,2021-07,Cumbria Constabulary,Cumbria Constabulary,-3.242742,54.117138,On or near Bessamer Way,E01019156,Barrow-in-Furness 004A,Other theft,Investigation complete; no suspect identified,
1af7604df4982b06c0bab7e8f61528d02bae13e09c310125a5143d0dde6c8554,2021-07,Cumbria Constabulary,Cumbria Constabulary,-3.230504,54.118738,On or near Raleigh Street,E01019156,Barrow-in-Furness 004A,Public order,Unable to prosecute suspect,
75880da6fcaa3e50be9707a5beea7099f7421cba9072defbd0279484a2990799,2021-07,Cumbria Constabulary,Cumbria Constabulary,-3.229666,54.118351,On or near Byron Street,E01019156,Barrow-in-Furness 004A,Public order,Court result unavailable,
33874ed9d31605bb7017c4873c5a930713d3d13a92fbfeaaa2dec0e000821b02,2021-07,Cumbria Constabulary,Cumbria Constabulary,-3.234363,54.112703,On or near Petrol Station,E01019156,Barrow-in-Furness 004A,Public order,Investigation complete; no suspect identified,
c2ffd2c721a8e66389a3e99d023871874360462dcf40695f49c25225ca3beef0,2021-07,Cumbria Constabulary,Cumbria Constabulary,-3.235180,54.114969,On or near Sports/Recreation Area,E01019156,Barrow-in-Furness 004A,Public order,Local resolution,
45f7ba231c7db2e1d1086dd5a993b607fd19cc9e95b765f0cadac15c06cf34d8,2021-07,Cumbria Constabulary,Cumbria Constabulary,-3.234363,54.112703,On or near Petrol Station,E01019156,Barrow-in-Furness 004A,Public order,Investigation complete; no suspect identified,
47eceaa7720c4e87f13b2528a34bd0fa13cfaaa36c9001ca124129e828febfc5,2021-07,Cumbria Constabulary,Cumbria Constabulary,-3.234363,54.112703,On or near Petrol Station,E01019156,Barrow-in-Furness 004A,Shoplifting,Unable to prosecute suspect,
636366bba521d24fe296c7cf98f37878e78a83d2217098825a416a39120bb62e,2021-07,Cumbria Constabulary,Cumbria Constabulary,-3.237175,54.115146,On or near Hindpool Road,E01019156,Barrow-in-Furness 004A,Shoplifting,Investigation complete; no suspect identified,
39d003abce73144f1e2c74a88a3f1f3e96d683407b5e185f0684c353c39f29cd,2021-07,Cumbria Constabulary,Cumbria Constabulary,-3.235180,54.114969,On or near Sports/Recreation Area,E01019156,Barrow-in-Furness 004A,Shoplifting,Investigation complete; no suspect identified,
a02d69513dd5320e34e18819fe53c0867b6f0e090eb14224bf2d79a21a47033d,2021-07,Cumbria Constabulary,Cumbria Constabulary,-3.234363,54.112703,On or near Petrol Station,E01019156,Barrow-in-Furness 004A,Shoplifting,Investigation complete; no suspect identified,
272ba776e135713f043f0514a4b832b34427712249f4f1526e1fb73f12ed2a5e,2021-07,Cumbria Constabulary,Cumbria Constabulary,-3.234363,54.112703,On or near Petrol Station,E01019156,Barrow-in-Furness 004A,Shoplifting,Investigation complete; no suspect identified,
ed2768ac10f1049581b74ee69096a0506aae277e45b3ad4bd746bb033191db2b,2021-07,Cumbria Constabulary,Cumbria Constabulary,-3.237175,54.115146,On or near Hindpool Road,E01019156,Barrow-in-Furness 004A,Shoplifting,Investigation complete; no suspect identified,
5632ee80fe503673dcb92c1520491ed10fc21ebcc1268a8d4c6df7ee4944607f,2021-07,Cumbria Constabulary,Cumbria Constabulary,-3.237175,54.115146,On or near Hindpool Road,E01019156,Barrow-in-Furness 004A,Vehicle crime,Investigation complete; no suspect identified,
04ee53b08a8dce565a216354d4e6654b086a4ec264ffe2be6d4a5bc20dd603c4,2021-07,Cumbria Constabulary,Cumbria Constabulary,-3.231018,54.118544,On or near Wordsworth Street,E01019156,Barrow-in-Furness 004A,Violence and sexual offences,Unable to prosecute suspect,
b3ee8e486f047c7e787e6e4df23557828384597f6a77fa94047d984515caecab,2021-07,Cumbria Constabulary,Cumbria Constabulary,-3.242591,54.121823,On or near Forge Close,E01019156,Barrow-in-Furness 004A,Violence and sexual offences,Court result unavailable,
2aaa035fe066f7f0110d88268dac939882ca285d1b3f26ca93044ece9a53e6c7,2021-07,Cumbria Constabulary,Cumbria Constabulary,-3.237175,54.115146,On or near Hindpool Road,E01019156,Barrow-in-Furness 004A,Violence and sexual offences,Unable to prosecute suspect,
8347c0b435e48a5aaf8c41869a61b81322019dd5751a31d0bf81c2a472a0b48c,2021-07,Cumbria Constabulary,Cumbria Constabulary,-3.235787,54.115304,On or near Clive Street,E01019156,Barrow-in-Furness 004A,Violence and sexual offences,Unable to prosecute suspect,
6629d8868038810bc61cde12753c62f36ee50589b6d2d392635161162f99258a,2021-07,Cumbria Constabulary,Cumbria Constabulary,-3.237175,54.115146,On or near Hindpool Road,E01019156,Barrow-in-Furness 004A,Violence and sexual offences,Unable to prosecute suspect,
8180d362d20ad66f3aed180a41041abd19c08626f55bea42082aa88f387b2f53,2021-07,Cumbria Constabulary,Cumbria Constabulary,-3.232077,54.112466,On or near Lawson Street,E01019156,Barrow-in-Furness 004A,Violence and sexual offences,Unable to prosecute suspect,
fd73a04a46b3f9f4bed360527df642bd15bf16e7df38d64c36ce714db439a207,2021-07,Cumbria Constabulary,Cumbria Constabulary,-3.237175,54.115146,On or near Hindpool Road,E01019156,Barrow-in-Furness 004A,Violence and sexual offences,Unable to prosecute suspect,
14002fee3e5c9aa7b946d15c7e494fcdd361822489a3bea9f2cf7357271e87f0,2021-07,Cumbria Constabulary,Cumbria Constabulary,-3.242591,54.121823,On or near Forge Close,E01019156,Barrow-in-Furness 004A,Violence and sexual offences,Court result unavailable,
1ecf5de910c1d05f1b6f9f9945e9ebb6aadcbc028ba50d017c862aefbdf84d68,2021-07,Cumbria Constabulary,Cumbria Constabulary,-3.232077,54.112466,On or near Lawson Street,E01019156,Barrow-in-Furness 004A,Violence and sexual offences,Unable to prosecute suspect,
96735ecfa2116fa40a52a70a256ada180b159e4cca6321261631d9e10c99e22a,2021-07,Cumbria Constabulary,Cumbria Constabulary,-3.242591,54.121823,On or near Forge Close,E01019156,Barrow-in-Furness 004A,Violence and sexual offences,Further action is not in the public interest,
96a193e5007225835a4ebf820a3fbd4983e7bbe7b1a2fba9fe253211b99fb887,2021-07,Cumbria Constabulary,Cumbria Constabulary,-3.232958,54.117922,On or near Howe Street,E01019156,Barrow-in-Furness 004A,Violence and sexual offences,Unable to prosecute suspect,
917ad726d7142f34ddd285d7cc8ab3bec0225725f48968a0a586f34d4c4ca59b,2021-07,Cumbria Constabulary,Cumbria Constabulary,-3.242591,54.121823,On or near Forge Close,E01019156,Barrow-in-Furness 004A,Violence and sexual offences,Court result unavailable,
b9d2efa6241b3cc16bfd457af351eb98e4975abf9c39a416985146e974238640,2021-07,Cumbria Constabulary,Cumbria Constabulary,-3.230947,54.112541,On or near Keith Street,E01019156,Barrow-in-Furness 004A,Violence and sexual offences,Unable to prosecute suspect,
efe22ae0de5d1edb8f6a6c21ef0ac8196c36ccd57071baa6a384fd03806638e8,2021-07,Cumbria Constabulary,Cumbria Constabulary,-3.237175,54.115146,On or near Hindpool Road,E01019156,Barrow-in-Furness 004A,Violence and sexual offences,Unable to prosecute suspect,
6ed900a31f8b3a671359e34bd52d66e8ed710ce4b2799ff090e40a530b6d1385,2021-07,Cumbria Constabulary,Cumbria Constabulary,-3.239674,54.124046,On or near Andrews Way,E01019156,Barrow-in-Furness 004A,Violence and sexual offences,Action to be taken by another organisation,
f80309595876d3ace63669f4b085fdb74fc4e064af8977f3e0f415a1eed61569,2021-07,Cumbria Constabulary,Cumbria Constabulary,-3.237175,54.115146,On or near Hindpool Road,E01019156,Barrow-in-Furness 004A,Violence and sexual offences,Unable to prosecute suspect,
83402c9417bc3f3d926ebe1971681c2a017fab2949c4b7e85af5cbed94cc2873,2021-07,Cumbria Constabulary,Cumbria Constabulary,-3.242591,54.121823,On or near Forge Close,E01019156,Barrow-in-Furness 004A,Violence and sexual offences,Unable to prosecute suspect,
9971dffe85c409a1557f9cb8ca1fb2c1ae972263fa3e64b242c1486f3789d1b0,2021-07,Cumbria Constabulary,Cumbria Constabulary,-3.232958,54.117922,On or near Howe Street,E01019156,Barrow-in-Furness 004A,Violence and sexual offences,Action to be taken by another organisation,
3a74376f6a7419d9f79a6de3a0f01c6ec0a615b438fd230a059fee0551ab705d,2021-07,Cumbria Constabulary,Cumbria Constabulary,-3.230947,54.112541,On or near Keith Street,E01019156,Barrow-in-Furness 004A,Other crime,Unable to prosecute suspect,
,2021-07,Cumbria Constabulary,Cumbria Constabulary,-3.236196,54.121844,On or near Supermarket,E01019159,Barrow-in-Furness 004B,Anti-social behaviour,,
a04f7a8964c7f0b8ee27c77f8d0da95bd98d331a7fbbaddc5e4da80c78bed554,2021-07,Cumbria Constabulary,Cumbria Constabulary,-3.234544,54.122382,On or near Park/Open Space,E01019159,Barrow-in-Furness 004B,Bicycle theft,Investigation complete; no suspect identified,
a020e13672eaabbf7d7d76e574d4c40b115ceb0006f279713998ec6eea347f92,2021-07,Cumbria Constabulary,Cumbria Constabulary,-3.238057,54.121663,On or near Walney Road,E01019159,Barrow-in-Furness 004B,Criminal damage and arson,Unable to prosecute suspect,
27cc6f897e0f6df085537f1524b04124d6176efc8a1534b954a6aed5f4cfc5b9,2021-07,Cumbria Constabulary,Cumbria Constabulary,-3.234898,54.119376,On or near Melbourne Street,E01019159,Barrow-in-Furness 004B,Criminal damage and arson,Unable to prosecute suspect,
8d6198b698f99e635465bcbe89a43490b26c2f1f645e74b6da0e200f54110189,2021-07,Cumbria Constabulary,Cumbria Constabulary,-3.236196,54.121844,On or near Supermarket,E01019159,Barrow-in-Furness 004B,Other theft,Unable to prosecute suspect,
ceddff71c9de820688fb942117aa19f3f4ace62e2af34b933d7368ca7889f4e8,2021-07,Cumbria Constabulary,Cumbria Constabulary,-3.234374,54.120271,On or near Chatsworth Street,E01019159,Barrow-in-Furness 004B,Other theft,Investigation complete; no suspect identified,
582bbe051ebb420b41c15b41d64e40313db1b33e3ff53a4ecc0734775f11da29,2021-07,Cumbria Constabulary,Cumbria Constabulary,-3.232288,54.120086,On or near Osborne Street,E01019159,Barrow-in-Furness 004B,Public order,Unable to prosecute suspect,
e4a7ea6a6d1efe678e47c31ab8a000eb00793817af82a3f9bc13c82ff380ec96,2021-07,Cumbria Constabulary,Cumbria Constabulary,-3.232288,54.120086,On or near Osborne Street,E01019159,Barrow-in-Furness 004B,Public order,Unable to prosecute suspect,
570246085f57bb11139b0b21baa4ce9999ec57c8b4d9d7eb23aca7807dc5ddad,2021-07,Cumbria Constabulary,Cumbria Constabulary,-3.230408,54.120150,On or near Holker Street,E01019159,Barrow-in-Furness 004B,Public order,Unable to prosecute suspect,
90f19cd85c90b57fce238171565730c7288e2d6915e725c5cd265f9c19ad06a1,2021-07,Cumbria Constabulary,Cumbria Constabulary,-3.234898,54.119376,On or near Melbourne Street,E01019159,Barrow-in-Furness 004B,Violence and sexual offences,Unable to prosecute suspect,
6dc0e221b99c6c0dc46c9f89ca1290c18e4e7ce206cc7c12ad39449ecab03b72,2021-07,Cumbria Constabulary,Cumbria Constabulary,-3.234898,54.119376,On or near Melbourne Street,E01019159,Barrow-in-Furness 004B,Violence and sexual offences,Unable to prosecute suspect,
43a96be2d50ff2916dde6fd65be8ff09952cda562e03206219c2e47585e8c99b,2021-07,Cumbria Constabulary,Cumbria Constabulary,-3.232288,54.120086,On or near Osborne Street,E01019159,Barrow-in-Furness 004B,Violence and sexual offences,Unable to prosecute suspect,
77931e82600682f73c5f6d51a6865227d0632b325aab35a71726b5a90efcda38,2021-07,Cumbria Constabulary,Cumbria Constabulary,-3.230596,54.119267,On or near Parker Street,E01019159,Barrow-in-Furness 004B,Violence and sexual offences,Unable to prosecute suspect,
3d671fa03b18601cf8a129ad1a73397b08f66343b7c684cbf46905a04db3be2e,2021-07,Cumbria Constabulary,Cumbria Constabulary,-3.232288,54.120086,On or near Osborne Street,E01019159,Barrow-in-Furness 004B,Violence and sexual offences,Unable to prosecute suspect,
7fffd85fc046fca9800a94d5b8e9ebe49f6be0a1d8087d953983b42645f29091,2021-07,Cumbria Constabulary,Cumbria Constabulary,-3.230596,54.119267,On or near Parker Street,E01019159,Barrow-in-Furness 004B,Violence and sexual offences,Unable to prosecute suspect,
,2021-07,Cumbria Constabulary,Cumbria Constabulary,-3.233293,54.135895,On or near Broad Close,E01019164,Barrow-in-Furness 004C,Anti-social behaviour,,
,2021-07,Cumbria Constabulary,Cumbria Constabulary,-3.230485,54.136697,On or near Barnfield Lane,E01019164,Barrow-in-Furness 004C,Anti-social behaviour,,
cb2c0fad086642059d4bbc683931eef3673587f8592cde0fade7101970eadde8,2021-07,Cumbria Constabulary,Cumbria Constabulary,-3.232370,54.136758,On or near Hazel Gill,E01019164,Barrow-in-Furness 004C,Criminal damage and arson,Investigation complete; no suspect identified,
620bc480749ca4f51b26577814a957a3a746be08e7302fafc62db66bd104fc25,2021-07,Cumbria Constabulary,Cumbria Constabulary,-3.228575,54.140437,On or near Sandscale Terrace,E01019164,Barrow-in-Furness 004C,Criminal damage and arson,Investigation complete; no suspect identified,
e9c94a6595e8d9307c6e2a70d3f3fa3f9dfd80ca21ca39f63362c26ff458df2d,2021-07,Cumbria Constabulary,Cumbria Constabulary,-3.230040,54.136647,On or near Greenhill Close,E01019164,Barrow-in-Furness 004C,Criminal damage and arson,Unable to prosecute suspect,
a40be846bc9a8483494e89801f03bf650c9da4950e703fd03e472bc9a0a319de,2021-07,Cumbria Constabulary,Cumbria Constabulary,-3.233293,54.135895,On or near Broad Close,E01019164,Barrow-in-Furness 004C,Public order,Unable to prosecute suspect,
bfa53a087f886736157775d6262dd33047f3aced1418a86ad5699b093375db24,2021-07,Cumbria Constabulary,Cumbria Constabulary,-3.230219,54.137517,On or near Low Cliff,E01019164,Barrow-in-Furness 004C,Public order,Unable to prosecute suspect,
5fb743b4d5fa5de2f58206cd143e276cdbbf1760aaf143d446c36fee60eed063,2021-07,Cumbria Constabulary,Cumbria Constabulary,-3.232370,54.136758,On or near Hazel Gill,E01019164,Barrow-in-Furness 004C,Public order,Local resolution,
a43ff9d2f33e9f766cc449363760ff485719679373af1fc2ca33a125ac0c5bd5,2021-07,Cumbria Constabulary,Cumbria Constabulary,-3.230219,54.137517,On or near Low Cliff,E01019164,Barrow-in-Furness 004C,Public order,Unable to prosecute suspect,
9aed8eb2bfd0ed7914b2996116f1914e75d319a0fdf0620bf70be105ada4670e,2021-07,Cumbria Constabulary,Cumbria Constabulary,-3.231481,54.135194,On or near Middle White Close,E01019164,Barrow-in-Furness 004C,Public order,Unable to prosecute suspect,
0e192fda529f4d8eb6937e9d0864a2689afe8b13b0141a70ea500a792c604df8,2021-07,Cumbria Constabulary,Cumbria Constabulary,-3.233293,54.135895,On or near Broad Close,E01019164,Barrow-in-Furness 004C,Public order,Unable to prosecute suspect,
4759947f01835d8c4dab0c6868f439f6ffa848aa07008d609886e4ba51cacc49,2021-07,Cumbria Constabulary,Cumbria Constabulary,-3.228264,54.138184,On or near Angle Meadow Lane,E01019164,Barrow-in-Furness 004C,Violence and sexual offences,Further investigation is not in the public interest,
2e7847e4989e3308e12a0eaaa3ae7a77e06d47df516c458c5e3c86c7fb7eb7be,2021-07,Cumbria Constabulary,Cumbria Constabulary,-3.232332,54.134970,On or near Chester Place,E01019164,Barrow-in-Furness 004C,Violence and sexual offences,Unable to prosecute suspect,
6334cc81fdc64849597828131b7ac3e57c63ed08db7cbdc5bd37c9db2bc52ec6,2021-07,Cumbria Constabulary,Cumbria Constabulary,-3.230040,54.136647,On or near Greenhill Close,E01019164,Barrow-in-Furness 004C,Violence and sexual offences,Unable to prosecute suspect,
f9158223cb5f1c32d1e83da441306a73be164ccfd96bd8ef22b45391ac45489b,2021-07,Cumbria Constabulary,Cumbria Constabulary,-3.230219,54.137517,On or near Low Cliff,E01019164,Barrow-in-Furness 004C,Violence and sexual offences,Unable to prosecute suspect,
393859d3fd6c430e3d084d683130f0e721795f4b7acadb1fcc89f1fb3a2c6ee6,2021-07,Cumbria Constabulary,Cumbria Constabulary,-3.228264,54.138184,On or near Angle Meadow Lane,E01019164,Barrow-in-Furness 004C,Violence and sexual offences,Unable to prosecute suspect,
aee333c7e54947a07a5f2c546ee4271a3127ce2eceeabd782a9ed581eba39b52,2021-07,Cumbria Constabulary,Cumbria Constabulary,-3.231481,54.135194,On or near Middle White Close,E01019164,Barrow-in-Furness 004C,Violence and sexual offences,Unable to prosecute suspect,
28b60d5c96a2ac7c046bb757fdee3df47bd5009dfbd608d59d487574a91620c8,2021-07,Cumbria Constabulary,Cumbria Constabulary,-3.230219,54.137517,On or near Low Cliff,E01019164,Barrow-in-Furness 004C,Violence and sexual offences,Further investigation is not in the public interest,
,2021-07,Cumbria Constabulary,Cumbria Constabulary,-3.233330,54.133018,On or near Ormsgill Lane,E01019165,Barrow-in-Furness 004D,Anti-social behaviour,,
,2021-07,Cumbria Constabulary,Cumbria Constabulary,-3.233055,54.134055,On or near Morecambe Crescent,E01019165,Barrow-in-Furness 004D,Anti-social behaviour,,
,2021-07,Cumbria Constabulary,Cumbria Constabulary,-3.233338,54.134852,On or near Low White Close,E01019165,Barrow-in-Furness 004D,Anti-social behaviour,,
,2021-07,Cumbria Constabulary,Cumbria Constabulary,-3.233338,54.134852,On or near Low White Close,E01019165,Barrow-in-Furness 004D,Anti-social behaviour,,
1cc4b57ae31ae251ad5f3b5a258b333a89ebba0c317437ab75b31e0287c8959e,2021-07,Cumbria Constabulary,Cumbria Constabulary,-3.231403,54.134117,On or near Bradford Street,E01019165,Barrow-in-Furness 004D,Criminal damage and arson,Investigation complete; no suspect identified,
56eb4ba242ca80d60e64e5ac0ade0b2fc7050cf771d424c6a25a114923cc4661,2021-07,Cumbria Constabulary,Cumbria Constabulary,-3.230849,54.127300,On or near Oak Road,E01019165,Barrow-in-Furness 004D,Criminal damage and arson,Investigation complete; no suspect identified,
94ce23b0ca63b38169ae67e86981869100b1555e55ffc6923fb7f865037c9287,2021-07,Cumbria Constabulary,Cumbria Constabulary,-3.231463,54.129927,On or near Pine Road,E01019165,Barrow-in-Furness 004D,Criminal damage and arson,Investigation complete; no suspect identified,
ad8b50f9bd5d880e72c8315a7e668d9efdfbf27ed20d5cd9457a52dab2cc2859,2021-07,Cumbria Constabulary,Cumbria Constabulary,-3.232297,54.135339,On or near Mill Bank,E01019165,Barrow-in-Furness 004D,Criminal damage and arson,Unable to prosecute suspect,
39c755255cf3549e0c4a949716825a16c359b6863531ff324e7111f16a928f6b,2021-07,Cumbria Constabulary,Cumbria Constabulary,-3.232297,54.135339,On or near Mill Bank,E01019165,Barrow-in-Furness 004D,Criminal damage and arson,Investigation complete; no suspect identified,
cd25cc99e484e865cda790077d00c9043610abcca01124689eabd4f857d05dac,2021-07,Cumbria Constabulary,Cumbria Constabulary,-3.232376,54.131815,On or near St Francis Gardens,E01019165,Barrow-in-Furness 004D,Criminal damage and arson,Investigation complete; no suspect identified,
48b79f91c3ae487004d8a088ca6718f749a6879e75a5912178e08ae651280434,2021-07,Cumbria Constabulary,Cumbria Constabulary,-3.232845,54.132682,On or near Leeds Avenue,E01019165,Barrow-in-Furness 004D,Criminal damage and arson,Investigation complete; no suspect identified,
2fca7057b0cff347badc4cbcf8ca1ffcdd57b7c48acec8d11d2fe747d30d9319,2021-07,Cumbria Constabulary,Cumbria Constabulary,-3.232845,54.132682,On or near Leeds Avenue,E01019165,Barrow-in-Furness 004D,Criminal damage and arson,Unable to prosecute suspect,
95f7ddecf221445d3498d6911d4e2bdfd7dfb8b2b29b437614d3479550b5a043,2021-07,Cumbria Constabulary,Cumbria Constabulary,-3.232845,54.132682,On or near Leeds Avenue,E01019165,Barrow-in-Furness 004D,Criminal damage and arson,Investigation complete; no suspect identified,
a9672ecc71e98340d46eede08c166a473317eb761271e7b77b6799b3a4817c5b,2021-07,Cumbria Constabulary,Cumbria Constabulary,-3.230307,54.128097,On or near Lime Street,E01019165,Barrow-in-Furness 004D,Criminal damage and arson,Investigation complete; no suspect identified,
13ea620b61f35daa5c84f92a451f174bb41810aba20a7b678569a9281da921ce,2021-07,Cumbria Constabulary,Cumbria Constabulary,-3.232845,54.132682,On or near Leeds Avenue,E01019165,Barrow-in-Furness 004D,Criminal damage and arson,Investigation complete; no suspect identified,
309b452ac07e1a0b8e0d22fe31c096393cbb7f19a21c86bac5675f4b1972ea7e,2021-07,Cumbria Constabulary,Cumbria Constabulary,-3.233877,54.131350,On or near Old Candleworks Road,E01019165,Barrow-in-Furness 004D,Criminal damage and arson,Investigation complete; no suspect identified,
7af0ce785c5ebd273858e974b9dc1f9e19b8e428808c4e968ada876c19880f69,2021-07,Cumbria Constabulary,Cumbria Constabulary,-3.233330,54.133018,On or near Ormsgill Lane,E01019165,Barrow-in-Furness 004D,Other theft,Investigation complete; no suspect identified,
6f2a25b5a7bf0b757d3adcf0a9da614a79bd85be689ad16fd56cbf262d165a72,2021-07,Cumbria Constabulary,Cumbria Constabulary,-3.231403,54.134117,On or near Bradford Street,E01019165,Barrow-in-Furness 004D,Other theft,Investigation complete; no suspect identified,
47042b5a3e2f5b08fc4053eafcf64131e8b1cc24702d40f476cf62a94023f6e4,2021-07,Cumbria Constabulary,Cumbria Constabulary,-3.232120,54.134028,On or near Chester Street,E01019165,Barrow-in-Furness 004D,Possession of weapons,Court result unavailable,
f7d936a86425b382fdabf0aba5af3715d4edf39c5023f02d5c7b85ab4b182137,2021-07,Cumbria Constabulary,Cumbria Constabulary,-3.232120,54.134028,On or near Chester Street,E01019165,Barrow-in-Furness 004D,Public order,Court result unavailable,
70a846e7da40e27d35dca401f50e6de8dd648f0cb160872da58f4858d0f3667f,2021-07,Cumbria Constabulary,Cumbria Constabulary,-3.233055,54.134055,On or near Morecambe Crescent,E01019165,Barrow-in-Furness 004D,Public order,Further investigation is not in the public interest,
86fa17eb493d9e448197e62f18075a53605816db751ebfa50ec44e6b9bc96b30,2021-07,Cumbria Constabulary,Cumbria Constabulary,-3.232297,54.135339,On or near Mill Bank,E01019165,Barrow-in-Furness 004D,Public order,Local resolution,
731e39f158b97c3984ed9cf38cbeed4d1559bfc235133269b298242b42311c90,2021-07,Cumbria Constabulary,Cumbria Constabulary,-3.232045,54.130991,On or near Alder Road,E01019165,Barrow-in-Furness 004D,Theft from the person,Unable to prosecute suspect,
34ae8c1b2a26074605c1d5b5ea2930d3a2cfe0961506c96cf510bb91eeec9e45,2021-07,Cumbria Constabulary,Cumbria Constabulary,-3.232045,54.130991,On or near Alder Road,E01019165,Barrow-in-Furness 004D,Violence and sexual offences,Investigation complete; no suspect identified,
64b0026c49428d38af085d1f810cf435611eb14dbfc48c49993eb4b81670fb32,2021-07,Cumbria Constabulary,Cumbria Constabulary,-3.233338,54.134852,On or near Low White Close,E01019165,Barrow-in-Furness 004D,Violence and sexual offences,Unable to prosecute suspect,
5f9aee4b1b6a32e1c4ec131eb0ed98567f9e8e8ae37f3fb033a6d68b30f502fe,2021-07,Cumbria Constabulary,Cumbria Constabulary,-3.233055,54.134055,On or near Morecambe Crescent,E01019165,Barrow-in-Furness 004D,Violence and sexual offences,Further action is not in the public interest,
dab2779863632595c4aeb6152e20521f50bfd778c99ac8b53aecde417e0be616,2021-07,Cumbria Constabulary,Cumbria Constabulary,-3.233338,54.134852,On or near Low White Close,E01019165,Barrow-in-Furness 004D,Violence and sexual offences,Unable to prosecute suspect,
cdf21f5f5864e108f154785c234ada52b1ff1da279679e0664f22236da736396,2021-07,Cumbria Constabulary,Cumbria Constabulary,-3.233055,54.134055,On or near Morecambe Crescent,E01019165,Barrow-in-Furness 004D,Violence and sexual offences,Unable to prosecute suspect,
274e05abfa41fd0eea8d55dcf7abeead488be17a13d0167cd61588012267fe4a,2021-07,Cumbria Constabulary,Cumbria Constabulary,-3.232297,54.135339,On or near Mill Bank,E01019165,Barrow-in-Furness 004D,Violence and sexual offences,Local resolution,
bc9478d7f4bf28de59df5a957adcc3aa08b238ea9f2b46b5d38575c28d3502cf,2021-07,Cumbria Constabulary,Cumbria Constabulary,-3.233055,54.134055,On or near Morecambe Crescent,E01019165,Barrow-in-Furness 004D,Violence and sexual offences,Further investigation is not in the public interest,
2c2fde38d0addd515d0efdaccb0ee113754d95bd5107f406b819597ce359768d,2021-07,Cumbria Constabulary,Cumbria Constabulary,-3.232297,54.135339,On or near Mill Bank,E01019165,Barrow-in-Furness 004D,Violence and sexual offences,Unable to prosecute suspect,
97b065b43dfc5b41e029c5babaef7e41f46bf97847d88274aaaba5b9a0f0b5f9,2021-07,Cumbria Constabulary,Cumbria Constabulary,-3.230307,54.128097,On or near Lime Street,E01019165,Barrow-in-Furness 004D,Violence and sexual offences,Further investigation is not in the public interest,
,2021-07,Cumbria Constabulary,Cumbria Constabulary,-3.224381,54.122800,On or near Bedford Street,E01019166,Barrow-in-Furness 004E,Anti-social behaviour,,
,2021-07,Cumbria Constabulary,Cumbria Constabulary,-3.231322,54.123637,On or near Cheviot Green,E01019166,Barrow-in-Furness 004E,Anti-social behaviour,,
,2021-07,Cumbria Constabulary,Cumbria Constabulary,-3.229064,54.123346,On or near Cotswold Crescent,E01019166,Barrow-in-Furness 004E,Anti-social behaviour,,
,2021-07,Cumbria Constabulary,Cumbria Constabulary,-3.224381,54.122800,On or near Bedford Street,E01019166,Barrow-in-Furness 004E,Anti-social behaviour,,
,2021-07,Cumbria Constabulary,Cumbria Constabulary,-3.224381,54.122800,On or near Bedford Street,E01019166,Barrow-in-Furness 004E,Anti-social behaviour,,
,2021-07,Cumbria Constabulary,Cumbria Constabulary,-3.224381,54.122800,On or near Bedford Street,E01019166,Barrow-in-Furness 004E,Anti-social behaviour,,
dd25833b6e89550c7e986b55708ce341c8c6770fc075b92c2c0b8baa19af8b64,2021-07,Cumbria Constabulary,Cumbria Constabulary,-3.224381,54.122800,On or near Bedford Street,E01019166,Barrow-in-Furness 004E,Burglary,Unable to prosecute suspect,
db284d07e6d8d2a0e80344b08c0876939e52343bd2283cd2efb84f8a64088cc9,2021-07,Cumbria Constabulary,Cumbria Constabulary,-3.224381,54.122800,On or near Bedford Street,E01019166,Barrow-in-Furness 004E,Burglary,Local resolution,
b5acc3d36836b87bffe764b7acb7a7519eeb03dd286ecc229a88e9caf78dcc05,2021-07,Cumbria Constabulary,Cumbria Constabulary,-3.229392,54.127684,On or near Elm Road,E01019166,Barrow-in-Furness 004E,Criminal damage and arson,Unable to prosecute suspect,
2aef786208bac7e8efd8028068c3d2a07b647789d8dd1617d77b91fc80e5afe8,2021-07,Cumbria Constabulary,Cumbria Constabulary,-3.225178,54.122334,On or near Lancaster Street,E01019166,Barrow-in-Furness 004E,Criminal damage and arson,Investigation complete; no suspect identified,
8e94224f0c7ab5d7234cf56e481ca205cc66a7ece30fad7fd3213a72ac5fa694,2021-07,Cumbria Constabulary,Cumbria Constabulary,-3.226811,54.122182,On or near Dorset Street,E01019166,Barrow-in-Furness 004E,Violence and sexual offences,Unable to prosecute suspect,
363031a52db63ba7afa58ed2ca7887b90d3f3bc966ee3f15fef0da2a21f5a221,2021-07,Cumbria Constabulary,Cumbria Constabulary,-3.226811,54.122182,On or near Dorset Street,E01019166,Barrow-in-Furness 004E,Violence and sexual offences,Local resolution,
a30ec2780796e8922f61ace28447c339d7875df7866c6c064cac501e24435501,2021-07,Cumbria Constabulary,Cumbria Constabulary,-3.230036,54.127237,On or near Maple Street,E01019166,Barrow-in-Furness 004E,Violence and sexual offences,Unable to prosecute suspect,
a45713119a387d8a4a0b4266cc8cc6b325aa82f1c1a563830777112c51a661ab,2021-07,Cumbria Constabulary,Cumbria Constabulary,-3.229392,54.127684,On or near Elm Road,E01019166,Barrow-in-Furness 004E,Violence and sexual offences,Unable to prosecute suspect,
,2021-07,Cumbria Constabulary,Cumbria Constabulary,-3.224369,54.123933,On or near Reservoir Street,E01019167,Barrow-in-Furness 005A,Anti-social behaviour,,
cf27caf26f6b65529ce10bb918b67f50c6dad87ebc283dc12142bceda15bff91,2021-07,Cumbria Constabulary,Cumbria Constabulary,-3.224021,54.127720,On or near Woodland Park,E01019167,Barrow-in-Furness 005A,Criminal damage and arson,Investigation complete; no suspect identified,
61650943f09bb5f143bbf0d755613c2c7c77e956a9f1ae77332ce2b2325105d7,2021-07,Cumbria Constabulary,Cumbria Constabulary,-3.227685,54.124313,On or near Dudley Street,E01019167,Barrow-in-Furness 005A,Criminal damage and arson,Investigation complete; no suspect identified,
363064e5827c1bb839596079a4e4131680f8d3b90d7037fb121894886bb877ba,2021-07,Cumbria Constabulary,Cumbria Constabulary,-3.227685,54.124313,On or near Dudley Street,E01019167,Barrow-in-Furness 005A,Criminal damage and arson,Investigation complete; no suspect identified,
358909c5648e3bc6c2e6fdf7c0ea256afdbdfcc7ac4a22373d006e087d23f953,2021-07,Cumbria Constabulary,Cumbria Constabulary,-3.223732,54.124658,On or near Queen Street,E01019167,Barrow-in-Furness 005A,Other theft,Investigation complete; no suspect identified,
8f04b6db267ecb3cfce0636c510227bf25617afd2d45388b1a414b1c3fd413a0,2021-07,Cumbria Constabulary,Cumbria Constabulary,-3.222478,54.125210,On or near Victoria Road,E01019167,Barrow-in-Furness 005A,Public order,Unable to prosecute suspect,
8932674f54c282a441df0f7ee199d0567e130bbfee126d258b92b6fa634a4924,2021-07,Cumbria Constabulary,Cumbria Constabulary,-3.223642,54.126799,On or near Badgers Court,E01019167,Barrow-in-Furness 005A,Public order,Status update unavailable,
6217821392addbe8a1216db918f7a8712cb33f09318a2335f6e59cc695bb6bdf,2021-07,Cumbria Constabulary,Cumbria Constabulary,-3.222640,54.123950,On or near Harrogate Street,E01019167,Barrow-in-Furness 005A,Violence and sexual offences,Further investigation is not in the public interest,
f4084c2773fbd8085f5c0c2ba34d8a58fcb170dc409e4db11d513505d9b5ee0c,2021-07,Cumbria Constabulary,Cumbria Constabulary,-3.224075,54.126947,On or near Thurlow Way,E01019167,Barrow-in-Furness 005A,Other crime,Local resolution,
,2021-07,Cumbria Constabulary,Cumbria Constabulary,-3.211253,54.116012,On or near Risedale Road,E01019168,Barrow-in-Furness 005B,Anti-social behaviour,,
,2021-07,Cumbria Constabulary,Cumbria Constabulary,-3.216054,54.122678,On or near Parking Area,E01019168,Barrow-in-Furness 005B,Anti-social behaviour,,
,2021-07,Cumbria Constabulary,Cumbria Constabulary,-3.221340,54.117214,On or near Park Avenue,E01019168,Barrow-in-Furness 005B,Anti-social behaviour,,
faf670f1ea756132af2721e648928ebb1fc692875353547068c98d42c7e19763,2021-07,Cumbria Constabulary,Cumbria Constabulary,-3.214871,54.117315,On or near Park/Open Space,E01019168,Barrow-in-Furness 005B,Criminal damage and arson,Investigation complete; no suspect identified,
deb88087617047ab5b82d78a279ee7cc17e4af4a6632b9dd476ceb12d99e33dc,2021-07,Cumbria Constabulary,Cumbria Constabulary,-3.214057,54.121907,On or near Hornedale Avenue,E01019168,Barrow-in-Furness 005B,Criminal damage and arson,Unable to prosecute suspect,
79aaea35c37129317c53c34b60e1f796e6c9a2468acab4ba009af604f53d00a8,2021-07,Cumbria Constabulary,Cumbria Constabulary,-3.211686,54.119298,On or near Sports/Recreation Area,E01019168,Barrow-in-Furness 005B,Other theft,Investigation complete; no suspect identified,
e0850751f09d3c40a488a36dd68221658446e3e2a2b65234c386fdc8684bcdda,2021-07,Cumbria Constabulary,Cumbria Constabulary,-3.209141,54.118083,On or near Sports/Recreation Area,E01019168,Barrow-in-Furness 005B,Other theft,Further investigation is not in the public interest,
227686a5ce4ac6f40ba08547aafd16d9b251e75361ab0250a8cc7377198948a2,2021-07,Cumbria Constabulary,Cumbria Constabulary,-3.217414,54.122107,On or near Westbourne Crescent,E01019168,Barrow-in-Furness 005B,Other theft,Unable to prosecute suspect,
9c37964292b65a855bcb3f9b54585ad9031a88d4650af1877f30ca8c747ae491,2021-07,Cumbria Constabulary,Cumbria Constabulary,-3.210240,54.117452,On or near Sports/Recreation Area,E01019168,Barrow-in-Furness 005B,Public order,Unable to prosecute suspect,
c4e0d69b9719674f5beedcd768ef96f45221c1b2b51530e480eb0173241c3f0b,2021-07,Cumbria Constabulary,Cumbria Constabulary,-3.214871,54.117315,On or near Park/Open Space,E01019168,Barrow-in-Furness 005B,Robbery,Unable to prosecute suspect,
a15e7d30f2ac0a7cac29b2567529027ab35d8d20a0277341d74dfa0bdc7b9e8c,2021-07,Cumbria Constabulary,Cumbria Constabulary,-3.214871,54.117315,On or near Park/Open Space,E01019168,Barrow-in-Furness 005B,Theft from the person,Unable to prosecute suspect,
ee02cba90cfa92735840384a24a62c9b52681253ec5b9f5fcb064219ec00b906,2021-07,Cumbria Constabulary,Cumbria Constabulary,-3.210555,54.125124,On or near Hollow Lane,E01019168,Barrow-in-Furness 005B,Violence and sexual offences,Local resolution,
64c4e49d7ea0da045b8bcea26faa220b022c3197a7af054e30aa5e8054aa75b1,2021-07,Cumbria Constabulary,Cumbria Constabulary,-3.214871,54.117315,On or near Park/Open Space,E01019168,Barrow-in-Furness 005B,Violence and sexual offences,Status update unavailable,
abdb72f940e679f0ac57ebfd4367ec42ff4059aa9cc73c5294ce2d4931b86969,2021-07,Cumbria Constabulary,Cumbria Constabulary,-3.214871,54.117315,On or near Park/Open Space,E01019168,Barrow-in-Furness 005B,Violence and sexual offences,Status update unavailable,
7efa8b43a16298cd6219a9b2c392cf384f3907a950e51fbcd67c1ae17273defd,2021-07,Cumbria Constabulary,Cumbria Constabulary,-3.215430,54.118622,On or near Park Drive,E01019168,Barrow-in-Furness 005B,Violence and sexual offences,Unable to prosecute suspect,
,2021-07,Cumbria Constabulary,Cumbria Constabulary,-3.223411,54.127799,On or near Devonshire Road,E01019169,Barrow-in-Furness 005C,Anti-social behaviour,,
,2021-07,Cumbria Constabulary,Cumbria Constabulary,-3.213326,54.127271,On or near St. Paul'S Mews,E01019169,Barrow-in-Furness 005C,Anti-social behaviour,,
,2021-07,Cumbria Constabulary,Cumbria Constabulary,-3.214151,54.128261,On or near Hawcoat Lane,E01019169,Barrow-in-Furness 005C,Anti-social behaviour,,
0ac984b5ebe34fd29f3ce0a4c99bf61453105b804e3e06e15dc88d44fcb84fc2,2021-07,Cumbria Constabulary,Cumbria Constabulary,-3.217713,54.127083,On or near Grantley Road,E01019169,Barrow-in-Furness 005C,Criminal damage and arson,Investigation complete; no suspect identified,
8964e89784e5555feb429b12e5a61e1420716b159aecee81f85084ea4f16e324,2021-07,Cumbria Constabulary,Cumbria Constabulary,-3.215906,54.127030,On or near Furness Park Road,E01019169,Barrow-in-Furness 005C,Vehicle crime,Unable to prosecute suspect,
4e5995af03fb9289ad72a2ae7973ceddfcdfd89bb565652cb255fe31505e4c9d,2021-07,Cumbria Constabulary,Cumbria Constabulary,-3.223411,54.127799,On or near Devonshire Road,E01019169,Barrow-in-Furness 005C,Violence and sexual offences,Unable to prosecute suspect,
,2021-07,Cumbria Constabulary,Cumbria Constabulary,-3.219826,54.121903,On or near Warwick Street,E01019170,Barrow-in-Furness 005D,Anti-social behaviour,,
b7e724502413fd3abe2a0d9c888f825fe6a967355791a500819caa3ca66ec97f,2021-07,Cumbria Constabulary,Cumbria Constabulary,-3.219826,54.121903,On or near Warwick Street,E01019170,Barrow-in-Furness 005D,Criminal damage and arson,Unable to prosecute suspect,
0385f906e453c21d8f432d925d96e883faff773aa465532385ff9ac0444a6654,2021-07,Cumbria Constabulary,Cumbria Constabulary,-3.223043,54.123101,On or near Highfield Road,E01019170,Barrow-in-Furness 005D,Criminal damage and arson,Investigation complete; no suspect identified,
5ba775c1bc2895b521837c70ea93bbdecdb829485690da61f5708dc3e8419399,2021-07,Cumbria Constabulary,Cumbria Constabulary,-3.223187,54.122246,On or near Bedford Street,E01019170,Barrow-in-Furness 005D,Criminal damage and arson,Unable to prosecute suspect,
29e6b1cb0bc199418d9d6a807198ae505cf6ea74e1ac786d092bbd0dd7ae73c3,2021-07,Cumbria Constabulary,Cumbria Constabulary,-3.223187,54.122246,On or near Bedford Street,E01019170,Barrow-in-Furness 005D,Criminal damage and arson,Local resolution,
59053d7afff74fae56d439caf329596a284f623278492d6ea694643bf9c3e6a7,2021-07,Cumbria Constabulary,Cumbria Constabulary,-3.219635,54.123738,On or near Victoria Road,E01019170,Barrow-in-Furness 005D,Criminal damage and arson,Investigation complete; no suspect identified,
4e6228905c255b49569b9526b3c8995fc09b26d400f3adbc45b5668d2d12ae88,2021-07,Cumbria Constabulary,Cumbria Constabulary,-3.219241,54.122852,On or near Windsor Street,E01019170,Barrow-in-Furness 005D,Criminal damage and arson,Further action is not in the public interest,
5e633ff6b0a605badcbcba6c7cf4ed42c6a377519cb3436f67f84d5858eab25a,2021-07,Cumbria Constabulary,Cumbria Constabulary,-3.219635,54.123738,On or near Victoria Road,E01019170,Barrow-in-Furness 005D,Criminal damage and arson,Unable to prosecute suspect,
8ca2357d308fbce3362343d6dca9bb3be44f7187edb2fd954120a167b973165d,2021-07,Cumbria Constabulary,Cumbria Constabulary,-3.223043,54.123101,On or near Highfield Road,E01019170,Barrow-in-Furness 005D,Criminal damage and arson,Awaiting court outcome,
67ddcd344f9e285079cbe83ff81b67ac623d61fe592a0599e18139b207cdaed2,2021-07,Cumbria Constabulary,Cumbria Constabulary,-3.219826,54.121903,On or near Warwick Street,E01019170,Barrow-in-Furness 005D,Drugs,Court result unavailable,
3d91712bd7c6f0caafc0b41357dee8fdd0700100ee2b0eedcfd207affaf0cb1d,2021-07,Cumbria Constabulary,Cumbria Constabulary,-3.219635,54.123738,On or near Victoria Road,E01019170,Barrow-in-Furness 005D,Other theft,Investigation complete; no suspect identified,
f681dd0e5f328575c69adc3325e8be987d14b6f98fd95cca13beb099e47b667e,2021-07,Cumbria Constabulary,Cumbria Constabulary,-3.219241,54.122852,On or near Windsor Street,E01019170,Barrow-in-Furness 005D,Public order,Unable to prosecute suspect,
0ca5cd4b0efe68442abfab905d4348da2141c19414e3f5b2d02048052860254a,2021-07,Cumbria Constabulary,Cumbria Constabulary,-3.223043,54.123101,On or near Highfield Road,E01019170,Barrow-in-Furness 005D,Public order,Unable to prosecute suspect,
0cf9c7139535622e6f28d8cae830feef7bcc68e2980640b72e720c713f0f62b9,2021-07,Cumbria Constabulary,Cumbria Constabulary,-3.221322,54.124395,On or near Supermarket,E01019170,Barrow-in-Furness 005D,Violence and sexual offences,Unable to prosecute suspect,
edde52d7cc7923e32c80a190cdd1938f9b94a78026d189ac5cb71f8e4a0688d1,2021-07,Cumbria Constabulary,Cumbria Constabulary,-3.221322,54.124395,On or near Supermarket,E01019170,Barrow-in-Furness 005D,Violence and sexual offences,Unable to prosecute suspect,
f318a57fc3ad43f303d24faf83df39c357f20f5995c5f04222d46dea7b6d4f23,2021-07,Cumbria Constabulary,Cumbria Constabulary,-3.219241,54.122852,On or near Windsor Street,E01019170,Barrow-in-Furness 005D,Violence and sexual offences,Further action is not in the public interest,
3edd0be0462a830c2f217fb793b2c417aa962ed052a09d7ef89fd5583fc82246,2021-07,Cumbria Constabulary,Cumbria Constabulary,-3.219241,54.122852,On or near Windsor Street,E01019170,Barrow-in-Furness 005D,Violence and sexual offences,Further action is not in the public interest,
a1d911ead82e9ea91a1ebb2b090f292d8e1ac66b668b5154751031b1406d6d27,2021-07,Cumbria Constabulary,Cumbria Constabulary,-3.219826,54.121903,On or near Warwick Street,E01019170,Barrow-in-Furness 005D,Violence and sexual offences,Unable to prosecute suspect,
ce2071c6ad2cd8f301ed39305d425ebd02d248db1b0d77fd3a361bd5429f9d89,2021-07,Cumbria Constabulary,Cumbria Constabulary,-3.219241,54.122852,On or near Windsor Street,E01019170,Barrow-in-Furness 005D,Violence and sexual offences,Further action is not in the public interest,
1ab2729d3282ed244544473ee6f30b13200fc5fc16b96f0d20cdcb4e5ff9b86c,2021-07,Cumbria Constabulary,Cumbria Constabulary,-3.221322,54.124395,On or near Supermarket,E01019170,Barrow-in-Furness 005D,Violence and sexual offences,Unable to prosecute suspect,
96800b778c003baf94a96581bab72b5ebc7d5ceea7cf41a5f567f68382f21529,2021-07,Cumbria Constabulary,Cumbria Constabulary,-3.219241,54.122852,On or near Windsor Street,E01019170,Barrow-in-Furness 005D,Violence and sexual offences,Further action is not in the public interest,
583a006943cf4a6f076401e0cc8c81fe8a2f85a2a920278dc6ddfafdaa895c68,2021-07,Cumbria Constabulary,Cumbria Constabulary,-3.222085,54.120693,On or near Stafford Street,E01019171,Barrow-in-Furness 005E,Criminal damage and arson,Investigation complete; no suspect identified,
6dc597061be43c6518a83c5418932bda7505cbddb528f46b66f97413b10caa50,2021-07,Cumbria Constabulary,Cumbria Constabulary,-3.226396,54.120560,On or near West Gate Road,E01019171,Barrow-in-Furness 005E,Criminal damage and arson,Investigation complete; no suspect identified,
426a23c7eb851d2c02c1db45c33b1c173164d15b5b271c1c292366b0b9b56fc9,2021-07,Cumbria Constabulary,Cumbria Constabulary,-3.226396,54.120560,On or near West Gate Road,E01019171,Barrow-in-Furness 005E,Criminal damage and arson,Investigation complete; no suspect identified,
b24c6ecf62c5b1b8e61c42645c2b2d88a508f57d34c6427ef1a5b532631fa339,2021-07,Cumbria Constabulary,Cumbria Constabulary,-3.226396,54.120560,On or near West Gate Road,E01019171,Barrow-in-Furness 005E,Criminal damage and arson,Investigation complete; no suspect identified,
fc321be0979728e551d248aef20bf018b5d018f6920565ea952a918a4c7754ae,2021-07,Cumbria Constabulary,Cumbria Constabulary,-3.224119,54.118066,On or near Pedestrian Subway,E01019171,Barrow-in-Furness 005E,Criminal damage and arson,Unable to prosecute suspect,
ca806a45731b07ea3283e105f2aae7e92c58d1b8bfbe826a3e639a03f9b3630a,2021-07,Cumbria Constabulary,Cumbria Constabulary,-3.225265,54.121137,On or near Westmorland Street,E01019171,Barrow-in-Furness 005E,Criminal damage and arson,Investigation complete; no suspect identified,
6f7413f376419ec1a31b08e4268be8bed6134ac596ec186c1158cf816b4fa996,2021-07,Cumbria Constabulary,Cumbria Constabulary,-3.222085,54.120693,On or near Stafford Street,E01019171,Barrow-in-Furness 005E,Criminal damage and arson,Investigation complete; no suspect identified,
ed07731ef9f01d6b960172f6d95246ed497224322331d9f58ab6ed526a68ba9e,2021-07,Cumbria Constabulary,Cumbria Constabulary,-3.226396,54.120560,On or near West Gate Road,E01019171,Barrow-in-Furness 005E,Criminal damage and arson,Investigation complete; no suspect identified,
8a83fc391a14e53a579f1c4633b85af99bb0c17a65f66663491b0331eecc97d9,2021-07,Cumbria Constabulary,Cumbria Constabulary,-3.226396,54.120560,On or near West Gate Road,E01019171,Barrow-in-Furness 005E,Criminal damage and arson,Investigation complete; no suspect identified,
758719368d5dcc5b631bcb6396866f6418c521ce56494500ffb04bc71455115e,2021-07,Cumbria Constabulary,Cumbria Constabulary,-3.224119,54.118066,On or near Pedestrian Subway,E01019171,Barrow-in-Furness 005E,Public order,Unable to prosecute suspect,
0164cd07b12bc72397061dae92f45a48455988ef74898572e83a3dd53bf44e5f,2021-07,Cumbria Constabulary,Cumbria Constabulary,-3.222085,54.120693,On or near Stafford Street,E01019171,Barrow-in-Furness 005E,Public order,Unable to prosecute suspect,
03c3d7378574588f05955cb8aea6925a6deb1765b6ebe13b37a5105a9dd85786,2021-07,Cumbria Constabulary,Cumbria Constabulary,-3.223596,54.121092,On or near Supermarket,E01019171,Barrow-in-Furness 005E,Shoplifting,Unable to prosecute suspect,
55389122cfe6c4aa450fe6713d3af1064ecabe56bc43743177cc4f7f89cc5efc,2021-07,Cumbria Constabulary,Cumbria Constabulary,-3.225265,54.121137,On or near Westmorland Street,E01019171,Barrow-in-Furness 005E,Violence and sexual offences,Unable to prosecute suspect,
deb8f4f4a9fda61a32282c529c6039e4dc94fce2a92374def073687b13326ffd,2021-07,Cumbria Constabulary,Cumbria Constabulary,-3.224119,54.118066,On or near Pedestrian Subway,E01019171,Barrow-in-Furness 005E,Violence and sexual offences,Unable to prosecute suspect,
c7019f0bf99a7ebdf081fb0de2292eeb5771f8735893805895e06cc91463ad4b,2021-07,Cumbria Constabulary,Cumbria Constabulary,-3.223577,54.119923,On or near Cragg Street,E01019171,Barrow-in-Furness 005E,Violence and sexual offences,Further action is not in the public interest,
ad727964651c5daf5e7381f9ae453c173e1b49a632165997e94f70c67ce4a8f5,2021-07,Cumbria Constabulary,Cumbria Constabulary,-3.224025,54.121608,On or near Lancaster Street,E01019171,Barrow-in-Furness 005E,Violence and sexual offences,Further action is not in the public interest,
,2021-07,Cumbria Constabulary,Cumbria Constabulary,-3.202385,54.112497,On or near Crozier Close,E01019161,Barrow-in-Furness 006A,Anti-social behaviour,,
,2021-07,Cumbria Constabulary,Cumbria Constabulary,-3.200840,54.114607,On or near Cloisters Avenue,E01019161,Barrow-in-Furness 006A,Anti-social behaviour,,
36f4889d75237facfeac4da202cae1a479cba356dc7ace7bd3c0fa843c09f9b1,2021-07,Cumbria Constabulary,Cumbria Constabulary,-3.204275,54.121224,On or near Middleton Avenue,E01019161,Barrow-in-Furness 006A,Burglary,Awaiting court outcome,
0adabd0abd81d8743292b2977f4c7edbf0a2a94fec8efc0132c35c819b906b42,2021-07,Cumbria Constabulary,Cumbria Constabulary,-3.196055,54.118447,On or near Norham Close,E01019161,Barrow-in-Furness 006A,Burglary,Investigation complete; no suspect identified,
26126068db4ad4a62385dc6af1939215972f6188d234add7c7cd6540708226b6,2021-07,Cumbria Constabulary,Cumbria Constabulary,-3.199357,54.115152,On or near Urswick Green,E01019161,Barrow-in-Furness 006A,Criminal damage and arson,Investigation complete; no suspect identified,
86ce1bae5d603290fb5acef903b1726ac9904dc2aac61b86600dc40a44841936,2021-07,Cumbria Constabulary,Cumbria Constabulary,-3.198055,54.117232,On or near Flass Meadows,E01019161,Barrow-in-Furness 006A,Other theft,Unable to prosecute suspect,
7e053f362adb2ea281c5f93941ddc8b74c568a95864609c00c067b2e77d90377,2021-07,Cumbria Constabulary,Cumbria Constabulary,-3.199724,54.115696,On or near Bardsea Road,E01019161,Barrow-in-Furness 006A,Violence and sexual offences,Unable to prosecute suspect,
fd8643d7d454b092d0675c9df75c51e91d12737dbe16ab695504f4501e97d65d,2021-07,Cumbria Constabulary,Cumbria Constabulary,-3.199902,54.116548,On or near Gleaston Avenue,E01019161,Barrow-in-Furness 006A,Violence and sexual offences,Unable to prosecute suspect,
a62edd4f32536e2874e76aea81e1e0cc4e84704b2240b95409fe8d282e1614bb,2021-07,Cumbria Constabulary,Cumbria Constabulary,-3.199724,54.115696,On or near Bardsea Road,E01019161,Barrow-in-Furness 006A,Violence and sexual offences,Unable to prosecute suspect,
0e69ba8cc0b15e47a3188b168986547fc49de50f853bba449783d88fd2a883ba,2021-07,Cumbria Constabulary,Cumbria Constabulary,-3.199724,54.115696,On or near Bardsea Road,E01019161,Barrow-in-Furness 006A,Violence and sexual offences,Unable to prosecute suspect,
,2021-07,Cumbria Constabulary,Cumbria Constabulary,-3.186485,54.116574,On or near Acacia Close,E01019176,Barrow-in-Furness 006B,Anti-social behaviour,,
f41269f8410c569e6ed436d85e09caa8d70659026f5e151c214a0d8f1c10bbfd,2021-07,Cumbria Constabulary,Cumbria Constabulary,-3.186485,54.116574,On or near Acacia Close,E01019176,Barrow-in-Furness 006B,Public order,Unable to prosecute suspect,
6691c9be14c045313f99b4d831979bcddd3f0df35b67b6cc0a831c2e67cfa564,2021-07,Cumbria Constabulary,Cumbria Constabulary,-3.186485,54.116574,On or near Acacia Close,E01019176,Barrow-in-Furness 006B,Public order,Unable to prosecute suspect,
06e1ee516db16328206a11b08655fc320d0fb2a965cd59c27200612fff03858c,2021-07,Cumbria Constabulary,Cumbria Constabulary,-3.186485,54.116574,On or near Acacia Close,E01019176,Barrow-in-Furness 006B,Violence and sexual offences,Unable to prosecute suspect,
27f5308ec0c2d9be0f797148fc91c54358d9065a357077eec6a4cc9f663c535f,2021-07,Cumbria Constabulary,Cumbria Constabulary,-3.186485,54.116574,On or near Acacia Close,E01019176,Barrow-in-Furness 006B,Violence and sexual offences,Unable to prosecute suspect,
,2021-07,Cumbria Constabulary,Cumbria Constabulary,-3.196661,54.112905,On or near Roose Road,E01019177,Barrow-in-Furness 006C,Anti-social behaviour,,
b0a45989df9800275162434934069bd3c4b9bb65f69f49ef8f50b8a7c2f24782,2021-07,Cumbria Constabulary,Cumbria Constabulary,-3.200768,54.111066,On or near Westway,E01019177,Barrow-in-Furness 006C,Bicycle theft,Awaiting court outcome,
4d215ed22bc165dc62b27a0918bd16c01559f4e9458897aeb73ddb84ae6f11e1,2021-07,Cumbria Constabulary,Cumbria Constabulary,-3.191596,54.114465,On or near A5087,E01019177,Barrow-in-Furness 006C,Criminal damage and arson,Investigation complete; no suspect identified,
87b6f4a43cc7f86e822e58e956607368cb607a4ba71a741aaf0011981d5d5c94,2021-07,Cumbria Constabulary,Cumbria Constabulary,-3.191596,54.114465,On or near A5087,E01019177,Barrow-in-Furness 006C,Criminal damage and arson,Investigation complete; no suspect identified,
ffd3b9851179b4728c049765fd90d20c1dd55ce8e5b73a5b417742e8d95d73c4,2021-07,Cumbria Constabulary,Cumbria Constabulary,-3.199530,54.112148,On or near Piel View Grove,E01019177,Barrow-in-Furness 006C,Possession of weapons,Awaiting court outcome,
921488b8f720d3d89cb5b9e92af9fbe2abfb44f97064d33a25ce10de58b01904,2021-07,Cumbria Constabulary,Cumbria Constabulary,-3.200768,54.111066,On or near Westway,E01019177,Barrow-in-Furness 006C,Public order,Unable to prosecute suspect,
41c0a138cfcd4dcf43ad2a17bc0f35fe8221d6f8b4a313f59872a1a3ac04016e,2021-07,Cumbria Constabulary,Cumbria Constabulary,-3.199530,54.112148,On or near Piel View Grove,E01019177,Barrow-in-Furness 006C,Public order,Further investigation is not in the public interest,
930dcf8d2b04ebec0e8e22adc823ebc5afbfd24afb6b1605db2dc40744f3b680,2021-07,Cumbria Constabulary,Cumbria Constabulary,-3.199212,54.111198,On or near Broadway,E01019177,Barrow-in-Furness 006C,Public order,Investigation complete; no suspect identified,
28d9101b291f1da44096266df32987ef845f28d6404b3061cde6a36707981a4c,2021-07,Cumbria Constabulary,Cumbria Constabulary,-3.195272,54.115678,On or near Supermarket,E01019177,Barrow-in-Furness 006C,Shoplifting,Court result unavailable,
b509fcb75aabdb79da2039b31f9661377a6bcfa3c5d17acd4fa0c2b4e9aa0f9c,2021-07,Cumbria Constabulary,Cumbria Constabulary,-3.195272,54.115678,On or near Supermarket,E01019177,Barrow-in-Furness 006C,Shoplifting,Awaiting court outcome,
6bd508d62e8ef0183d1a6169184f059b38b31efad42a8ab489219dac3a74ae02,2021-07,Cumbria Constabulary,Cumbria Constabulary,-3.196252,54.112522,On or near Thrums Street,E01019177,Barrow-in-Furness 006C,Violence and sexual offences,Unable to prosecute suspect,
b162807b90c167fe788213aa8586005d0dc37d0905fed852898aa85b0f233e58,2021-07,Cumbria Constabulary,Cumbria Constabulary,-3.196252,54.112522,On or near Thrums Street,E01019177,Barrow-in-Furness 006C,Violence and sexual offences,Investigation complete; no suspect identified,
,2021-07,Cumbria Constabulary,Cumbria Constabulary,-3.190672,54.114267,On or near Sports/Recreation Area,E01019178,Barrow-in-Furness 006D,Anti-social behaviour,,
9956de34f8793e26f8f4083bce16746c20e83c3669dc14a06187b6d46a22d78c,2021-07,Cumbria Constabulary,Cumbria Constabulary,-3.191411,54.112274,On or near West Row,E01019178,Barrow-in-Furness 006D,Other theft,Investigation complete; no suspect identified,
b5cec3dd7f76e86067e582848acfd97d51ea74af3100be4cc4c3cd1a4cd1ab1f,2021-07,Cumbria Constabulary,Cumbria Constabulary,-3.162747,54.087262,On or near Hall Garth,E01019178,Barrow-in-Furness 006D,Other theft,Unable to prosecute suspect,
0ac6b7a190a3dae85a3a9969a515f1c7feb9bd11d9c7d4bb51a32959baa29512,2021-07,Cumbria Constabulary,Cumbria Constabulary,-3.191411,54.112274,On or near West Row,E01019178,Barrow-in-Furness 006D,Other theft,Investigation complete; no suspect identified,
4e65cd4801aaf6e8f36d1a591cd7d7d6d8c52ad475f91bc0085a9b183a63eb09,2021-07,Cumbria Constabulary,Cumbria Constabulary,-3.187840,54.113109,On or near Belsfield,E01019178,Barrow-in-Furness 006D,Vehicle crime,Investigation complete; no suspect identified,
df1ce9f6a4f62673fcc36d99a3cf2683ff9df9b8814029a4a6c3d995dbe615b9,2021-07,Cumbria Constabulary,Cumbria Constabulary,-3.192898,54.110785,On or near Redshaw Avenue,E01019178,Barrow-in-Furness 006D,Violence and sexual offences,Unable to prosecute suspect,
,2021-07,Cumbria Constabulary,Cumbria Constabulary,-3.211738,54.108511,On or near Vulcan Road,E01019140,Barrow-in-Furness 007A,Anti-social behaviour,,
722e79db6d99a15daa4306cafc56e42af3e7202ae894d16516236353a6970ac7,2021-07,Cumbria Constabulary,Cumbria Constabulary,-3.214963,54.109989,On or near Pottery Street,E01019140,Barrow-in-Furness 007A,Burglary,Investigation complete; no suspect identified,
cd727bc529fbc3e17766d12c926dc31b4dfb83f76f35853cd17084009836692a,2021-07,Cumbria Constabulary,Cumbria Constabulary,-3.214280,54.109636,On or near Myerscough Street,E01019140,Barrow-in-Furness 007A,Burglary,Unable to prosecute suspect,
ea92ad2205fa16f6aef9b584131c15e0d7fed10626e5f9599aa30d3694d22460,2021-07,Cumbria Constabulary,Cumbria Constabulary,-3.216202,54.112610,On or near Caledonian Close,E01019140,Barrow-in-Furness 007A,Criminal damage and arson,Investigation complete; no suspect identified,
2fbbb0cc51af880adb535dd02da7c9d4c415904643a841e759a7a6c72c94baf9,2021-07,Cumbria Constabulary,Cumbria Constabulary,-3.211738,54.108511,On or near Vulcan Road,E01019140,Barrow-in-Furness 007A,Criminal damage and arson,Local resolution,
4dba414a8299011bd257b5732aeafa19ebee7c966b16fd47c53afafe23fd8655,2021-07,Cumbria Constabulary,Cumbria Constabulary,-3.211738,54.108511,On or near Vulcan Road,E01019140,Barrow-in-Furness 007A,Public order,Unable to prosecute suspect,
f0a56acec7fc5f00c17897027f2e38e3a38b667373140661a1d93b4e5a15636e,2021-07,Cumbria Constabulary,Cumbria Constabulary,-3.211832,54.109095,On or near Brathay Crescent,E01019140,Barrow-in-Furness 007A,Vehicle crime,Investigation complete; no suspect identified,
134f74ea3dc90a49f21f14d1a2f5adbac0aa80d27db47248fa4c1de953c35dc2,2021-07,Cumbria Constabulary,Cumbria Constabulary,-3.214890,54.111140,On or near Mosley Street,E01019140,Barrow-in-Furness 007A,Violence and sexual offences,Unable to prosecute suspect,
563ed5799afc8632a304c46cd3d62614765fdbe7ef587eb68fbb6cba795296c1,2021-07,Cumbria Constabulary,Cumbria Constabulary,-3.211738,54.108511,On or near Vulcan Road,E01019140,Barrow-in-Furness 007A,Violence and sexual offences,Unable to prosecute suspect,
025da59295a13d1e05f541bf0f5e00bc98d7c68c371320a31f6f2454022b56d5,2021-07,Cumbria Constabulary,Cumbria Constabulary,-3.214890,54.111140,On or near Mosley Street,E01019140,Barrow-in-Furness 007A,Violence and sexual offences,Unable to prosecute suspect,
596a33ffe409c7c1fc2bf1c21ca47022eabe729cabeede7b0086da392dcb9b45,2021-07,Cumbria Constabulary,Cumbria Constabulary,-3.212907,54.110306,On or near New Street,E01019140,Barrow-in-Furness 007A,Violence and sexual offences,Unable to prosecute suspect,
c2b4938a6d1c7b738ea180ab8fb9a3811dee1a9b23ae30da56b08cf3eeeca75e,2021-07,Cumbria Constabulary,Cumbria Constabulary,-3.211738,54.108511,On or near Vulcan Road,E01019140,Barrow-in-Furness 007A,Violence and sexual offences,Unable to prosecute suspect,
,2021-07,Cumbria Constabulary,Cumbria Constabulary,-3.206393,54.119863,On or near Denton Road,E01019160,Barrow-in-Furness 007B,Anti-social behaviour,,
,2021-07,Cumbria Constabulary,Cumbria Constabulary,-3.206393,54.119863,On or near Denton Road,E01019160,Barrow-in-Furness 007B,Anti-social behaviour,,
,2021-07,Cumbria Constabulary,Cumbria Constabulary,-3.206982,54.120118,On or near Hempland Avenue,E01019160,Barrow-in-Furness 007B,Anti-social behaviour,,
,2021-07,Cumbria Constabulary,Cumbria Constabulary,-3.206661,54.121703,On or near Risingside,E01019160,Barrow-in-Furness 007B,Anti-social behaviour,,
67d76801f01711f6a26f25e824b3a2d64331b9eef78daffead17d69173426a78,2021-07,Cumbria Constabulary,Cumbria Constabulary,-3.208521,54.121469,On or near Newbarns Court,E01019160,Barrow-in-Furness 007B,Criminal damage and arson,Unable to prosecute suspect,
74f56ecdc890dc4b98a308391fd9fa160cd2b2c72b45dcc1968fdf429eb5296b,2021-07,Cumbria Constabulary,Cumbria Constabulary,-3.208200,54.119899,On or near Ewan Close,E01019160,Barrow-in-Furness 007B,Drugs,Court result unavailable,
038eee383c23b52959c96a3f3fd9b0dfc25897872fe176d5ad401d874759ce7b,2021-07,Cumbria Constabulary,Cumbria Constabulary,-3.207844,54.122401,On or near Laurence Avenue,E01019160,Barrow-in-Furness 007B,Other theft,Unable to prosecute suspect,
8e8f12f8dd2ac38aa42b5287bc52b8ce51971bf1e1e2d8de63ef5c28d11d26f0,2021-07,Cumbria Constabulary,Cumbria Constabulary,-3.207118,54.122175,On or near Hare Ghyll,E01019160,Barrow-in-Furness 007B,Public order,Local resolution,
50393123da95cd56d4f5106c6ceec26b628ad035d9e390e1a7682a032092e58e,2021-07,Cumbria Constabulary,Cumbria Constabulary,-3.206393,54.119863,On or near Denton Road,E01019160,Barrow-in-Furness 007B,Public order,Unable to prosecute suspect,
4866535f8e33e414b80ae34c2e1044ae82c1260513909445a69f5ee1ea0f04f0,2021-07,Cumbria Constabulary,Cumbria Constabulary,-3.206661,54.121703,On or near Risingside,E01019160,Barrow-in-Furness 007B,Violence and sexual offences,Unable to prosecute suspect,
,2021-07,Cumbria Constabulary,Cumbria Constabulary,-3.203158,54.112229,On or near Friars Lane,E01019172,Barrow-in-Furness 007C,Anti-social behaviour,,
,2021-07,Cumbria Constabulary,Cumbria Constabulary,-3.203044,54.110423,On or near Longway,E01019172,Barrow-in-Furness 007C,Anti-social behaviour,,
dc82ea9cacc0cb5bc50e593dd0bef1d80c4245a5e37c6d0945fba516cf5029a7,2021-07,Cumbria Constabulary,Cumbria Constabulary,-3.207393,54.111108,On or near Cambridge Street,E01019172,Barrow-in-Furness 007C,Burglary,Investigation complete; no suspect identified,
bfe2d8e5bd65345c7c889398b36989a687af0e13a41250547fc98aaec22a552f,2021-07,Cumbria Constabulary,Cumbria Constabulary,-3.207244,54.110183,On or near North Street,E01019172,Barrow-in-Furness 007C,Criminal damage and arson,Further investigation is not in the public interest,
fa90ac2cd2dff602f5c2df5f91bcc0d744e58d9271ff97002086091f19b17af8,2021-07,Cumbria Constabulary,Cumbria Constabulary,-3.207980,54.112351,On or near Gloucester Street,E01019172,Barrow-in-Furness 007C,Criminal damage and arson,Unable to prosecute suspect,
61ae38e8d0add55cdfff2306d947e784b625c03d9f0f21c6bd0f120e59ac277c,2021-07,Cumbria Constabulary,Cumbria Constabulary,-3.208174,54.110075,On or near Frederick Street,E01019172,Barrow-in-Furness 007C,Criminal damage and arson,Investigation complete; no suspect identified,
e99314cc438c59cabdfe00bd628fb79683faea669cbd297e641737092192c265,2021-07,Cumbria Constabulary,Cumbria Constabulary,-3.206526,54.109687,On or near Salthouse Road,E01019172,Barrow-in-Furness 007C,Violence and sexual offences,Unable to prosecute suspect,
efa79cd615182013db87f18f740cb87daae72e3e42db54eaf8100658505a1c72,2021-07,Cumbria Constabulary,Cumbria Constabulary,-3.206083,54.111274,On or near Supermarket,E01019172,Barrow-in-Furness 007C,Violence and sexual offences,Unable to prosecute suspect,
1d77f60c8944de9d02cae93305249c656257b889225c0f4e8f3977a8c2afcaf1,2021-07,Cumbria Constabulary,Cumbria Constabulary,-3.206083,54.111274,On or near Supermarket,E01019172,Barrow-in-Furness 007C,Violence and sexual offences,Unable to prosecute suspect,
4ebab4915127d5cb1e5119dc7e8d731223f24bf4495dbe15d67eebc2f2aa481c,2021-07,Cumbria Constabulary,Cumbria Constabulary,-3.207980,54.112351,On or near Gloucester Street,E01019172,Barrow-in-Furness 007C,Violence and sexual offences,Unable to prosecute suspect,
b65ef27691137d7c4fe82dda265118d556aed85d49f8fb4c84e006f01ce4168f,2021-07,Cumbria Constabulary,Cumbria Constabulary,-3.206625,54.109920,On or near Sherwin Street,E01019172,Barrow-in-Furness 007C,Violence and sexual offences,Further investigation is not in the public interest,
5dd4c528eef41447f9da61cec6892d94870967e8f432095db5f09db642e05e96,2021-07,Cumbria Constabulary,Cumbria Constabulary,-3.205079,54.110421,On or near St Luke'S Avenue,E01019172,Barrow-in-Furness 007C,Violence and sexual offences,Further investigation is not in the public interest,
eba1d7de6327ab273de57e0b31c4fecc93628153e1f1a14b33707d921d0fd608,2021-07,Cumbria Constabulary,Cumbria Constabulary,-3.208772,54.112217,On or near Moorfield Street,E01019172,Barrow-in-Furness 007C,Violence and sexual offences,Unable to prosecute suspect,
a2cddf53da75fc9e8f0a4f040540f103af31cac699d53d73e258afe038cf8bbe,2021-07,Cumbria Constabulary,Cumbria Constabulary,-3.204473,54.113276,On or near Provincial Street,E01019172,Barrow-in-Furness 007C,Violence and sexual offences,Unable to prosecute suspect,
b6bc8f08f61fc79fba499a2c6a2bdde8cbefbb3542e2814bcc6fd785822f5db9,2021-07,Cumbria Constabulary,Cumbria Constabulary,-3.206130,54.115012,On or near Abbots Vale,E01019172,Barrow-in-Furness 007C,Violence and sexual offences,Further action is not in the public interest,
8020e416cdb99f26b293eeb22f12e6108705dc9b4ab999c408724dc3c6ea4bb8,2021-07,Cumbria Constabulary,Cumbria Constabulary,-3.205079,54.110421,On or near St Luke'S Avenue,E01019172,Barrow-in-Furness 007C,Violence and sexual offences,Investigation complete; no suspect identified,
,2021-07,Cumbria Constabulary,Cumbria Constabulary,-3.209666,54.111939,On or near Kent Street,E01019173,Barrow-in-Furness 007D,Anti-social behaviour,,
,2021-07,Cumbria Constabulary,Cumbria Constabulary,-3.209666,54.111939,On or near Kent Street,E01019173,Barrow-in-Furness 007D,Anti-social behaviour,,
514e3cd9195055e48a1b438bccb85c92a316bce6c177c124d48ee5ab16c9282f,2021-07,Cumbria Constabulary,Cumbria Constabulary,-3.211229,54.110988,On or near Consett Street,E01019173,Barrow-in-Furness 007D,Burglary,Awaiting court outcome,
27075a03ccd4da57784436efc4c7ff9fe8db410bd5e10e61f883e699a60aaa84,2021-07,Cumbria Constabulary,Cumbria Constabulary,-3.209980,54.113275,On or near Brook Street,E01019173,Barrow-in-Furness 007D,Other theft,Investigation complete; no suspect identified,
ebbd8d3cd5e457ef56a4088a8580238766761cc17d01f5469bed7e0b04130ce3,2021-07,Cumbria Constabulary,Cumbria Constabulary,-3.211935,54.114208,On or near Cecil Street,E01019173,Barrow-in-Furness 007D,Public order,Unable to prosecute suspect,
7b74a55f2cefcc1e00da12b6494937e22404765d3394220f412e7efad6ebe198,2021-07,Cumbria Constabulary,Cumbria Constabulary,-3.209980,54.113275,On or near Brook Street,E01019173,Barrow-in-Furness 007D,Public order,Investigation complete; no suspect identified,
79c26d1ea2fe480c29960ec2845c4da873412fc24844bcec41841b79dbda05b1,2021-07,Cumbria Constabulary,Cumbria Constabulary,-3.212455,54.111048,On or near Durham Street,E01019173,Barrow-in-Furness 007D,Violence and sexual offences,Unable to prosecute suspect,
af87598575d0e13991c331224a2edf235b4095fd6f3a0176eb4b9a8e2659b1f8,2021-07,Cumbria Constabulary,Cumbria Constabulary,-3.210821,54.113770,On or near Leicester Street,E01019173,Barrow-in-Furness 007D,Violence and sexual offences,Further investigation is not in the public interest,
6e4a8e73fc4a0a8a3f504bd856370108b996b6db5be02306aa6d3db1ddaac60e,2021-07,Cumbria Constabulary,Cumbria Constabulary,-3.209490,54.113244,On or near Risedale Road,E01019173,Barrow-in-Furness 007D,Violence and sexual offences,Unable to prosecute suspect,
07099341626c435d1515b39992ae9cdad1e742396784db84b7f8f1151386a5fc,2021-07,Cumbria Constabulary,Cumbria Constabulary,-3.212455,54.111048,On or near Durham Street,E01019173,Barrow-in-Furness 007D,Violence and sexual offences,Unable to prosecute suspect,
8895c7cbd27d98da7eea21d8698970241ca609b9d905986d35d48b366e838c8a,2021-07,Cumbria Constabulary,Cumbria Constabulary,-3.212455,54.111048,On or near Durham Street,E01019173,Barrow-in-Furness 007D,Violence and sexual offences,Unable to prosecute suspect,
5bee997f734a0c4ca7417ac36241389570cd388d45f9bc4e0efc8aea6c8d1e2c,2021-07,Cumbria Constabulary,Cumbria Constabulary,-3.216651,54.114852,On or near Fife Street,E01019174,Barrow-in-Furness 007E,Burglary,Awaiting court outcome,
21496662300798cf361effe686d2e97cdb9c7d897c50160e555617d876973321,2021-07,Cumbria Constabulary,Cumbria Constabulary,-3.215446,54.113426,On or near Mardale Grove,E01019174,Barrow-in-Furness 007E,Criminal damage and arson,Unable to prosecute suspect,
d523d94a34c15df917edd83397b2807aaec56e570799b71434756826e43b41d7,2021-07,Cumbria Constabulary,Cumbria Constabulary,-3.213162,54.113270,On or near Jarrow Street,E01019174,Barrow-in-Furness 007E,Drugs,Local resolution,
ffb302e9f0893139cdd20182fc9e2e39f1a2750da67aa3cc517ad09f22caf58e,2021-07,Cumbria Constabulary,Cumbria Constabulary,-3.215446,54.113426,On or near Mardale Grove,E01019174,Barrow-in-Furness 007E,Public order,Unable to prosecute suspect,
eef4f0f56af0178b53808c866bc5fcf63ba03687e25926a084a88a05007919c5,2021-07,Cumbria Constabulary,Cumbria Constabulary,-3.215446,54.113426,On or near Mardale Grove,E01019174,Barrow-in-Furness 007E,Violence and sexual offences,Further investigation is not in the public interest,
4622fd9b61ff3da312f5734675bbc5484245b511d6ab3e1fda2e6a800a952d95,2021-07,Cumbria Constabulary,Cumbria Constabulary,-3.214124,54.113197,On or near Langdale Grove,E01019174,Barrow-in-Furness 007E,Violence and sexual offences,Unable to prosecute suspect,
9171a1c917c749ab08063eced0bef2965add84cb0990796878d6be4c1637adbc,2021-07,Cumbria Constabulary,Cumbria Constabulary,-3.213162,54.113270,On or near Jarrow Street,E01019174,Barrow-in-Furness 007E,Violence and sexual offences,Unable to prosecute suspect,
b1d1a357abd32c127b503b9f470f88ef01eaa61f6b6dcc8b3d165daa76a6d672,2021-07,Cumbria Constabulary,Cumbria Constabulary,-3.215446,54.113426,On or near Mardale Grove,E01019174,Barrow-in-Furness 007E,Violence and sexual offences,Unable to prosecute suspect,
1a4ab2658c8d41f323713f537412032d33a1326c1b4c2cfd35a61b66952b828a,2021-07,Cumbria Constabulary,Cumbria Constabulary,-3.215446,54.113426,On or near Mardale Grove,E01019174,Barrow-in-Furness 007E,Violence and sexual offences,Unable to prosecute suspect,
d117d2d0b097283eef4f6844d112ab2fb798aca58e9ad27bd46977c8b6c1debf,2021-07,Cumbria Constabulary,Cumbria Constabulary,-3.215446,54.113426,On or near Mardale Grove,E01019174,Barrow-in-Furness 007E,Violence and sexual offences,Unable to prosecute suspect,
c5fcafc2d9e7a0f8a862b0884cb084df9fcdfaff8715c97af8b0b32ea442aa08,2021-07,Cumbria Constabulary,Cumbria Constabulary,-3.216651,54.114852,On or near Fife Street,E01019174,Barrow-in-Furness 007E,Violence and sexual offences,Court result unavailable,
bbe055e235fcd1eeaa16f3f1df48ac5a16a13afcc39055566bb2d7eb0a4e19bb,2021-07,Cumbria Constabulary,Cumbria Constabulary,-3.213162,54.113270,On or near Jarrow Street,E01019174,Barrow-in-Furness 007E,Violence and sexual offences,Unable to prosecute suspect,
a0b21948b75a9fea5377515dbad8021c69e9e8f50e28677d2d155110acf5dde6,2021-07,Cumbria Constabulary,Cumbria Constabulary,-3.215446,54.113426,On or near Mardale Grove,E01019174,Barrow-in-Furness 007E,Violence and sexual offences,Local resolution,
,2021-07,Cumbria Constabulary,Cumbria Constabulary,-3.206305,54.117356,On or near Bridgegate Lane,E01019175,Barrow-in-Furness 007F,Anti-social behaviour,,
5aab9d4dcefaa9b28513527597f666d94ba82bce2e027f2acad5a4f5f4d4777a,2021-07,Cumbria Constabulary,Cumbria Constabulary,-3.208500,54.116013,On or near Pypers Croft,E01019175,Barrow-in-Furness 007F,Burglary,Investigation complete; no suspect identified,
b0ad733c799b0a8b8d774e6326253549994ddc91ffe399288b82431338d0b7b6,2021-07,Cumbria Constabulary,Cumbria Constabulary,-3.207896,54.114707,On or near Colchester Place,E01019175,Barrow-in-Furness 007F,Public order,Unable to prosecute suspect,
e5dd773a59584162ae84ac2b01170dfc1367175dd4821a3d1d2c861380325050,2021-07,Cumbria Constabulary,Cumbria Constabulary,-3.207896,54.114707,On or near Colchester Place,E01019175,Barrow-in-Furness 007F,Public order,Unable to prosecute suspect,
2be01d76736fbd438e85a55ed5251b047927fec63fe1dae06e027bfd2a4bc95a,2021-07,Cumbria Constabulary,Cumbria Constabulary,-3.202852,54.114883,On or near Monks Brow,E01019175,Barrow-in-Furness 007F,Vehicle crime,Investigation complete; no suspect identified,
fcb0c637430a5581475f6e9b9b38f3b5a25bbf072168cf9564ec1e54c2005990,2021-07,Cumbria Constabulary,Cumbria Constabulary,-3.204692,54.116590,On or near New Leys,E01019175,Barrow-in-Furness 007F,Violence and sexual offences,Unable to prosecute suspect,
211f96d3a932b39ae13d354fff5b3a60d65bfc1c10c24588f6423cae9cb98f5e,2021-07,Cumbria Constabulary,Cumbria Constabulary,-3.205489,54.116133,On or near Oxen Croft,E01019175,Barrow-in-Furness 007F,Violence and sexual offences,Unable to prosecute suspect,
d7af5f1c2dd19c185ed6595390977100411f945e618acf60264d14dc5b3cb056,2021-07,Cumbria Constabulary,Cumbria Constabulary,-3.205489,54.116133,On or near Oxen Croft,E01019175,Barrow-in-Furness 007F,Violence and sexual offences,Unable to prosecute suspect,
,2021-07,Cumbria Constabulary,Cumbria Constabulary,-3.224937,54.113123,On or near Supermarket,E01019141,Barrow-in-Furness 008A,Anti-social behaviour,,
,2021-07,Cumbria Constabulary,Cumbria Constabulary,-3.223628,54.114377,On or near Hall Street,E01019141,Barrow-in-Furness 008A,Anti-social behaviour,,
,2021-07,Cumbria Constabulary,Cumbria Constabulary,-3.221589,54.114218,On or near Arnside Street,E01019141,Barrow-in-Furness 008A,Anti-social behaviour,,
,2021-07,Cumbria Constabulary,Cumbria Constabulary,-3.230059,54.111975,On or near Duncan Street,E01019141,Barrow-in-Furness 008A,Anti-social behaviour,,
,2021-07,Cumbria Constabulary,Cumbria Constabulary,-3.224937,54.113123,On or near Supermarket,E01019141,Barrow-in-Furness 008A,Anti-social behaviour,,
,2021-07,Cumbria Constabulary,Cumbria Constabulary,-3.226617,54.113529,On or near Preston Street,E01019141,Barrow-in-Furness 008A,Anti-social behaviour,,
,2021-07,Cumbria Constabulary,Cumbria Constabulary,-3.224937,54.113123,On or near Supermarket,E01019141,Barrow-in-Furness 008A,Anti-social behaviour,,
,2021-07,Cumbria Constabulary,Cumbria Constabulary,-3.221636,54.113759,On or near Silverdale Street,E01019141,Barrow-in-Furness 008A,Anti-social behaviour,,
,2021-07,Cumbria Constabulary,Cumbria Constabulary,-3.226003,54.112420,On or near Stephen Street,E01019141,Barrow-in-Furness 008A,Anti-social behaviour,,
cfe7fefdf4f884b5f013645e93dbd59a9e23944400ecd06b99790e3c3fcbc905,2021-07,Cumbria Constabulary,Cumbria Constabulary,-3.222569,54.114792,On or near Mclean Close,E01019141,Barrow-in-Furness 008A,Bicycle theft,Investigation complete; no suspect identified,
f970a7b4343fa84631d43f8bb21687e9a8e2787879f1673448074c2f7400a8e5,2021-07,Cumbria Constabulary,Cumbria Constabulary,-3.219876,54.114253,On or near Arthur Street,E01019141,Barrow-in-Furness 008A,Burglary,Investigation complete; no suspect identified,
60a7186ba6b755e3766244ae18723f5042e5b8b6b6fcc7b6bcb4061ff03986a7,2021-07,Cumbria Constabulary,Cumbria Constabulary,-3.223628,54.114377,On or near Hall Street,E01019141,Barrow-in-Furness 008A,Criminal damage and arson,Local resolution,
0b3d17602027de63f35fa9ddfc2ea3eeac5f6e00a1824ca0ded8a00bb6403584,2021-07,Cumbria Constabulary,Cumbria Constabulary,-3.226617,54.113529,On or near Preston Street,E01019141,Barrow-in-Furness 008A,Criminal damage and arson,Investigation complete; no suspect identified,
2f1a4721ceeccaa0fac3029f63028ffe6fb78f51ddc5fbda64d8da65808a2f81,2021-07,Cumbria Constabulary,Cumbria Constabulary,-3.226655,54.113780,On or near Cavendish Street,E01019141,Barrow-in-Furness 008A,Criminal damage and arson,Unable to prosecute suspect,
2f4d97a9959c3255e142c0d0ef76c471c4479adb6d19d2bfe68e2a761050c65e,2021-07,Cumbria Constabulary,Cumbria Constabulary,-3.225783,54.111713,On or near Paxton Street,E01019141,Barrow-in-Furness 008A,Criminal damage and arson,Investigation complete; no suspect identified,
66f4b178bcad4b7da1d02aa55c2633916c1ef57e6731226d4663cd4021dcbe67,2021-07,Cumbria Constabulary,Cumbria Constabulary,-3.220622,54.115154,On or near Hannay Close,E01019141,Barrow-in-Furness 008A,Criminal damage and arson,Unable to prosecute suspect,
f91cea2fe091f9db68d0324f71fd96635008f758561e99b13cb272155e1ba30e,2021-07,Cumbria Constabulary,Cumbria Constabulary,-3.224937,54.113123,On or near Supermarket,E01019141,Barrow-in-Furness 008A,Criminal damage and arson,Further investigation is not in the public interest,
65b3b76df178b8bc3ad4b9faf3770cc0a07cf806a3bbc16fada8ae3b6a597ac9,2021-07,Cumbria Constabulary,Cumbria Constabulary,-3.224383,54.112482,On or near Parking Area,E01019141,Barrow-in-Furness 008A,Drugs,Court result unavailable,
1df3396035f01990a9fe8310e2e1400ae0cc1832516500f4739823844152ebb9,2021-07,Cumbria Constabulary,Cumbria Constabulary,-3.221636,54.113759,On or near Silverdale Street,E01019141,Barrow-in-Furness 008A,Other theft,Unable to prosecute suspect,
1ab3ca4e00c9df6e63ac901fdd328fdd1943db9337a5c7228c65362fbec7a672,2021-07,Cumbria Constabulary,Cumbria Constabulary,-3.222823,54.112498,On or near Harrison Street,E01019141,Barrow-in-Furness 008A,Other theft,Unable to prosecute suspect,
9fd1af9942b2b0c46acf3de800a6fa29a47c540c8fd2abf71df92542ff74ce4b,2021-07,Cumbria Constabulary,Cumbria Constabulary,-3.225783,54.111713,On or near Paxton Street,E01019141,Barrow-in-Furness 008A,Other theft,Unable to prosecute suspect,
495c2f409ca0e156bc15087feefae7c7caa20e01b5a5466fcab252463b253907,2021-07,Cumbria Constabulary,Cumbria Constabulary,-3.230020,54.111175,On or near Lawson Street,E01019141,Barrow-in-Furness 008A,Public order,Investigation complete; no suspect identified,
0d2f4cfe1855fb34bb667887c8f3fa5578e90c5b44ca9350f4a017c44f2facd4,2021-07,Cumbria Constabulary,Cumbria Constabulary,-3.226003,54.112420,On or near Stephen Street,E01019141,Barrow-in-Furness 008A,Public order,Unable to prosecute suspect,
01097d1814ed79dd081b76e2ebf0325f5d840e42cace297f5e93394eaaa7074e,2021-07,Cumbria Constabulary,Cumbria Constabulary,-3.225783,54.111713,On or near Paxton Street,E01019141,Barrow-in-Furness 008A,Public order,Investigation complete; no suspect identified,
a5a27e4f9a19bdef2198a709b44c2aeaa5a9db5e48ac6a409fe3ade6dd812f59,2021-07,Cumbria Constabulary,Cumbria Constabulary,-3.225783,54.111713,On or near Paxton Street,E01019141,Barrow-in-Furness 008A,Public order,Investigation complete; no suspect identified,
c725b646238de0db3d94bdfac998250e2defeb9a8ecba4a9f0a32b637dbd5b84,2021-07,Cumbria Constabulary,Cumbria Constabulary,-3.223244,54.113284,On or near James Street,E01019141,Barrow-in-Furness 008A,Public order,Unable to prosecute suspect,
828c446e7ddd7ac5ea6f7d2d59041f874f39dff7853e285f94206c5300858cd1,2021-07,Cumbria Constabulary,Cumbria Constabulary,-3.224937,54.113123,On or near Supermarket,E01019141,Barrow-in-Furness 008A,Public order,Investigation complete; no suspect identified,
ece2d92a515f30ce6684b64524db941da316bb3ab1561f6c67a1c378b6a16a0b,2021-07,Cumbria Constabulary,Cumbria Constabulary,-3.224937,54.113123,On or near Supermarket,E01019141,Barrow-in-Furness 008A,Public order,Investigation complete; no suspect identified,
4c69e92947c67c89f1d554b63b1c70d6bb92448db195cc42128b1fc0df20ee91,2021-07,Cumbria Constabulary,Cumbria Constabulary,-3.225783,54.111713,On or near Paxton Street,E01019141,Barrow-in-Furness 008A,Public order,Unable to prosecute suspect,
6f4904849a8f6ff397b2a2e66d87bdc8eb283c0d5a635fbdf2bd4437958a75f8,2021-07,Cumbria Constabulary,Cumbria Constabulary,-3.224937,54.113123,On or near Supermarket,E01019141,Barrow-in-Furness 008A,Public order,Unable to prosecute suspect,
1cad4b261961416db219713be11268a03a64659cf0e2fef2680ec8e01c7562cb,2021-07,Cumbria Constabulary,Cumbria Constabulary,-3.226003,54.112420,On or near Stephen Street,E01019141,Barrow-in-Furness 008A,Public order,Unable to prosecute suspect,
83a6d10414260e9d6d189aab9d3d69ff1bf76b70cd81b936305c32a160feadd4,2021-07,Cumbria Constabulary,Cumbria Constabulary,-3.226517,54.111705,On or near Parking Area,E01019141,Barrow-in-Furness 008A,Shoplifting,Investigation complete; no suspect identified,
3c4768a8f0625b47ae0c2af60fcf3b599b4692dc567caaf48ccc637af83a1b2b,2021-07,Cumbria Constabulary,Cumbria Constabulary,-3.225783,54.111713,On or near Paxton Street,E01019141,Barrow-in-Furness 008A,Shoplifting,Investigation complete; no suspect identified,
f067e09a0234bfda55aefa6366e1b8bd4332021db11b008cc03bb3cbf4b7a4bb,2021-07,Cumbria Constabulary,Cumbria Constabulary,-3.230059,54.111975,On or near Duncan Street,E01019141,Barrow-in-Furness 008A,Violence and sexual offences,Status update unavailable,
87a80572b92bf217c625664d376d02e99e79b3912eaddf69551bd065e202ccfe,2021-07,Cumbria Constabulary,Cumbria Constabulary,-3.224937,54.113123,On or near Supermarket,E01019141,Barrow-in-Furness 008A,Violence and sexual offences,Unable to prosecute suspect,
fe40c20b98a7d8c4fa44cad0eb7245b3f1d265d7a92f6894246a2b14b26e2caa,2021-07,Cumbria Constabulary,Cumbria Constabulary,-3.229240,54.110167,On or near Hindpool Road,E01019141,Barrow-in-Furness 008A,Violence and sexual offences,Unable to prosecute suspect,
636462d98a714cebfabc98c766241eeabceb4eb69951cdf57c1f00861e21ede1,2021-07,Cumbria Constabulary,Cumbria Constabulary,-3.229240,54.110167,On or near Hindpool Road,E01019141,Barrow-in-Furness 008A,Violence and sexual offences,Unable to prosecute suspect,
e1deee7348be146e1ac29c2d389e0d74c8d5612ac141daae9d9b5b1a210872ff,2021-07,Cumbria Constabulary,Cumbria Constabulary,-3.223628,54.114377,On or near Hall Street,E01019141,Barrow-in-Furness 008A,Violence and sexual offences,Unable to prosecute suspect,
1635c4b5ab37973f3744dc12b663903657fc1a4815bb47942fc29e1b1f2abc32,2021-07,Cumbria Constabulary,Cumbria Constabulary,-3.230059,54.111975,On or near Duncan Street,E01019141,Barrow-in-Furness 008A,Violence and sexual offences,Further action is not in the public interest,
9377144ed83d53cd5830305bc7a61c5357dd0e3f385da5ac8a2eb7c67f5c6114,2021-07,Cumbria Constabulary,Cumbria Constabulary,-3.221636,54.113759,On or near Silverdale Street,E01019141,Barrow-in-Furness 008A,Violence and sexual offences,Unable to prosecute suspect,
6335ef3384f95a5547c3a79a8cab04f02ca3f569f802550bc1e125fbb9192afa,2021-07,Cumbria Constabulary,Cumbria Constabulary,-3.225783,54.111713,On or near Paxton Street,E01019141,Barrow-in-Furness 008A,Violence and sexual offences,Investigation complete; no suspect identified,
abfeef88f6c8754994ad58ae6451c3ae093e37c69f852ef2de6017389c63eb18,2021-07,Cumbria Constabulary,Cumbria Constabulary,-3.224383,54.112482,On or near Parking Area,E01019141,Barrow-in-Furness 008A,Violence and sexual offences,Investigation complete; no suspect identified,
7b8ba3ad5e041f9f4497b301231d0cce9b1aff906808ffceade4a20a6d31e254,2021-07,Cumbria Constabulary,Cumbria Constabulary,-3.221589,54.114218,On or near Arnside Street,E01019141,Barrow-in-Furness 008A,Violence and sexual offences,Unable to prosecute suspect,
ec4b8d22760314de138ddda423d5bf850a707a429be83b2738f523be6e3d8592,2021-07,Cumbria Constabulary,Cumbria Constabulary,-3.225783,54.111713,On or near Paxton Street,E01019141,Barrow-in-Furness 008A,Violence and sexual offences,Unable to prosecute suspect,
c96fabb2050a381b76bb7a763d376cf48d3414a1f57d47d007b63f4c875967d1,2021-07,Cumbria Constabulary,Cumbria Constabulary,-3.224937,54.113123,On or near Supermarket,E01019141,Barrow-in-Furness 008A,Violence and sexual offences,Investigation complete; no suspect identified,
951c77c8bdeb852d7ef74509a42f1f9b04c6b9b9c04cd1a46d1cdaaac099b406,2021-07,Cumbria Constabulary,Cumbria Constabulary,-3.224937,54.113123,On or near Supermarket,E01019141,Barrow-in-Furness 008A,Violence and sexual offences,Investigation complete; no suspect identified,
9576c047a1a1b9262a6f54d2e6b9fac1798ded40c4569f69c0abbaf08a358861,2021-07,Cumbria Constabulary,Cumbria Constabulary,-3.225783,54.111713,On or near Paxton Street,E01019141,Barrow-in-Furness 008A,Violence and sexual offences,Unable to prosecute suspect,
6690e2a83722cbdbc116f85dd1de76f84a462402643ad551fe71a78ea4025605,2021-07,Cumbria Constabulary,Cumbria Constabulary,-3.230020,54.111175,On or near Lawson Street,E01019141,Barrow-in-Furness 008A,Violence and sexual offences,Investigation complete; no suspect identified,
229137c4f8996a384df230417ea99c949929eb5a89dfd67e2cf1e44dafd9a33b,2021-07,Cumbria Constabulary,Cumbria Constabulary,-3.229473,54.111837,On or near Sidney Street,E01019141,Barrow-in-Furness 008A,Violence and sexual offences,Unable to prosecute suspect,
90465eae70f8941199cb97eb6de41c15995b07499bad42f2bf6d43b907024f14,2021-07,Cumbria Constabulary,Cumbria Constabulary,-3.226617,54.113529,On or near Preston Street,E01019141,Barrow-in-Furness 008A,Violence and sexual offences,Unable to prosecute suspect,
30b3b669fef0da6a4bb8756a68756d1e42650bf54c550478bf3caece29ac4a1e,2021-07,Cumbria Constabulary,Cumbria Constabulary,-3.226617,54.113529,On or near Preston Street,E01019141,Barrow-in-Furness 008A,Violence and sexual offences,Further action is not in the public interest,
be9acfd2ce04dd4cc97b5f5481b77bc911ef32d1cb88b9abf61a427ca37e95f3,2021-07,Cumbria Constabulary,Cumbria Constabulary,-3.224991,54.113923,On or near Fell Street,E01019141,Barrow-in-Furness 008A,Violence and sexual offences,Unable to prosecute suspect,
ae56388ca1876736f5a8f42a22bacf4d319233f828701acca6912247b5867000,2021-07,Cumbria Constabulary,Cumbria Constabulary,-3.224991,54.113923,On or near Fell Street,E01019141,Barrow-in-Furness 008A,Violence and sexual offences,Unable to prosecute suspect,
a16b0c312d84044bdf0e4630346ec5d732feb207dac14ca77e00741176950b36,2021-07,Cumbria Constabulary,Cumbria Constabulary,-3.224991,54.113923,On or near Fell Street,E01019141,Barrow-in-Furness 008A,Violence and sexual offences,Unable to prosecute suspect,
54f39bae5cec070bed6dbd46d504f17ad178dd677543ab7505ae19af7598739e,2021-07,Cumbria Constabulary,Cumbria Constabulary,-3.224991,54.113923,On or near Fell Street,E01019141,Barrow-in-Furness 008A,Violence and sexual offences,Unable to prosecute suspect,
565fd79c3c1129d632e2d000f29bd1f46b1dec7f87bfb1fd0649a71a67a3deb8,2021-07,Cumbria Constabulary,Cumbria Constabulary,-3.224991,54.113923,On or near Fell Street,E01019141,Barrow-in-Furness 008A,Violence and sexual offences,Unable to prosecute suspect,
a62e19beda5def1e990c6ea3a561cdc019a975ba430e1094ee787d331c3eee12,2021-07,Cumbria Constabulary,Cumbria Constabulary,-3.226617,54.113529,On or near Preston Street,E01019141,Barrow-in-Furness 008A,Violence and sexual offences,Unable to prosecute suspect,
7a49f4cf0ff74ae875e6dc9be39254bfb9107ba0c49c7d16046c2eb8c91052a1,2021-07,Cumbria Constabulary,Cumbria Constabulary,-3.226617,54.113529,On or near Preston Street,E01019141,Barrow-in-Furness 008A,Violence and sexual offences,Unable to prosecute suspect,
23f3061ba12ece865a46c5afaafd82a21525964f0c4a9f2f168f15fa9d913242,2021-07,Cumbria Constabulary,Cumbria Constabulary,-3.226003,54.112420,On or near Stephen Street,E01019141,Barrow-in-Furness 008A,Violence and sexual offences,Unable to prosecute suspect,
8453b6215533aeafbf9857ffda028af1538b2814bfa6f68fc2aeb11a1b083f5c,2021-07,Cumbria Constabulary,Cumbria Constabulary,-3.226655,54.113780,On or near Cavendish Street,E01019141,Barrow-in-Furness 008A,Violence and sexual offences,Unable to prosecute suspect,
47d4942d4a3834afec04d52d79497b0c9e351a0e795c7c74e683a38882600218,2021-07,Cumbria Constabulary,Cumbria Constabulary,-3.220622,54.115154,On or near Hannay Close,E01019141,Barrow-in-Furness 008A,Violence and sexual offences,Investigation complete; no suspect identified,
847a5886932b2289d90db22526280e31939a5582d9b84761be72c65d6cc68946,2021-07,Cumbria Constabulary,Cumbria Constabulary,-3.226655,54.113780,On or near Cavendish Street,E01019141,Barrow-in-Furness 008A,Violence and sexual offences,Unable to prosecute suspect,
ce748be1d49cd3bb513d75a7d41d1d1bc7419c8c5f41e93c625ba48fa9e6af6f,2021-07,Cumbria Constabulary,Cumbria Constabulary,-3.230059,54.111975,On or near Duncan Street,E01019141,Barrow-in-Furness 008A,Violence and sexual offences,Status update unavailable,
f37beb8d0548204b7be050f59b39a20f87937e41d20dceecc4cedc2edd6ada83,2021-07,Cumbria Constabulary,Cumbria Constabulary,-3.225783,54.111713,On or near Paxton Street,E01019141,Barrow-in-Furness 008A,Violence and sexual offences,Investigation complete; no suspect identified,
244669c6931f06d2a5872fe5b246c63c0bc81e443ca8e8611ce0664597010adf,2021-07,Cumbria Constabulary,Cumbria Constabulary,-3.225783,54.111713,On or near Paxton Street,E01019141,Barrow-in-Furness 008A,Violence and sexual offences,Unable to prosecute suspect,
7c26196bb69af31afe26ef23718501af9c0df50d9489e9868675b39d7015f2d4,2021-07,Cumbria Constabulary,Cumbria Constabulary,-3.225783,54.111713,On or near Paxton Street,E01019141,Barrow-in-Furness 008A,Violence and sexual offences,Unable to prosecute suspect,
,2021-07,Cumbria Constabulary,Cumbria Constabulary,-3.222849,54.112857,On or near Allison Street,E01019142,Barrow-in-Furness 008B,Anti-social behaviour,,
,2021-07,Cumbria Constabulary,Cumbria Constabulary,-3.217785,54.111264,On or near Glasgow Street,E01019142,Barrow-in-Furness 008B,Anti-social behaviour,,
,2021-07,Cumbria Constabulary,Cumbria Constabulary,-3.219708,54.113221,On or near Sutherland Street,E01019142,Barrow-in-Furness 008B,Anti-social behaviour,,
,2021-07,Cumbria Constabulary,Cumbria Constabulary,-3.219708,54.113221,On or near Sutherland Street,E01019142,Barrow-in-Furness 008B,Anti-social behaviour,,
,2021-07,Cumbria Constabulary,Cumbria Constabulary,-3.219207,54.111779,On or near Penrith Street,E01019142,Barrow-in-Furness 008B,Anti-social behaviour,,
0739dc541cd7c262c23ad89220e4153998f4ed3a00554da839a6c6903db451d4,2021-07,Cumbria Constabulary,Cumbria Constabulary,-3.217918,54.110615,On or near Derry Street,E01019142,Barrow-in-Furness 008B,Burglary,Unable to prosecute suspect,
2615816854d786d5287c9fb09fadde3b7309fa32faca36b97fe4bc7380c4413e,2021-07,Cumbria Constabulary,Cumbria Constabulary,-3.218393,54.112696,On or near Florence Street,E01019142,Barrow-in-Furness 008B,Drugs,Local resolution,
588a583e42f870069955ed199dcdd778718eb1d7e6bf64b418c58af8303c02b8,2021-07,Cumbria Constabulary,Cumbria Constabulary,-3.217785,54.111264,On or near Glasgow Street,E01019142,Barrow-in-Furness 008B,Other theft,Status update unavailable,
57160d19598d497f14b1010a0f1bb8bf6ea6a2d141e0e701d53a36575b370b71,2021-07,Cumbria Constabulary,Cumbria Constabulary,-3.220620,54.111963,On or near Rawlinson Street,E01019142,Barrow-in-Furness 008B,Other theft,Unable to prosecute suspect,
5f8bcd59548cbd3f84aaf802426dc95e8f3c963dedbe6b5e3dd70f71cec07aae,2021-07,Cumbria Constabulary,Cumbria Constabulary,-3.222849,54.112857,On or near Allison Street,E01019142,Barrow-in-Furness 008B,Violence and sexual offences,Unable to prosecute suspect,
488ad5d3ac13c5ac5d55e9cc3cc7328ca0acdf58dade486aeb50a28c1f6fcc2d,2021-07,Cumbria Constabulary,Cumbria Constabulary,-3.217785,54.111264,On or near Glasgow Street,E01019142,Barrow-in-Furness 008B,Violence and sexual offences,Unable to prosecute suspect,
5a6432ac2986a979e9fef712e78c209756685cdb3b886ba03c19b4d10da3700c,2021-07,Cumbria Constabulary,Cumbria Constabulary,-3.218505,54.110259,On or near Smeaton Street,E01019142,Barrow-in-Furness 008B,Violence and sexual offences,Unable to prosecute suspect,
87c5438152940b1b3772de0501b4391c6e8f97dfb387831ceaed2a9506d55cc4,2021-07,Cumbria Constabulary,Cumbria Constabulary,-3.218505,54.110259,On or near Smeaton Street,E01019142,Barrow-in-Furness 008B,Violence and sexual offences,Unable to prosecute suspect,
4dbd75cde974d6628434ebdf36b1d771324ddfe3ed3dda356cf57b5f8475b611,2021-07,Cumbria Constabulary,Cumbria Constabulary,-3.220620,54.111963,On or near Rawlinson Street,E01019142,Barrow-in-Furness 008B,Violence and sexual offences,Court result unavailable,
3a5a29a40b5456f8936bbe6e134b9b86804bccc4b947f9958b93d062ec00d251,2021-07,Cumbria Constabulary,Cumbria Constabulary,-3.222622,54.111376,On or near Mount Pleasant,E01019142,Barrow-in-Furness 008B,Violence and sexual offences,Unable to prosecute suspect,
1d97eb055076b8e423672b2c629ddea27d9480a99c0ac8a95e5f1d52b494daa4,2021-07,Cumbria Constabulary,Cumbria Constabulary,-3.222622,54.111376,On or near Mount Pleasant,E01019142,Barrow-in-Furness 008B,Violence and sexual offences,Unable to prosecute suspect,
0fac3572288f9de43689c8e75271c489a8cfb096b322eed3d96280f7ae048820,2021-07,Cumbria Constabulary,Cumbria Constabulary,-3.218393,54.112696,On or near Florence Street,E01019142,Barrow-in-Furness 008B,Violence and sexual offences,Unable to prosecute suspect,
23d70aa971f23252c5813b4ee3cde1ab3e8614a9533dbbf5498c281190bc5661,2021-07,Cumbria Constabulary,Cumbria Constabulary,-3.222622,54.111376,On or near Mount Pleasant,E01019142,Barrow-in-Furness 008B,Violence and sexual offences,Investigation complete; no suspect identified,
977d176f69e104db0e554b1b3afe99d2ba531766eb17d517b891be6b9a101a24,2021-07,Cumbria Constabulary,Cumbria Constabulary,-3.218393,54.112696,On or near Florence Street,E01019142,Barrow-in-Furness 008B,Violence and sexual offences,Unable to prosecute suspect,
baae2b4a0bcd737ec3e4a1e365a61b9a821864cd4509ffc89d9c50b5fe28e979,2021-07,Cumbria Constabulary,Cumbria Constabulary,-3.218505,54.110259,On or near Smeaton Street,E01019142,Barrow-in-Furness 008B,Violence and sexual offences,Awaiting court outcome,
99c72a50ada28ca3ed314514fda65706704eb18f4e30c043c38786fb241cdd11,2021-07,Cumbria Constabulary,Cumbria Constabulary,-3.218505,54.110259,On or near Smeaton Street,E01019142,Barrow-in-Furness 008B,Violence and sexual offences,Unable to prosecute suspect,
583b68add6610fbb49509c41321ad90d9ce24887a2616313d10780a10482423a,2021-07,Cumbria Constabulary,Cumbria Constabulary,-3.216658,54.110942,On or near Argyle Place,E01019142,Barrow-in-Furness 008B,Violence and sexual offences,Unable to prosecute suspect,
c4092b3c931ab204106da7bcca3f0f52fbe77e14722b7d38e100ae1dac80048a,2021-07,Cumbria Constabulary,Cumbria Constabulary,-3.218393,54.112696,On or near Florence Street,E01019142,Barrow-in-Furness 008B,Violence and sexual offences,Unable to prosecute suspect,
98033c02594f37efa912f009c8d52858e478e714f9d466f27ebf17265994f352,2021-07,Cumbria Constabulary,Cumbria Constabulary,-3.222622,54.111376,On or near Mount Pleasant,E01019142,Barrow-in-Furness 008B,Violence and sexual offences,Investigation complete; no suspect identified,
19202023687771761d0fb1cced722c789f78a4045e26b276ff05cf2fbbff0871,2021-07,Cumbria Constabulary,Cumbria Constabulary,-3.219708,54.113221,On or near Sutherland Street,E01019142,Barrow-in-Furness 008B,Other crime,Unable to prosecute suspect,
,2021-07,Cumbria Constabulary,Cumbria Constabulary,-3.223289,54.109635,On or near Church Street,E01019143,Barrow-in-Furness 008C,Anti-social behaviour,,
,2021-07,Cumbria Constabulary,Cumbria Constabulary,-3.225631,54.109683,On or near Fisher Street,E01019143,Barrow-in-Furness 008C,Anti-social behaviour,,
,2021-07,Cumbria Constabulary,Cumbria Constabulary,-3.220708,54.108726,On or near Lonsdale Street,E01019143,Barrow-in-Furness 008C,Anti-social behaviour,,
41be5149aef3fab50c694e9d86a9c64723ea61eb44c740fa8d0959a59fbb2081,2021-07,Cumbria Constabulary,Cumbria Constabulary,-3.223817,54.110915,On or near Paradise Street,E01019143,Barrow-in-Furness 008C,Criminal damage and arson,Investigation complete; no suspect identified,
f4aa6411e053385d520aa73c9351f6b565437e8f7b657c315c46b90529d8ece6,2021-07,Cumbria Constabulary,Cumbria Constabulary,-3.220533,54.110067,On or near Cross Street,E01019143,Barrow-in-Furness 008C,Criminal damage and arson,Local resolution,
5bdcf5f5b5978084702512a8be7b88a67e0766c56e2c4416789e068439e61957,2021-07,Cumbria Constabulary,Cumbria Constabulary,-3.220737,54.110748,On or near Ramsden Street,E01019143,Barrow-in-Furness 008C,Drugs,Court result unavailable,
a2d7bf2c71310e758be50d180ed8e19b8418e2bb0cc0b506a45585dbf7a4f7eb,2021-07,Cumbria Constabulary,Cumbria Constabulary,-3.224603,54.110601,On or near Spring Street,E01019143,Barrow-in-Furness 008C,Public order,Awaiting court outcome,
c6c89ef8ccbbcdbd63ebf55d626fab6f2a874f879c99094752a00c373b8ca0d9,2021-07,Cumbria Constabulary,Cumbria Constabulary,-3.224450,54.109039,On or near Strand,E01019143,Barrow-in-Furness 008C,Shoplifting,Court result unavailable,
290250bdf02ada8aaf49d45bf4267ed466b81d0b4cadf18915b367f2324b55a3,2021-07,Cumbria Constabulary,Cumbria Constabulary,-3.220533,54.110067,On or near Cross Street,E01019143,Barrow-in-Furness 008C,Violence and sexual offences,Local resolution,
46076127cd56565334ab041b109a25f103cd2cbb981b03f086053db8aa82a5f5,2021-07,Cumbria Constabulary,Cumbria Constabulary,-3.225631,54.109683,On or near Fisher Street,E01019143,Barrow-in-Furness 008C,Violence and sexual offences,Awaiting court outcome,
f55d8b618ee4b3017481951852ac33706b6f04bd7a094c142ca1b6b5ba180a86,2021-07,Cumbria Constabulary,Cumbria Constabulary,-3.225631,54.109683,On or near Fisher Street,E01019143,Barrow-in-Furness 008C,Violence and sexual offences,Court result unavailable,
291b64c989720c3512304334f10a3ebea4922804dc02c41bae08834c04cf5e78,2021-07,Cumbria Constabulary,Cumbria Constabulary,-3.222067,54.109674,On or near Brown Street,E01019143,Barrow-in-Furness 008C,Violence and sexual offences,Unable to prosecute suspect,
4d61b6189d63757fd18e9e121ac819eb065ad28e866075efc08883c8f109a066,2021-07,Cumbria Constabulary,Cumbria Constabulary,-3.223289,54.109635,On or near Church Street,E01019143,Barrow-in-Furness 008C,Violence and sexual offences,Unable to prosecute suspect,
d8efd7fd441cd0f60dadb71ee4c760a45c5e212f6655b1209065f59d199e817b,2021-07,Cumbria Constabulary,Cumbria Constabulary,-3.223289,54.109635,On or near Church Street,E01019143,Barrow-in-Furness 008C,Violence and sexual offences,Unable to prosecute suspect,
77e490cf4a97462e3563fd39706e86b31f836164481370063394f7b8412c12a0,2021-07,Cumbria Constabulary,Cumbria Constabulary,-3.222865,54.108713,On or near Shore Street,E01019143,Barrow-in-Furness 008C,Violence and sexual offences,Unable to prosecute suspect,
fb6865451e2870444cdacfa0e17aabe35145ae3fd7df3c7f0b1601182ce08d66,2021-07,Cumbria Constabulary,Cumbria Constabulary,-3.224450,54.109039,On or near Strand,E01019143,Barrow-in-Furness 008C,Violence and sexual offences,Unable to prosecute suspect,
,2021-07,Cumbria Constabulary,Cumbria Constabulary,-3.226384,54.115500,On or near Manchester Street,E01019157,Barrow-in-Furness 008D,Anti-social behaviour,,
,2021-07,Cumbria Constabulary,Cumbria Constabulary,-3.227913,54.115466,On or near High Street,E01019157,Barrow-in-Furness 008D,Anti-social behaviour,,
,2021-07,Cumbria Constabulary,Cumbria Constabulary,-3.226534,54.116415,On or near Parking Area,E01019157,Barrow-in-Furness 008D,Anti-social behaviour,,
,2021-07,Cumbria Constabulary,Cumbria Constabulary,-3.221686,54.115448,On or near Gradwell Court,E01019157,Barrow-in-Furness 008D,Anti-social behaviour,,
,2021-07,Cumbria Constabulary,Cumbria Constabulary,-3.226606,54.114724,On or near Buccleuch Street,E01019157,Barrow-in-Furness 008D,Anti-social behaviour,,
,2021-07,Cumbria Constabulary,Cumbria Constabulary,-3.221686,54.115448,On or near Gradwell Court,E01019157,Barrow-in-Furness 008D,Anti-social behaviour,,
,2021-07,Cumbria Constabulary,Cumbria Constabulary,-3.221686,54.115448,On or near Gradwell Court,E01019157,Barrow-in-Furness 008D,Anti-social behaviour,,
b17c4f92d8416c566bce1c59baf0a89ca315c34c476b42c6a2d9549df7941d38,2021-07,Cumbria Constabulary,Cumbria Constabulary,-3.225795,54.115757,On or near Emlyn Street,E01019157,Barrow-in-Furness 008D,Burglary,Investigation complete; no suspect identified,
d786e24b1cc05720f3ba78698028cf3f53080622fee8822a559f02efd64469bd,2021-07,Cumbria Constabulary,Cumbria Constabulary,-3.227913,54.115466,On or near High Street,E01019157,Barrow-in-Furness 008D,Burglary,Court result unavailable,
85389f986a1b0c8bf0aac26ea1e1a6f3f60b3778e7d1b1353b69393291e41f0b,2021-07,Cumbria Constabulary,Cumbria Constabulary,-3.222124,54.116280,On or near Buccleuch Court,E01019157,Barrow-in-Furness 008D,Burglary,Unable to prosecute suspect,
0cb12f27e9fb4336140ec1efa5626efe3c39c2251befc5c8a68055555851705b,2021-07,Cumbria Constabulary,Cumbria Constabulary,-3.228221,54.114483,On or near Nightclub,E01019157,Barrow-in-Furness 008D,Criminal damage and arson,Unable to prosecute suspect,
6ea5c2b7ea1199552985fadaa8e397a3c7953229d4a9b9983e5c3cf4a01e5fd0,2021-07,Cumbria Constabulary,Cumbria Constabulary,-3.227168,54.114080,On or near Scott Street,E01019157,Barrow-in-Furness 008D,Criminal damage and arson,Investigation complete; no suspect identified,
35fa708b74a4afbbebb2a1be9769fe4376190dbcd5d963318d85ba91f663300d,2021-07,Cumbria Constabulary,Cumbria Constabulary,-3.230959,54.115003,On or near Hawke Street,E01019157,Barrow-in-Furness 008D,Criminal damage and arson,Investigation complete; no suspect identified,
a4a450fd7d4581b961d86fbe155434422b1b0fb6c7396b3519b93715615adeff,2021-07,Cumbria Constabulary,Cumbria Constabulary,-3.231266,54.112969,On or near Parade Street,E01019157,Barrow-in-Furness 008D,Criminal damage and arson,Investigation complete; no suspect identified,
0bfeb0f91c8ff7fb1e841672eb4418c4d5402defc90ef164906fbc37b9cdc873,2021-07,Cumbria Constabulary,Cumbria Constabulary,-3.227997,54.117793,On or near Milton Street,E01019157,Barrow-in-Furness 008D,Criminal damage and arson,Investigation complete; no suspect identified,
558ac41b24b3980289ba85f4924cda469675d13a7ce79322fa224650301d55c3,2021-07,Cumbria Constabulary,Cumbria Constabulary,-3.228221,54.114483,On or near Nightclub,E01019157,Barrow-in-Furness 008D,Criminal damage and arson,Local resolution,
31b3743a4c02391c8c8acc5c631f9dac84b627a2ca153f4301de1ed003c437c1,2021-07,Cumbria Constabulary,Cumbria Constabulary,-3.222124,54.116280,On or near Buccleuch Court,E01019157,Barrow-in-Furness 008D,Drugs,Court result unavailable,
7254bccb59123f6645ae17b493b5431e9a76076f2681782d3e09e46773a67823,2021-07,Cumbria Constabulary,Cumbria Constabulary,-3.221686,54.115448,On or near Gradwell Court,E01019157,Barrow-in-Furness 008D,Other theft,Unable to prosecute suspect,
dac96e6171e81b0ab5ebec266f88fb2b8e3e765dfd160842933eb283b0955a06,2021-07,Cumbria Constabulary,Cumbria Constabulary,-3.231482,54.114594,On or near Further/Higher Educational Building,E01019157,Barrow-in-Furness 008D,Other theft,Unable to prosecute suspect,
ad1d0bb2941e2b58e18df095b5d3ee2ddb1925e436332681850bad58e6ddcafc,2021-07,Cumbria Constabulary,Cumbria Constabulary,-3.226606,54.114724,On or near Buccleuch Street,E01019157,Barrow-in-Furness 008D,Public order,Unable to prosecute suspect,
14d08ba1b4f7e75c1956058ae47304522ae4f7225bf70f7a7fb056d1daf020e0,2021-07,Cumbria Constabulary,Cumbria Constabulary,-3.228221,54.114483,On or near Nightclub,E01019157,Barrow-in-Furness 008D,Public order,Investigation complete; no suspect identified,
97b1543572d51a195999653f70accd35abe6a8de1eca13ce9d1643065ab869d9,2021-07,Cumbria Constabulary,Cumbria Constabulary,-3.228221,54.114483,On or near Nightclub,E01019157,Barrow-in-Furness 008D,Public order,Local resolution,
642db61e391362592eee32776da313410be8a5ae486f632146f5dc4dc24ca58b,2021-07,Cumbria Constabulary,Cumbria Constabulary,-3.226606,54.114724,On or near Buccleuch Street,E01019157,Barrow-in-Furness 008D,Public order,Unable to prosecute suspect,
447071ca1e048a9a9d7107da299517ca6b99ba120d68302e87ac588cd599a2a3,2021-07,Cumbria Constabulary,Cumbria Constabulary,-3.227913,54.115466,On or near High Street,E01019157,Barrow-in-Furness 008D,Public order,Unable to prosecute suspect,
4824d92629f6294be0d35ed6523040fdaf7a6ec3d554fa805a6f3b84116c3a31,2021-07,Cumbria Constabulary,Cumbria Constabulary,-3.226534,54.116415,On or near Parking Area,E01019157,Barrow-in-Furness 008D,Robbery,Unable to prosecute suspect,
72a475066635e26b86e90ca72daf87842d434cf8a19e707e41197d7e407c60f0,2021-07,Cumbria Constabulary,Cumbria Constabulary,-3.224684,54.114906,On or near Fenton Street,E01019157,Barrow-in-Furness 008D,Robbery,Unable to prosecute suspect,
879207f603d3c5bdefddeaf357bd7cbaa1ebcdb2e8c6f4cf93ef7b39f4c0ef78,2021-07,Cumbria Constabulary,Cumbria Constabulary,-3.224177,54.116924,On or near Whitehead Street,E01019157,Barrow-in-Furness 008D,Shoplifting,Court result unavailable,
5c81f7c4ec5ab702b730c5e2d47783e5e4e5e6f6ba48ac15b05b280d64515fbb,2021-07,Cumbria Constabulary,Cumbria Constabulary,-3.231266,54.112969,On or near Parade Street,E01019157,Barrow-in-Furness 008D,Theft from the person,Unable to prosecute suspect,
b956cb364c97f8455249dec7f6e1e83d633889cd3839bda9ca8547b9887f18b1,2021-07,Cumbria Constabulary,Cumbria Constabulary,-3.228221,54.114483,On or near Nightclub,E01019157,Barrow-in-Furness 008D,Violence and sexual offences,Unable to prosecute suspect,
416f06528dc12ad04547d5385c7bf0dccb4ee250a6f054a8174fb7e3117372c5,2021-07,Cumbria Constabulary,Cumbria Constabulary,-3.227913,54.115466,On or near High Street,E01019157,Barrow-in-Furness 008D,Violence and sexual offences,Status update unavailable,
79623d43ef9819b6d23f02390baa91753f33bdb3a9bd066211c989128c8146d5,2021-07,Cumbria Constabulary,Cumbria Constabulary,-3.228046,54.114772,On or near Coulton Street,E01019157,Barrow-in-Furness 008D,Violence and sexual offences,Investigation complete; no suspect identified,
964a2626afff0d5271c7ef0ce623cc08a582a0fa9b7d767687044d4d34f4d6e1,2021-07,Cumbria Constabulary,Cumbria Constabulary,-3.228046,54.114772,On or near Coulton Street,E01019157,Barrow-in-Furness 008D,Violence and sexual offences,Investigation complete; no suspect identified,
04c528d4b4d0efa0410af635dc9d3e91dcd3e3fb2b583c8db1e9bae7da763be3,2021-07,Cumbria Constabulary,Cumbria Constabulary,-3.221686,54.115448,On or near Gradwell Court,E01019157,Barrow-in-Furness 008D,Violence and sexual offences,Unable to prosecute suspect,
ee9abcb2966f94928e68e8ca1a77724446a54b6d27cac8831583d1e9ce129691,2021-07,Cumbria Constabulary,Cumbria Constabulary,-3.231482,54.114594,On or near Further/Higher Educational Building,E01019157,Barrow-in-Furness 008D,Violence and sexual offences,Unable to prosecute suspect,
77fc19fa088b818c4e099a5f66981dd2c84d0b39ebeb39909d9adb4c1cecc785,2021-07,Cumbria Constabulary,Cumbria Constabulary,-3.231482,54.114594,On or near Further/Higher Educational Building,E01019157,Barrow-in-Furness 008D,Violence and sexual offences,Unable to prosecute suspect,
6ba8e7dae24b142436e8f419b86feb0fd757d3aea028dbcb1f80549fbec102d2,2021-07,Cumbria Constabulary,Cumbria Constabulary,-3.224684,54.114906,On or near Fenton Street,E01019157,Barrow-in-Furness 008D,Violence and sexual offences,Unable to prosecute suspect,
7f2826aaf04f7ec72b21e6282523acd478658389214d38051a8c2af1e3ec3ec2,2021-07,Cumbria Constabulary,Cumbria Constabulary,-3.225897,54.114543,On or near Parking Area,E01019157,Barrow-in-Furness 008D,Violence and sexual offences,Unable to prosecute suspect,
cb516b7f92448fb28b76a779b1544728f4562fed06eb02a2a0b758b671d864e3,2021-07,Cumbria Constabulary,Cumbria Constabulary,-3.227913,54.115466,On or near High Street,E01019157,Barrow-in-Furness 008D,Violence and sexual offences,Unable to prosecute suspect,
a3dd22fd51129758377a074712028c13e10414fc9e165af17706a2b7ecb40505,2021-07,Cumbria Constabulary,Cumbria Constabulary,-3.224684,54.114906,On or near Fenton Street,E01019157,Barrow-in-Furness 008D,Violence and sexual offences,Unable to prosecute suspect,
eb133e0f2b8a2f2b9b0644ff85a99916a4cf7f078a17f86e0176861d6c7a4a2e,2021-07,Cumbria Constabulary,Cumbria Constabulary,-3.227168,54.114080,On or near Scott Street,E01019157,Barrow-in-Furness 008D,Violence and sexual offences,Unable to prosecute suspect,
b703717284683b1ca01590b5dfce2959266f3ab44c5b51b559435c1bdeff464f,2021-07,Cumbria Constabulary,Cumbria Constabulary,-3.228221,54.114483,On or near Nightclub,E01019157,Barrow-in-Furness 008D,Violence and sexual offences,Awaiting court outcome,
54a2af8e19fb19bd7fce87f824b79dcecceacc7f91416578ba33a35fa7464a01,2021-07,Cumbria Constabulary,Cumbria Constabulary,-3.228221,54.114483,On or near Nightclub,E01019157,Barrow-in-Furness 008D,Violence and sexual offences,Awaiting court outcome,
33cf05b252390871dd488e0a37217f016c5b969ab83f125c39d9e45ef5cf672a,2021-07,Cumbria Constabulary,Cumbria Constabulary,-3.227913,54.115466,On or near High Street,E01019157,Barrow-in-Furness 008D,Violence and sexual offences,Unable to prosecute suspect,
b0787a3c440a87830a1fbb5ab1540ceef93f51ad4e34a1e401435bb091f1fb58,2021-07,Cumbria Constabulary,Cumbria Constabulary,-3.225795,54.115757,On or near Emlyn Street,E01019157,Barrow-in-Furness 008D,Violence and sexual offences,Unable to prosecute suspect,
0b046346cdc17d3c1a50b303d4acea45bfbefbe978551ba6a315f5e3f613d244,2021-07,Cumbria Constabulary,Cumbria Constabulary,-3.231266,54.112969,On or near Parade Street,E01019157,Barrow-in-Furness 008D,Violence and sexual offences,Unable to prosecute suspect,
798c0aeccbfa0a1ef50172c96e30cbbe75b9ff349ef39dce0e6d2bbd0b03fc35,2021-07,Cumbria Constabulary,Cumbria Constabulary,-3.225795,54.115757,On or near Emlyn Street,E01019157,Barrow-in-Furness 008D,Violence and sexual offences,Unable to prosecute suspect,
4cac0535fa30db249f4ccc93d4bcfe6a7772a3f2923c7455f0a30b714cfaca5c,2021-07,Cumbria Constabulary,Cumbria Constabulary,-3.224353,54.114567,On or near Cavendish Street,E01019157,Barrow-in-Furness 008D,Violence and sexual offences,Unable to prosecute suspect,
3fab3d94d2f26fab794afe4d80113a082432c123b686ca8f84c21fa5f3123ace,2021-07,Cumbria Constabulary,Cumbria Constabulary,-3.231482,54.114594,On or near Further/Higher Educational Building,E01019157,Barrow-in-Furness 008D,Violence and sexual offences,Unable to prosecute suspect,
1dc1f35b628a0b0c7bfefae87ab24c62523e15e2190b313d053f3862f1adb35f,2021-07,Cumbria Constabulary,Cumbria Constabulary,-3.227913,54.115466,On or near High Street,E01019157,Barrow-in-Furness 008D,Violence and sexual offences,Unable to prosecute suspect,
a1f2ba90f6a35c44fa05bc073276183de82ef53ed7aaa758eba670f5b1fef826,2021-07,Cumbria Constabulary,Cumbria Constabulary,-3.227168,54.114080,On or near Scott Street,E01019157,Barrow-in-Furness 008D,Violence and sexual offences,Investigation complete; no suspect identified,
50fdef311e3ce415cfed02055db8dd36fbba84b6fca295aa716a685064f41237,2021-07,Cumbria Constabulary,Cumbria Constabulary,-3.227913,54.115466,On or near High Street,E01019157,Barrow-in-Furness 008D,Violence and sexual offences,Status update unavailable,
6843176b95876302b72b66be99ffd738366e53258f21be1699749912e3b64335,2021-07,Cumbria Constabulary,Cumbria Constabulary,-3.221686,54.115448,On or near Gradwell Court,E01019157,Barrow-in-Furness 008D,Violence and sexual offences,Unable to prosecute suspect,
84075ab2fb68aeb12ec4fea8995d9ca9d84d57ffef99208a0b5e172345c23581,2021-07,Cumbria Constabulary,Cumbria Constabulary,-3.225897,54.114543,On or near Parking Area,E01019157,Barrow-in-Furness 008D,Violence and sexual offences,Unable to prosecute suspect,
50fb654653acbbe612fce26344f53f2fe2cdb4098104a8c8c571c158d1e9fa40,2021-07,Cumbria Constabulary,Cumbria Constabulary,-3.224353,54.114567,On or near Cavendish Street,E01019157,Barrow-in-Furness 008D,Violence and sexual offences,Unable to prosecute suspect,
1046516fb2d4aaeb7ba09dacc84ea8fb0474a8fbc47db2115b6cdf90b111e479,2021-07,Cumbria Constabulary,Cumbria Constabulary,-3.228221,54.114483,On or near Nightclub,E01019157,Barrow-in-Furness 008D,Violence and sexual offences,Investigation complete; no suspect identified,
,2021-07,Cumbria Constabulary,Cumbria Constabulary,-3.230043,54.116091,On or near Vernon Street,E01019158,Barrow-in-Furness 008E,Anti-social behaviour,,
,2021-07,Cumbria Constabulary,Cumbria Constabulary,-3.230542,54.116410,On or near Napier Street,E01019158,Barrow-in-Furness 008E,Anti-social behaviour,,
,2021-07,Cumbria Constabulary,Cumbria Constabulary,-3.229629,54.115044,On or near Abbey Road,E01019158,Barrow-in-Furness 008E,Anti-social behaviour,,
dc99ca4b8f6de61aa48f83ae618f8201162335b37f00a3a6b47471a7f91846ef,2021-07,Cumbria Constabulary,Cumbria Constabulary,-3.229629,54.115044,On or near Abbey Road,E01019158,Barrow-in-Furness 008E,Bicycle theft,Investigation complete; no suspect identified,
e6c1e04bf8b8ae714d335b604705ead1aa26363d975e6f4145f760710d701d6a,2021-07,Cumbria Constabulary,Cumbria Constabulary,-3.231915,54.116288,On or near Nelson Street,E01019158,Barrow-in-Furness 008E,Burglary,Status update unavailable,
0202990a6a2164dff9679343d83ba60d1c5bda53605190788fd211ce608971ac,2021-07,Cumbria Constabulary,Cumbria Constabulary,-3.231915,54.116288,On or near Nelson Street,E01019158,Barrow-in-Furness 008E,Burglary,Status update unavailable,
227f4bc083d4bcbe55cf78ccda4f412af9f224f53143031c8f10cc0f0dd2c322,2021-07,Cumbria Constabulary,Cumbria Constabulary,-3.231957,54.115640,On or near Rodney Street,E01019158,Barrow-in-Furness 008E,Criminal damage and arson,Court result unavailable,
95d741ec6bf98d42b65e8d5f637f3ce65a7c3ee026113bf3db0ae6e9cabda13d,2021-07,Cumbria Constabulary,Cumbria Constabulary,-3.231915,54.116288,On or near Nelson Street,E01019158,Barrow-in-Furness 008E,Criminal damage and arson,Investigation complete; no suspect identified,
551419fe1becb5779e81e41777a5e2a6bcd95bd45812d5ab4371709acc35203b,2021-07,Cumbria Constabulary,Cumbria Constabulary,-3.232007,54.117330,On or near Parry Street,E01019158,Barrow-in-Furness 008E,Criminal damage and arson,Investigation complete; no suspect identified,
abfff9c3198e7ecb30e711959403f02b0e6e12eb51f63e9f356ab543043ec40b,2021-07,Cumbria Constabulary,Cumbria Constabulary,-3.232007,54.117330,On or near Parry Street,E01019158,Barrow-in-Furness 008E,Drugs,Awaiting court outcome,
f56a77bb265ffc6ec55bfcffae900000ffd2e5427881fa0b83abe4fe00cc5428,2021-07,Cumbria Constabulary,Cumbria Constabulary,-3.233384,54.116291,On or near Further/Higher Educational Building,E01019158,Barrow-in-Furness 008E,Drugs,Formal action is not in the public interest,
7cbbfec220c3437644d9db969741159b55574a5281982b5dc9be62cb81fa8110,2021-07,Cumbria Constabulary,Cumbria Constabulary,-3.234373,54.117153,On or near Hood Street,E01019158,Barrow-in-Furness 008E,Other theft,Status update unavailable,
d8d76dc7fbe34587f528974982eb2c0958534a3dd13c07125a8541da3ea07792,2021-07,Cumbria Constabulary,Cumbria Constabulary,-3.232007,54.117330,On or near Parry Street,E01019158,Barrow-in-Furness 008E,Violence and sexual offences,Awaiting court outcome,
e066cde214767f4c5e2920d2a27c356393044560cdc8ca55650b4fa647bc4447,2021-07,Cumbria Constabulary,Cumbria Constabulary,-3.230542,54.116410,On or near Napier Street,E01019158,Barrow-in-Furness 008E,Violence and sexual offences,Court result unavailable,
875d85607757f51ab4d028e24535c06ddedda07286b403896579a21a9d77be34,2021-07,Cumbria Constabulary,Cumbria Constabulary,-3.230542,54.116410,On or near Napier Street,E01019158,Barrow-in-Furness 008E,Violence and sexual offences,Unable to prosecute suspect,
720e181d40e0c2586c13f9da9892f5236eac0ccbb10e20cd7e718f71a889ef6d,2021-07,Cumbria Constabulary,Cumbria Constabulary,-3.231586,54.117055,On or near Cook Street,E01019158,Barrow-in-Furness 008E,Violence and sexual offences,Unable to prosecute suspect,
6d7055289c704de584d175287b136111cce9338212382cc352b15660b760bbca,2021-07,Cumbria Constabulary,Cumbria Constabulary,-3.231638,54.115212,On or near Dundonald Street,E01019158,Barrow-in-Furness 008E,Violence and sexual offences,Awaiting court outcome,
b1a78d38dc31d97005aa6c44870da986c57e2713d3ce51ee50d62c9e1773e677,2021-07,Cumbria Constabulary,Cumbria Constabulary,-3.230678,54.117406,On or near Keyes Street,E01019158,Barrow-in-Furness 008E,Violence and sexual offences,Further investigation is not in the public interest,
87ba455d3822487142966b09b2b3c310926a0bed943a23a9fcfe6c4c87839023,2021-07,Cumbria Constabulary,Cumbria Constabulary,-3.232007,54.117330,On or near Parry Street,E01019158,Barrow-in-Furness 008E,Violence and sexual offences,Unable to prosecute suspect,
fc249843c94fd3ecdee927f43ea211fe54f72bfbc0682bd71ee7dbc8267129aa,2021-07,Cumbria Constabulary,Cumbria Constabulary,-3.254635,54.120880,On or near Combe View,E01019180,Barrow-in-Furness 009A,Other theft,Unable to prosecute suspect,
a1660722ec653ecc46305e3751c719a970638ebc9003c057adb06316f7c99072,2021-07,Cumbria Constabulary,Cumbria Constabulary,-3.252506,54.113208,On or near Sports/Recreation Area,E01019180,Barrow-in-Furness 009A,Other theft,Investigation complete; no suspect identified,
eebba852598a2479133b0ce50b7d8a9817bbfa81e9377a9de17611e31c1a4e57,2021-07,Cumbria Constabulary,Cumbria Constabulary,-3.250356,54.112404,On or near Latona Street,E01019180,Barrow-in-Furness 009A,Vehicle crime,Investigation complete; no suspect identified,
f075085f7a8f1ba22f098b6166fa86dced1966941f5c42da0825b136f1e54e5e,2021-07,Cumbria Constabulary,Cumbria Constabulary,-3.254635,54.120880,On or near Combe View,E01019180,Barrow-in-Furness 009A,Violence and sexual offences,Unable to prosecute suspect,
8e8117647ebce7d1f834ee8b16ceae10d78287b893d9b0a52d67543dd1afcb6a,2021-07,Cumbria Constabulary,Cumbria Constabulary,-3.252506,54.113208,On or near Sports/Recreation Area,E01019180,Barrow-in-Furness 009A,Violence and sexual offences,Further investigation is not in the public interest,
9f530a340396e619c4e416085104d48ff8e38d62b1f69cd194ccb6bf8cef1f22,2021-07,Cumbria Constabulary,Cumbria Constabulary,-3.254635,54.120880,On or near Combe View,E01019180,Barrow-in-Furness 009A,Violence and sexual offences,Unable to prosecute suspect,
d7060809f046e514a2f47e8dd691d8f69cac8a9c5561bbc95903c77db6a19dc3,2021-07,Cumbria Constabulary,Cumbria Constabulary,-3.252506,54.113208,On or near Sports/Recreation Area,E01019180,Barrow-in-Furness 009A,Violence and sexual offences,Unable to prosecute suspect,
5f4b4c8210bcef9574d0359f5ddcebc315bdd5c5ff6b5890c0dd1d0a9b3ba6a9,2021-07,Cumbria Constabulary,Cumbria Constabulary,-3.250356,54.112404,On or near Latona Street,E01019180,Barrow-in-Furness 009A,Violence and sexual offences,Unable to prosecute suspect,
b2bc59a24680f75eb79c9e70ac0e0dfd14b2a3996a5e4a2134c623761d2f7bb6,2021-07,Cumbria Constabulary,Cumbria Constabulary,-3.254635,54.120880,On or near Combe View,E01019180,Barrow-in-Furness 009A,Violence and sexual offences,Unable to prosecute suspect,
,2021-07,Cumbria Constabulary,Cumbria Constabulary,-3.248050,54.108994,On or near French Street,E01019182,Barrow-in-Furness 009C,Anti-social behaviour,,
440139684abe223ee1c300f112d0b0dddbd68c50d845ddf20aae53699aca9e9a,2021-07,Cumbria Constabulary,Cumbria Constabulary,-3.249036,54.111770,On or near Kitchener Street,E01019182,Barrow-in-Furness 009C,Criminal damage and arson,Unable to prosecute suspect,
b3d5aafd46ca9d2904bd3fd2ec8cafd0e68cb70b0b8c02dead23ae806dce9b6e,2021-07,Cumbria Constabulary,Cumbria Constabulary,-3.249036,54.111770,On or near Kitchener Street,E01019182,Barrow-in-Furness 009C,Other theft,Unable to prosecute suspect,
c44869d96d1db761ce77236eaa502bc7771f3039ed052b035dba51bf26601f4e,2021-07,Cumbria Constabulary,Cumbria Constabulary,-3.248931,54.107232,On or near Park Lane,E01019182,Barrow-in-Furness 009C,Public order,Unable to prosecute suspect,
0fc6ff3a4ed1e0142890f408ea4a5198e32e818d75b2198530fd0730ea6fbcb5,2021-07,Cumbria Constabulary,Cumbria Constabulary,-3.248931,54.107232,On or near Park Lane,E01019182,Barrow-in-Furness 009C,Violence and sexual offences,Unable to prosecute suspect,
944b3b2fe3ead5c8b093ba1bdca8e5727f17d7ab2520bfde8fbb07d28b0523d2,2021-07,Cumbria Constabulary,Cumbria Constabulary,-3.248931,54.107232,On or near Park Lane,E01019182,Barrow-in-Furness 009C,Violence and sexual offences,Unable to prosecute suspect,
497133103d9e97aebc220ad60c214e76fa4d815195d6981b55eee6a65289bdd4,2021-07,Cumbria Constabulary,Cumbria Constabulary,-3.248626,54.109815,On or near Lord Roberts Street,E01019182,Barrow-in-Furness 009C,Violence and sexual offences,Status update unavailable,
cd3b1a7e32e550c98b3620f0e61042b642998a00bc6f8dea6993383d5bb56096,2021-07,Cumbria Constabulary,Cumbria Constabulary,-3.258151,54.105626,On or near Black Butts Lane,E01019182,Barrow-in-Furness 009C,Violence and sexual offences,Local resolution,
1e7024d9710d96b6e2e79f1ed5a83313eb5ba07b41877c03682b34ec3c2e2fc6,2021-07,Cumbria Constabulary,Cumbria Constabulary,-3.253295,54.104877,On or near Bristol Street,E01019184,Barrow-in-Furness 009E,Criminal damage and arson,Unable to prosecute suspect,
8458c9d3b0c82e66ca4f0950374ec7c724ae54c8e1c2c1ffeb35d6910d64bbf3,2021-07,Cumbria Constabulary,Cumbria Constabulary,-3.253295,54.104877,On or near Bristol Street,E01019184,Barrow-in-Furness 009E,Violence and sexual offences,Unable to prosecute suspect,
f37f85e3c195f71c793010daba4c798a94b51e553b966fb8f511ea14eb314f96,2021-07,Cumbria Constabulary,Cumbria Constabulary,-3.250582,54.104662,On or near Liverpool Street,E01019184,Barrow-in-Furness 009E,Violence and sexual offences,Unable to prosecute suspect,
8d30775a8375caf88cf42114a2ce6f27b9d4cc94b51251c00f3e806577f943f0,2021-07,Cumbria Constabulary,Cumbria Constabulary,-3.253295,54.104877,On or near Bristol Street,E01019184,Barrow-in-Furness 009E,Violence and sexual offences,Unable to prosecute suspect,
f72da338bfb2ffc6da92bb1efea929f687a1423385d3a411f3429749ec4a2133,2021-07,Cumbria Constabulary,Cumbria Constabulary,-3.253295,54.104877,On or near Bristol Street,E01019184,Barrow-in-Furness 009E,Violence and sexual offences,Unable to prosecute suspect,
8dece26464778edf413bbdd50003b1d7c2d58b4b4eb657c38a35fdfc65b10d56,2021-07,Cumbria Constabulary,Cumbria Constabulary,-3.255102,54.102908,On or near Black Butts Lane,E01019184,Barrow-in-Furness 009E,Violence and sexual offences,Status update unavailable,
e2ba0eaa8ffae26006ed7eaf48d4bb48d90446a2ad15eaa0c05f1c1896469160,2021-07,Cumbria Constabulary,Cumbria Constabulary,-3.247063,54.105652,On or near Natal Road,E01019184,Barrow-in-Furness 009E,Violence and sexual offences,Unable to prosecute suspect,
,2021-07,Cumbria Constabulary,Cumbria Constabulary,-3.263181,54.113618,On or near Calder Green,E01033160,Barrow-in-Furness 009F,Anti-social behaviour,,
,2021-07,Cumbria Constabulary,Cumbria Constabulary,-3.259031,54.109428,On or near Tweed Rise,E01033160,Barrow-in-Furness 009F,Anti-social behaviour,,
,2021-07,Cumbria Constabulary,Cumbria Constabulary,-3.269387,54.118442,On or near Parking Area,E01033160,Barrow-in-Furness 009F,Anti-social behaviour,,
,2021-07,Cumbria Constabulary,Cumbria Constabulary,-3.259176,54.111700,On or near Lyne Close,E01033160,Barrow-in-Furness 009F,Anti-social behaviour,,
,2021-07,Cumbria Constabulary,Cumbria Constabulary,-3.260986,54.112859,On or near Eamont Close,E01033160,Barrow-in-Furness 009F,Anti-social behaviour,,
,2021-07,Cumbria Constabulary,Cumbria Constabulary,-3.269387,54.118442,On or near Parking Area,E01033160,Barrow-in-Furness 009F,Anti-social behaviour,,
d48329d1b0275ec501d56c2edef378a0ee21064fafdab073a79111a8c0250e1c,2021-07,Cumbria Constabulary,Cumbria Constabulary,-3.261688,54.112285,On or near Duddon Drive,E01033160,Barrow-in-Furness 009F,Criminal damage and arson,Local resolution,
8f2a1a06a484b3aa12dacee5929ba6bc388211b84feb172d2015b0465203837f,2021-07,Cumbria Constabulary,Cumbria Constabulary,-3.263198,54.115658,On or near Irwell Road,E01033160,Barrow-in-Furness 009F,Other theft,Unable to prosecute suspect,
063cf9f69bd7f59482b562fc641fdb9b7c219af397974bf807dd7d999e7a73f5,2021-07,Cumbria Constabulary,Cumbria Constabulary,-3.261688,54.112285,On or near Duddon Drive,E01033160,Barrow-in-Furness 009F,Other theft,Unable to prosecute suspect,
a5a80d38aaaa7f41a735d3b64c1c951aa080263a16f6656ebc105217e08b77da,2021-07,Cumbria Constabulary,Cumbria Constabulary,-3.261688,54.112285,On or near Duddon Drive,E01033160,Barrow-in-Furness 009F,Other theft,Unable to prosecute suspect,
986d1f539a3f1c1893e3e2e54cb0552b3562c353819f0121d5dffe2a02f914a5,2021-07,Cumbria Constabulary,Cumbria Constabulary,-3.263181,54.113618,On or near Calder Green,E01033160,Barrow-in-Furness 009F,Public order,Status update unavailable,
a3f26ffdf9baddf5db0bb0c2d4f03013a0d14b8dae29b956ae111878bea1f68e,2021-07,Cumbria Constabulary,Cumbria Constabulary,-3.259884,54.109814,On or near Tees Gardens,E01033160,Barrow-in-Furness 009F,Public order,Status update unavailable,
10f30e096f914c6f77796c25d9317764d3131044863c926153b1d38e7535df40,2021-07,Cumbria Constabulary,Cumbria Constabulary,-3.261688,54.112285,On or near Duddon Drive,E01033160,Barrow-in-Furness 009F,Public order,Further investigation is not in the public interest,
56933620d95771c946d5f9a870b2c1f6ab625dd40013186c375086486e926faf,2021-07,Cumbria Constabulary,Cumbria Constabulary,-3.259884,54.109814,On or near Tees Gardens,E01033160,Barrow-in-Furness 009F,Public order,Unable to prosecute suspect,
8099f1465138b64b7b8b24bac2a4b2d73461a5f696afc69b8949be84e60f1a53,2021-07,Cumbria Constabulary,Cumbria Constabulary,-3.259836,54.110750,On or near Mersey Road,E01033160,Barrow-in-Furness 009F,Public order,Unable to prosecute suspect,
2b6f2f01866b407b464d0a1073c6d3d4a2e687084075726ff6a9eeaf9b79b403,2021-07,Cumbria Constabulary,Cumbria Constabulary,-3.260986,54.112859,On or near Eamont Close,E01033160,Barrow-in-Furness 009F,Public order,Unable to prosecute suspect,
e6a94fe5cf5850a155040fb7a3037873f1be9818d9c515de3722bcf552915d11,2021-07,Cumbria Constabulary,Cumbria Constabulary,-3.261688,54.112285,On or near Duddon Drive,E01033160,Barrow-in-Furness 009F,Public order,Unable to prosecute suspect,
288f6cc86ada13e217b7432323bcef11aff9d7705892f012548aae69dfa133e8,2021-07,Cumbria Constabulary,Cumbria Constabulary,-3.264421,54.112113,On or near Darent Avenue,E01033160,Barrow-in-Furness 009F,Vehicle crime,Unable to prosecute suspect,
511c9601b80101c4b98d487b9be67c4bec8fe170003155856828b30260788bcf,2021-07,Cumbria Constabulary,Cumbria Constabulary,-3.264421,54.112113,On or near Darent Avenue,E01033160,Barrow-in-Furness 009F,Violence and sexual offences,Unable to prosecute suspect,
c02d9ad66847b67b2b6858430bd299de66c4553bb7db58bcc3198ef873156602,2021-07,Cumbria Constabulary,Cumbria Constabulary,-3.259884,54.109814,On or near Tees Gardens,E01033160,Barrow-in-Furness 009F,Violence and sexual offences,Unable to prosecute suspect,
96bc11c663f28eed0afe02802b6d536de8d1406d825c4d8885eb7863c1d9234c,2021-07,Cumbria Constabulary,Cumbria Constabulary,-3.259884,54.109814,On or near Tees Gardens,E01033160,Barrow-in-Furness 009F,Violence and sexual offences,Unable to prosecute suspect,
42aae015680572bef6bbe5ab980137f19f7b59abd6e63b0ba138f32445986bb0,2021-07,Cumbria Constabulary,Cumbria Constabulary,-3.263878,54.112891,On or near Kennet Road,E01033160,Barrow-in-Furness 009F,Violence and sexual offences,Unable to prosecute suspect,
6c92b6a36d3366918a54f23ef9d5e3913c41d2e531034a6abee5933f67f3ae6e,2021-07,Cumbria Constabulary,Cumbria Constabulary,-3.262548,54.111899,On or near Conway Gardens,E01033160,Barrow-in-Furness 009F,Violence and sexual offences,Unable to prosecute suspect,
0a728455e1a1724e0eb075e4974f35497ae299bacdfb48ecc537a1420d5de371,2021-07,Cumbria Constabulary,Cumbria Constabulary,-3.261688,54.112285,On or near Duddon Drive,E01033160,Barrow-in-Furness 009F,Violence and sexual offences,Unable to prosecute suspect,
a6a59f5c0cdb72ac41388dec35541d2baf47f87f545676ea9c1bc4a37ec26056,2021-07,Cumbria Constabulary,Cumbria Constabulary,-3.261688,54.112285,On or near Duddon Drive,E01033160,Barrow-in-Furness 009F,Violence and sexual offences,Unable to prosecute suspect,
5be3f494df43eb73cfcc4aeed211e212716136460d5797f1f8b46e9e1dded638,2021-07,Cumbria Constabulary,Cumbria Constabulary,-3.259836,54.110750,On or near Mersey Road,E01033160,Barrow-in-Furness 009F,Violence and sexual offences,Unable to prosecute suspect,
ad06a2d2400d226739d63de182713b09f450aa06a4c1829e8945d3d7da424a3e,2021-07,Cumbria Constabulary,Cumbria Constabulary,-3.264162,54.113679,On or near Severn Road,E01033160,Barrow-in-Furness 009F,Violence and sexual offences,Unable to prosecute suspect,
,2021-07,Cumbria Constabulary,Cumbria Constabulary,-3.228278,54.103481,On or near Island Road,E01019138,Barrow-in-Furness 010A,Anti-social behaviour,,
2197c5ed84f251da35673fded8906780f5c5361592f871e4db9f508883e301de,2021-07,Cumbria Constabulary,Cumbria Constabulary,-3.226827,54.103568,On or near Dundalk Street,E01019138,Barrow-in-Furness 010A,Burglary,Unable to prosecute suspect,
5f1474637b0f0461eaf5eae199d886a0ba775b92901f0f5f001baf88d94419c8,2021-07,Cumbria Constabulary,Cumbria Constabulary,-3.228278,54.103481,On or near Island Road,E01019138,Barrow-in-Furness 010A,Other theft,Unable to prosecute suspect,
35af1c5058fa616348fdf4ccf9e8d1aedcfa7aa82a7c40ad9c4372c443bd3ea0,2021-07,Cumbria Constabulary,Cumbria Constabulary,-3.229294,54.102689,On or near Schooner Street,E01019138,Barrow-in-Furness 010A,Public order,Unable to prosecute suspect,
18f490148f03df5f608af3e15a7f3e9f033dd5c7a815b436d59e8562990326bb,2021-07,Cumbria Constabulary,Cumbria Constabulary,-3.225413,54.101767,On or near Aberdare Street,E01019138,Barrow-in-Furness 010A,Violence and sexual offences,Unable to prosecute suspect,
930364e4dbeb22e915285d3a26b7804ffc2af36dfa182020a5821eccec3a2415,2021-07,Cumbria Constabulary,Cumbria Constabulary,-3.229294,54.102689,On or near Schooner Street,E01019138,Barrow-in-Furness 010A,Violence and sexual offences,Unable to prosecute suspect,
39bdc875bb88bc272c9f73c9bf6cc34fa76f883828b3cfed4266d6bbf0c71149,2021-07,Cumbria Constabulary,Cumbria Constabulary,-3.229052,54.102242,On or near Anchor Road,E01019138,Barrow-in-Furness 010A,Violence and sexual offences,Unable to prosecute suspect,
1fa88e856f4262c60faec60f07892369e2c475c7046fe32933a8939bd81566fa,2021-07,Cumbria Constabulary,Cumbria Constabulary,-3.229294,54.102689,On or near Schooner Street,E01019138,Barrow-in-Furness 010A,Violence and sexual offences,Unable to prosecute suspect,
8b2099f6fde6ee3f953bae382ee1fe619ebaca82203dd1af148fb23e2c0e7e56,2021-07,Cumbria Constabulary,Cumbria Constabulary,-3.226827,54.103568,On or near Dundalk Street,E01019138,Barrow-in-Furness 010A,Violence and sexual offences,Unable to prosecute suspect,
4c2fd5a14aa192443f1fa1e9dd04ea51e419407904f173d630455d627e8daf17,2021-07,Cumbria Constabulary,Cumbria Constabulary,-3.228367,54.101314,On or near Ayr Street,E01019138,Barrow-in-Furness 010A,Violence and sexual offences,Unable to prosecute suspect,
3dd9647abf57169b170191b4926839efefdb0647d8015f2c2a5ca4b78bf799a8,2021-07,Cumbria Constabulary,Cumbria Constabulary,-3.229294,54.102689,On or near Schooner Street,E01019138,Barrow-in-Furness 010A,Violence and sexual offences,Unable to prosecute suspect,
82d564716e6ee9c353013181e67baad60955a2d718a166c1b6c41ecb4adc2c04,2021-07,Cumbria Constabulary,Cumbria Constabulary,-3.229294,54.102689,On or near Schooner Street,E01019138,Barrow-in-Furness 010A,Violence and sexual offences,Unable to prosecute suspect,
e3e9921c6d29479cb8b7cf6ac7c74034c82d6cd830d7e97759c6a846d7d8d3a6,2021-07,Cumbria Constabulary,Cumbria Constabulary,-3.229052,54.102242,On or near Anchor Road,E01019138,Barrow-in-Furness 010A,Violence and sexual offences,Unable to prosecute suspect,
189fe17938c3938f81f90abe3923bec1b6d38b00f9cc83130626d4d71c5f92c1,2021-07,Cumbria Constabulary,Cumbria Constabulary,-3.228127,54.102539,On or near Aberdeen Street,E01019138,Barrow-in-Furness 010A,Violence and sexual offences,Unable to prosecute suspect,
,2021-07,Cumbria Constabulary,Cumbria Constabulary,-3.230020,54.103445,On or near Steamer Street,E01019139,Barrow-in-Furness 010B,Anti-social behaviour,,
,2021-07,Cumbria Constabulary,Cumbria Constabulary,-3.231417,54.102065,On or near Siemen'S Street,E01019139,Barrow-in-Furness 010B,Anti-social behaviour,,
,2021-07,Cumbria Constabulary,Cumbria Constabulary,-3.230020,54.103445,On or near Steamer Street,E01019139,Barrow-in-Furness 010B,Anti-social behaviour,,
,2021-07,Cumbria Constabulary,Cumbria Constabulary,-3.230542,54.104536,On or near Buxton Street,E01019139,Barrow-in-Furness 010B,Anti-social behaviour,,
3b8fc4cd33257677df02eee35468cdbfa19b07f9a9605f03696f7c70f73acd29,2021-07,Cumbria Constabulary,Cumbria Constabulary,-3.235702,54.107827,On or near Ivy Avenue,E01019139,Barrow-in-Furness 010B,Bicycle theft,Investigation complete; no suspect identified,
807d4460aafff2d7dbc6d97c019c331e2a7a9de19e365a603dd4690a99e1c9c2,2021-07,Cumbria Constabulary,Cumbria Constabulary,-3.237981,54.108855,On or near Stanley Road,E01019139,Barrow-in-Furness 010B,Criminal damage and arson,Investigation complete; no suspect identified,
28a8b073ac84363f87489d15c4539a61fc80a1340597c2bcc826773fa1131622,2021-07,Cumbria Constabulary,Cumbria Constabulary,-3.231417,54.102065,On or near Siemen'S Street,E01019139,Barrow-in-Furness 010B,Drugs,Further action is not in the public interest,
a1961dd0d96446dddb1fc22d60fb68b62e912fac37847901d05330e022256af4,2021-07,Cumbria Constabulary,Cumbria Constabulary,-3.241017,54.108051,On or near A590,E01019139,Barrow-in-Furness 010B,Possession of weapons,Court result unavailable,
8e46f79f2afc88f44d5b9e49c741ef4f5584b5612a8d9c4d4f6020d9afaa56de,2021-07,Cumbria Constabulary,Cumbria Constabulary,-3.230482,54.101481,On or near James Watt Terrace,E01019139,Barrow-in-Furness 010B,Public order,Unable to prosecute suspect,
2e6ba9b94a5416cd548fa8e3be5a2ced255c352c2486934127cfcb80da5c41fe,2021-07,Cumbria Constabulary,Cumbria Constabulary,-3.231417,54.102065,On or near Siemen'S Street,E01019139,Barrow-in-Furness 010B,Violence and sexual offences,Unable to prosecute suspect,
7b5f684c37651b5cacc4483fd29171b13b536dfb5b83253e832d2a056f698f7f,2021-07,Cumbria Constabulary,Cumbria Constabulary,-3.237981,54.108855,On or near Stanley Road,E01019139,Barrow-in-Furness 010B,Violence and sexual offences,Investigation complete; no suspect identified,
22c60521a2b31294cc3690839d3332654d95e81cdbc0a9a8ad827f7c2273284e,2021-07,Cumbria Constabulary,Cumbria Constabulary,-3.235702,54.107827,On or near Ivy Avenue,E01019139,Barrow-in-Furness 010B,Violence and sexual offences,Further action is not in the public interest,
1db19d1a961985aa1a00211ba759aa6f9454b7ac773cb44b2c51c26eae19e6cc,2021-07,Cumbria Constabulary,Cumbria Constabulary,-3.231417,54.102065,On or near Siemen'S Street,E01019139,Barrow-in-Furness 010B,Violence and sexual offences,Further action is not in the public interest,
cbabb3bd97bd4d46cc82802218608460334f109893a8b65ebe0285b2b1777061,2021-07,Cumbria Constabulary,Cumbria Constabulary,-3.235702,54.107827,On or near Ivy Avenue,E01019139,Barrow-in-Furness 010B,Violence and sexual offences,Further action is not in the public interest,
cf86cdf0a0e6aaf8ae29fd63e86f9711e99fb5c61c618d0f39d0d4bc258c1e89,2021-07,Cumbria Constabulary,Cumbria Constabulary,-3.231558,54.103223,On or near Ship Street,E01019139,Barrow-in-Furness 010B,Violence and sexual offences,Unable to prosecute suspect,
d954b4b458851330e0f090cb35bbb29298263b0b403a8163ffc9c251d9d40914,2021-07,Cumbria Constabulary,Cumbria Constabulary,-3.231417,54.102065,On or near Siemen'S Street,E01019139,Barrow-in-Furness 010B,Violence and sexual offences,Unable to prosecute suspect,
8b055c2d53a9de6cd9db601147ecd41f70a18d4168f24d2a8c6d5ae7205efafb,2021-07,Cumbria Constabulary,Cumbria Constabulary,-3.230020,54.103445,On or near Steamer Street,E01019139,Barrow-in-Furness 010B,Violence and sexual offences,Unable to prosecute suspect,
b7e462425bbd8bc71ef323fb913502418321600dec0e5cb9189da100395083c5,2021-07,Cumbria Constabulary,Cumbria Constabulary,-3.254828,54.101445,On or near Shearwater Crescent,E01019185,Barrow-in-Furness 010C,Shoplifting,Court result unavailable,
8ec16c926e7c157914bdf2fbb5f3932351a2c7332ab4a5d8952b17e66a3f1d38,2021-07,Cumbria Constabulary,Cumbria Constabulary,-3.256501,54.101653,On or near Mallard Drive,E01019185,Barrow-in-Furness 010C,Violence and sexual offences,Unable to prosecute suspect,
bad4daff6ec669468805da606d321b90c734e4ae270b683289a07cf3a6c66c3f,2021-07,Cumbria Constabulary,Cumbria Constabulary,-3.250880,54.102898,On or near Strathmore Avenue,E01019185,Barrow-in-Furness 010C,Violence and sexual offences,Unable to prosecute suspect,
e07d2e913c2a36f268bf9308bbee259185e38a0f0cca67d915351d324c5a01eb,2021-07,Cumbria Constabulary,Cumbria Constabulary,-3.248107,54.103753,On or near Vengeance Street,E01019186,Barrow-in-Furness 010D,Violence and sexual offences,Unable to prosecute suspect,
091ea647b3910581d69465fdcd24a036dcf7b3c5ccb72832e2a92f3d5a46cedc,2021-07,Cumbria Constabulary,Cumbria Constabulary,-3.248687,54.105221,On or near Folkestone Avenue,E01019186,Barrow-in-Furness 010D,Violence and sexual offences,Unable to prosecute suspect,
0557806ae015cdb06f3bb7dcf632e67aae895e148bf1924e74c77db0313fb5e9,2021-07,Cumbria Constabulary,Cumbria Constabulary,-3.245942,54.100927,On or near Avon Street,E01019187,Barrow-in-Furness 010E,Burglary,Unable to prosecute suspect,
3dd2afdd6bb8fecacb82bf96c77ed85ddb52b4942938b71c3da4f3f2d5d0593f,2021-07,Cumbria Constabulary,Cumbria Constabulary,-3.246917,54.099784,On or near Orion Terrace,E01019187,Barrow-in-Furness 010E,Other theft,Unable to prosecute suspect,
66da73c0b34ba13b83dcae0b681f49968266de70e1867e1543c5fdb1491dc5cc,2021-07,Cumbria Constabulary,Cumbria Constabulary,-3.255677,54.097158,On or near Beach Crescent,E01019187,Barrow-in-Furness 010E,Violence and sexual offences,Unable to prosecute suspect,
715ce01b92da4e5a45a29181f44953b51078f897e8952d91f05580eb755a0090,2021-07,Cumbria Constabulary,Cumbria Constabulary,-3.051931,53.850913,On or near Pennystone Road,E01012666,Blackpool 003A,Violence and sexual offences,Status update unavailable,
7173b358d667bba835a54107f226590dbde0072b778c96e62f52db9c9bec7dff,2021-07,Cumbria Constabulary,Cumbria Constabulary,-1.894077,53.728713,On or near West View Terrace,E01010930,Calderdale 010B,Violence and sexual offences,Status update unavailable,
069edaa10100104d4465d2ed2b86a01f4f91ded08166c414a71bf6f3e3e9771c,2021-07,Cumbria Constabulary,Cumbria Constabulary,-1.894077,53.728713,On or near West View Terrace,E01010930,Calderdale 010B,Violence and sexual offences,Status update unavailable,
b3ceb1da68b96d4f40ccc0dfc40494c48cf0cf523089e7055adbf227a45594ec,2021-07,Cumbria Constabulary,Cumbria Constabulary,-1.894077,53.728713,On or near West View Terrace,E01010930,Calderdale 010B,Violence and sexual offences,Status update unavailable,
9aa5b823643aad785b5c86ad10729145c193c1aa24c3ddbcc0934e9712a1a181,2021-07,Cumbria Constabulary,Cumbria Constabulary,-2.979741,54.950845,On or near Petrol Station,E01019226,Carlisle 001A,Other theft,Further investigation is not in the public interest,
4c357daa90192887197799272619724cbe592008b85e5cd24bb38c9e51ddcbab,2021-07,Cumbria Constabulary,Cumbria Constabulary,-2.979741,54.950845,On or near Petrol Station,E01019226,Carlisle 001A,Other theft,Investigation complete; no suspect identified,
a8c8735a1801d04307c2c5fcaff2d96b8566738de0b7e0b2470cdd4b978fb70b,2021-07,Cumbria Constabulary,Cumbria Constabulary,-3.002696,54.945931,On or near School Lane,E01019226,Carlisle 001A,Violence and sexual offences,Investigation complete; no suspect identified,
,2021-07,Cumbria Constabulary,Cumbria Constabulary,-2.962306,55.012471,On or near Liddel Road,E01019227,Carlisle 001B,Anti-social behaviour,,
,2021-07,Cumbria Constabulary,Cumbria Constabulary,-2.963255,55.010954,On or near Moor Place,E01019227,Carlisle 001B,Anti-social behaviour,,
9c75787bf85ff1cad1ec761094c9656b55ffca15a38d8eebdcd2b131c30f42ea,2021-07,Cumbria Constabulary,Cumbria Constabulary,-2.968680,55.008322,On or near Burn Street,E01019227,Carlisle 001B,Criminal damage and arson,Investigation complete; no suspect identified,
23a3f496e7450e1c96c59aecff92c73f9de50cd64dc5032c967a290a22579362,2021-07,Cumbria Constabulary,Cumbria Constabulary,-2.963413,55.011662,On or near Stackbraes Road,E01019227,Carlisle 001B,Criminal damage and arson,Investigation complete; no suspect identified,
101562192e944e77d6490adfe86cff9f1c9d0fd1c692f2e73ff19ca6b1192935,2021-07,Cumbria Constabulary,Cumbria Constabulary,-2.966435,55.009868,On or near Mary Street,E01019227,Carlisle 001B,Public order,Unable to prosecute suspect,
6aec6c89c80a7625b2676d54cd3436732c4e2021701c72162dc17200d460a1fd,2021-07,Cumbria Constabulary,Cumbria Constabulary,-2.970014,55.009148,On or near Swan Street,E01019227,Carlisle 001B,Violence and sexual offences,Unable to prosecute suspect,
5f9c8de615f6c4dfe13f1a06f70306899498c4043a85bf89b6ed9730a50a9e66,2021-07,Cumbria Constabulary,Cumbria Constabulary,-2.960898,55.012437,On or near Dukes Wood Road,E01019227,Carlisle 001B,Violence and sexual offences,Status update unavailable,
5019e857ae031e3978882342a33141a55cdc8d7670a84297b84c8b0abe953f9b,2021-07,Cumbria Constabulary,Cumbria Constabulary,-2.966435,55.009868,On or near Mary Street,E01019227,Carlisle 001B,Violence and sexual offences,Unable to prosecute suspect,
49dcd4521ac8baafa28c708ac9f4d84dfc96c4332cea591c8ac417caa3e38e99,2021-07,Cumbria Constabulary,Cumbria Constabulary,-2.960898,55.012437,On or near Dukes Wood Road,E01019227,Carlisle 001B,Violence and sexual offences,Unable to prosecute suspect,
4e555b93cb464fbaae02f1d9a46740a93a9f3ccb916ea2215c11815e4d89552d,2021-07,Cumbria Constabulary,Cumbria Constabulary,-2.969450,55.007184,On or near Albert Street,E01019227,Carlisle 001B,Violence and sexual offences,Local resolution,
d6ae96b22e9f22889dc55c71b46e960d7405140b8f9b028d16523749858d0dc9,2021-07,Cumbria Constabulary,Cumbria Constabulary,-2.960898,55.012437,On or near Dukes Wood Road,E01019227,Carlisle 001B,Violence and sexual offences,Status update unavailable,
5f4866ce9da35cae00eaf32186b2c49fe5c32a2d7a47ad197b7c9200a47cc1fb,2021-07,Cumbria Constabulary,Cumbria Constabulary,-2.960898,55.012437,On or near Dukes Wood Road,E01019227,Carlisle 001B,Violence and sexual offences,Unable to prosecute suspect,
3ce916d2eadc71d5f6e036a2fecd664ab32f8e4f7c5d50fa7a065482cb617613,2021-07,Cumbria Constabulary,Cumbria Constabulary,-2.960898,55.012437,On or near Dukes Wood Road,E01019227,Carlisle 001B,Violence and sexual offences,Unable to prosecute suspect,
8b4b3674ba4e9d5fd5d8dae072b50489949e679a4553a9d1468a390a8a52ac34,2021-07,Cumbria Constabulary,Cumbria Constabulary,-2.963413,55.011662,On or near Stackbraes Road,E01019227,Carlisle 001B,Violence and sexual offences,Unable to prosecute suspect,
e1bbcfbaae0457f03e89a852806e3dfcf15888e0057f0ee877378e9673a2900a,2021-07,Cumbria Constabulary,Cumbria Constabulary,-2.962306,55.012471,On or near Liddel Road,E01019227,Carlisle 001B,Violence and sexual offences,Investigation complete; no suspect identified,
37f614a48dc21666e3f790e7b0a30c3ce692208fad2a7bc0a6ad42b59ae13163,2021-07,Cumbria Constabulary,Cumbria Constabulary,-2.960898,55.012437,On or near Dukes Wood Road,E01019227,Carlisle 001B,Other crime,Status update unavailable,
bda86feb800f3814e3298b734d333738b5562ffd6e55268393cb443bc327663a,2021-07,Cumbria Constabulary,Cumbria Constabulary,-2.960898,55.012437,On or near Dukes Wood Road,E01019227,Carlisle 001B,Other crime,Unable to prosecute suspect,
26b7a0f45504367400e951f92c3a2f57a67ac9203fb240fcc52c53b9a39b2937,2021-07,Cumbria Constabulary,Cumbria Constabulary,-2.970584,55.009458,On or near Ward Street,E01019228,Carlisle 001C,Criminal damage and arson,Investigation complete; no suspect identified,
2bcbe6fd445eae756221a6f2939695145f206bb5d0607449c18029b6c52cff53,2021-07,Cumbria Constabulary,Cumbria Constabulary,-2.968980,55.005166,On or near Carlisle Road,E01019228,Carlisle 001C,Criminal damage and arson,Investigation complete; no suspect identified,
6dfaed796b67c26f5570e4f5b7b0a4587a7b12cef4d31a4bfac35601c246791c,2021-07,Cumbria Constabulary,Cumbria Constabulary,-3.047411,54.992788,On or near A74(M),E01019228,Carlisle 001C,Other theft,Further investigation is not in the public interest,
261931a79b7a07e8321bd089649f643845175302119ce7a28c10d7d61f4cad45,2021-07,Cumbria Constabulary,Cumbria Constabulary,-2.968980,55.005166,On or near Carlisle Road,E01019228,Carlisle 001C,Possession of weapons,Unable to prosecute suspect,
13b3c980431b88f3f52b7b0d5369082a253a917ed2cabffb04f54cd194955765,2021-07,Cumbria Constabulary,Cumbria Constabulary,-2.973625,55.009757,On or near Petrol Station,E01019228,Carlisle 001C,Vehicle crime,Investigation complete; no suspect identified,
9001c03f9b986b4e827245060ce1153547654505bdba40af1d8b94d26caa9827,2021-07,Cumbria Constabulary,Cumbria Constabulary,-2.948691,54.983542,On or near Cliff Road,E01019228,Carlisle 001C,Vehicle crime,Unable to prosecute suspect,
53500ea86d091ae41d8977618dae5913473a9e09b6fc0d8fc978c5149f5e3231,2021-07,Cumbria Constabulary,Cumbria Constabulary,-2.926324,55.052498,On or near Park/Open Space,E01019228,Carlisle 001C,Violence and sexual offences,Further investigation is not in the public interest,
d1dc26ea400bfcabcf8e6ee33476ac8141533bf3a271e0c09d98ab4ba57abd93,2021-07,Cumbria Constabulary,Cumbria Constabulary,-2.926324,55.052498,On or near Park/Open Space,E01019228,Carlisle 001C,Violence and sexual offences,Unable to prosecute suspect,
2c4a95585852d4d173e00112f5787769e86080c8edb71f86dd026c5959818dfc,2021-07,Cumbria Constabulary,Cumbria Constabulary,-2.963336,55.008455,On or near Sports/Recreation Area,E01019228,Carlisle 001C,Violence and sexual offences,Unable to prosecute suspect,
bb07247fa145c564c4f542b2052978979cb9aeaa013a586bef2d95f044cda701,2021-07,Cumbria Constabulary,Cumbria Constabulary,-2.973625,55.009757,On or near Petrol Station,E01019228,Carlisle 001C,Violence and sexual offences,Investigation complete; no suspect identified,
1b0dd2a5c0de22e0924add202ad5ab350ab98679a54b74cdc30ca0d77fa3b8bc,2021-07,Cumbria Constabulary,Cumbria Constabulary,-2.970584,55.009458,On or near Ward Street,E01019228,Carlisle 001C,Violence and sexual offences,Unable to prosecute suspect,
b6dc0e6180d5f06f30b7a921b81c7a00334d9a6c632b0cd85002bf4d4f214615,2021-07,Cumbria Constabulary,Cumbria Constabulary,-2.926324,55.052498,On or near Park/Open Space,E01019228,Carlisle 001C,Violence and sexual offences,Unable to prosecute suspect,
,2021-07,Cumbria Constabulary,Cumbria Constabulary,-2.874666,54.980574,On or near Ryehill Park,E01019229,Carlisle 001D,Anti-social behaviour,,
,2021-07,Cumbria Constabulary,Cumbria Constabulary,-2.758344,55.043919,On or near Lyneholmeford,E01019229,Carlisle 001D,Anti-social behaviour,,
,2021-07,Cumbria Constabulary,Cumbria Constabulary,-2.756538,55.066845,On or near Auction Close,E01019229,Carlisle 001D,Anti-social behaviour,,
c61ab26af021e77560ea84492aa5cdb6f82d6ca9e76174f86e364be7fff226d2,2021-07,Cumbria Constabulary,Cumbria Constabulary,-2.636970,55.087659,On or near White Preston,E01019229,Carlisle 001D,Criminal damage and arson,Unable to prosecute suspect,
cbd72ba453f36ace51c64ae90b3bf1f12594361e03dfdcd880ecd4d7c8504765,2021-07,Cumbria Constabulary,Cumbria Constabulary,-2.845831,55.083476,On or near B6318,E01019229,Carlisle 001D,Criminal damage and arson,Local resolution,
0c233063332a90439ccdd2be3ef94a1b75fb2cd97e0e63ff162b56534101b841,2021-07,Cumbria Constabulary,Cumbria Constabulary,-2.845831,55.083476,On or near B6318,E01019229,Carlisle 001D,Violence and sexual offences,Local resolution,
b4e7ffb61e29e47bbb92547323593f8781b2a4708aa65db85d6bf6f0673eb888,2021-07,Cumbria Constabulary,Cumbria Constabulary,-2.780485,55.082384,On or near Sleetbeck Road,E01019229,Carlisle 001D,Violence and sexual offences,Unable to prosecute suspect,
,2021-07,Cumbria Constabulary,Cumbria Constabulary,-2.729972,54.941548,On or near Craw Park,E01019200,Carlisle 002A,Anti-social behaviour,,
,2021-07,Cumbria Constabulary,Cumbria Constabulary,-2.724470,54.942902,On or near Petrol Station,E01019200,Carlisle 002A,Anti-social behaviour,,
,2021-07,Cumbria Constabulary,Cumbria Constabulary,-2.724470,54.942902,On or near Petrol Station,E01019200,Carlisle 002A,Anti-social behaviour,,
,2021-07,Cumbria Constabulary,Cumbria Constabulary,-2.724470,54.942902,On or near Petrol Station,E01019200,Carlisle 002A,Anti-social behaviour,,
f944e4247dc9f5dfb4a1e9b261c8d833da91fc38616a63baa3a70c404d56cf1a,2021-07,Cumbria Constabulary,Cumbria Constabulary,-2.726457,54.938811,On or near Hospital,E01019200,Carlisle 002A,Burglary,Investigation complete; no suspect identified,
ee2e4065d3ade37d18359b6abd9a4fcaea6c3ed2e57d8510953019fd180816c0,2021-07,Cumbria Constabulary,Cumbria Constabulary,-2.735484,54.940787,On or near Showfield,E01019200,Carlisle 002A,Violence and sexual offences,Unable to prosecute suspect,
7574263b16f171fc86425f58fb4b473c14f0f9799d7eb5272262506166c68a1a,2021-07,Cumbria Constabulary,Cumbria Constabulary,-2.730183,54.936829,On or near Paving Brow,E01019200,Carlisle 002A,Violence and sexual offences,Unable to prosecute suspect,
,2021-07,Cumbria Constabulary,Cumbria Constabulary,-2.736316,54.941888,On or near Front Street,E01019201,Carlisle 002B,Anti-social behaviour,,
,2021-07,Cumbria Constabulary,Cumbria Constabulary,-2.733958,54.941857,On or near Surgery Lane,E01019201,Carlisle 002B,Anti-social behaviour,,
1621fdc35724905895c117611dcf6a5949308f0ef78d58732b5a12adbe947746,2021-07,Cumbria Constabulary,Cumbria Constabulary,-2.736316,54.941888,On or near Front Street,E01019201,Carlisle 002B,Criminal damage and arson,Unable to prosecute suspect,
90d5149f02c7018674b7998ef4dadfaa6e11fc2b9243d3ed54485affd064e363,2021-07,Cumbria Constabulary,Cumbria Constabulary,-2.740480,54.940856,On or near St Martin'S Drive,E01019201,Carlisle 002B,Criminal damage and arson,Investigation complete; no suspect identified,
dfc8e89b5ae8ff77c8df751e74966975c4f8a9cf0329059925bd870745146bcf,2021-07,Cumbria Constabulary,Cumbria Constabulary,-2.739627,54.941984,On or near Police Station,E01019201,Carlisle 002B,Criminal damage and arson,Investigation complete; no suspect identified,
0c31e53d73e12556ad23403eb80e3886642f304c2724c3b5d3ee2d0241ba065d,2021-07,Cumbria Constabulary,Cumbria Constabulary,-2.741596,54.942943,On or near Howard Gardens,E01019201,Carlisle 002B,Violence and sexual offences,Unable to prosecute suspect,
639be055f81df97720fbacc567e6a685afe3eec10af7646cfc88647943626ee6,2021-07,Cumbria Constabulary,Cumbria Constabulary,-2.744585,54.941657,On or near Townfoot Park,E01019201,Carlisle 002B,Violence and sexual offences,Unable to prosecute suspect,
7a8863a9966e9da44ff32c68dc41a18419973e15f09823abb5f5c93edcd5953f,2021-07,Cumbria Constabulary,Cumbria Constabulary,-2.736316,54.941888,On or near Front Street,E01019201,Carlisle 002B,Violence and sexual offences,Unable to prosecute suspect,
30f7064c6e35c94422f8d9274ae5c60164d989c92c169134ec40310777221a6e,2021-07,Cumbria Constabulary,Cumbria Constabulary,-2.739627,54.941984,On or near Police Station,E01019201,Carlisle 002B,Violence and sexual offences,Investigation complete; no suspect identified,
27c6db03caa5b3b8056a831465ba617ed85edf6a2a240ff610c037bdec8cba31,2021-07,Cumbria Constabulary,Cumbria Constabulary,-2.738399,54.939718,On or near Kingwater Close,E01019201,Carlisle 002B,Violence and sexual offences,Unable to prosecute suspect,
fb6c26de512f69b7728be803b54f2e5467b8b6a5b94d6fdbfa96d6ef3cda8c9a,2021-07,Cumbria Constabulary,Cumbria Constabulary,-2.740902,54.943441,On or near Longtown Road,E01019201,Carlisle 002B,Violence and sexual offences,Unable to prosecute suspect,
,2021-07,Cumbria Constabulary,Cumbria Constabulary,-2.732945,54.943678,On or near Moat Street,E01019202,Carlisle 002C,Anti-social behaviour,,
,2021-07,Cumbria Constabulary,Cumbria Constabulary,-2.732239,54.946936,On or near Stanley Road,E01019202,Carlisle 002C,Anti-social behaviour,,
,2021-07,Cumbria Constabulary,Cumbria Constabulary,-2.734665,54.943812,On or near Union Lane,E01019202,Carlisle 002C,Anti-social behaviour,,
938e175407e21358945335ce9ee79968f9e462787f341f0d2dc4681a994c7435,2021-07,Cumbria Constabulary,Cumbria Constabulary,-2.733416,54.942975,On or near Supermarket,E01019202,Carlisle 002C,Criminal damage and arson,Investigation complete; no suspect identified,
6b4894a70869cba2d038d73b08ad7a2ad0fe7e13e1c8c979bed3aa38813ac413,2021-07,Cumbria Constabulary,Cumbria Constabulary,-2.732239,54.946936,On or near Stanley Road,E01019202,Carlisle 002C,Criminal damage and arson,Investigation complete; no suspect identified,
49e6158881c98398b00771e1cd60376eb4d1d8b669603126efb80108460dbbf7,2021-07,Cumbria Constabulary,Cumbria Constabulary,-2.733416,54.942975,On or near Supermarket,E01019202,Carlisle 002C,Other theft,Investigation complete; no suspect identified,
3f8303917cd622c8e21fe5993da3184ea9aad1eb1b5a8314fd392645c64684d5,2021-07,Cumbria Constabulary,Cumbria Constabulary,-2.733416,54.942975,On or near Supermarket,E01019202,Carlisle 002C,Public order,Investigation complete; no suspect identified,
b3c27be0e88b65bc094cbbec2f32441c133c2edb3dbc5f5f2ad786fb96c72a9e,2021-07,Cumbria Constabulary,Cumbria Constabulary,-2.736495,54.949983,On or near Sports/Recreation Area,E01019202,Carlisle 002C,Public order,Unable to prosecute suspect,
f966429c31635a864e8dbba03a1789d2537c4ee7936692732b456659d5c214ef,2021-07,Cumbria Constabulary,Cumbria Constabulary,-2.737459,54.945493,On or near Farish Close,E01019202,Carlisle 002C,Public order,Unable to prosecute suspect,
17bc6bf6e2ffb7d44b42309176317b1a9f6ef1a90cba537c06b1f8a7df65d4fb,2021-07,Cumbria Constabulary,Cumbria Constabulary,-2.735199,54.949964,On or near Sports/Recreation Area,E01019202,Carlisle 002C,Violence and sexual offences,Unable to prosecute suspect,
dcaff6e925aeb6409ef8c3480f21a7d7aafbfdc136465303b766fe7747c23829,2021-07,Cumbria Constabulary,Cumbria Constabulary,-2.737459,54.945493,On or near Farish Close,E01019202,Carlisle 002C,Violence and sexual offences,Unable to prosecute suspect,
26ceeeea8cce9d07b24199d2da76160217ed49742147596f843e73b749c7668f,2021-07,Cumbria Constabulary,Cumbria Constabulary,-2.734329,54.945108,On or near Sawmill Lane,E01019202,Carlisle 002C,Violence and sexual offences,Unable to prosecute suspect,
d830c3126b15a554b197224f5821fab8ca4f3e45b60b2edbe1e8c81975b60db0,2021-07,Cumbria Constabulary,Cumbria Constabulary,-2.732239,54.946936,On or near Stanley Road,E01019202,Carlisle 002C,Violence and sexual offences,Unable to prosecute suspect,
18d72faddc78d072a64d01ad7aef45eefca55b703d1c1483fad87826d21d0e13,2021-07,Cumbria Constabulary,Cumbria Constabulary,-2.732239,54.946936,On or near Stanley Road,E01019202,Carlisle 002C,Violence and sexual offences,Unable to prosecute suspect,
958288753cf1b6b67147cccebaf476641dc233e95c1c6fcb418c8f107ebf8610,2021-07,Cumbria Constabulary,Cumbria Constabulary,-2.735931,54.945592,On or near Parkhead Road,E01019202,Carlisle 002C,Violence and sexual offences,Unable to prosecute suspect,
e4f195c854c5134fc5edd4b157e05eb798b493986c6298b07d558aea57b15c5a,2021-07,Cumbria Constabulary,Cumbria Constabulary,-2.582018,55.042814,On or near Park/Open Space,E01019225,Carlisle 002D,Burglary,Investigation complete; no suspect identified,
e06147e7ae6f90ea77e081b2c8d92f96c74194856c4516dcf7533518dfdbf319,2021-07,Cumbria Constabulary,Cumbria Constabulary,-2.651939,54.927155,On or near Crossgates Road,E01019225,Carlisle 002D,Vehicle crime,Investigation complete; no suspect identified,
70b5fc0945a4a498e0c81db6faaf2695cd7251193b6ccd53d754b35c4764ff7d,2021-07,Cumbria Constabulary,Cumbria Constabulary,-2.651939,54.927155,On or near Crossgates Road,E01019225,Carlisle 002D,Vehicle crime,Unable to prosecute suspect,
a94f0c291e090e7d4ca61b52e09bbb63bf4165a6ed9454811661aeb0d0884a4c,2021-07,Cumbria Constabulary,Cumbria Constabulary,-2.691383,54.966954,On or near Sports/Recreation Area,E01019225,Carlisle 002D,Violence and sexual offences,Court result unavailable,
995a3ecb3302645a41cc41c4d8b515ac4fa47f2f3ffc3918d0947201670a1504,2021-07,Cumbria Constabulary,Cumbria Constabulary,-2.691383,54.966954,On or near Sports/Recreation Area,E01019225,Carlisle 002D,Violence and sexual offences,Court result unavailable,
e8a45f57fdd528498b56c57db6b3c808aeab139dcfdc3e802b54f3eccd9e7f21,2021-07,Cumbria Constabulary,Cumbria Constabulary,-2.955314,54.905118,On or near Etterby Road,E01019188,Carlisle 003A,Criminal damage and arson,Investigation complete; no suspect identified,
7ed568aa29380d215f70f9e0fa98833220c01a970a9496ff0fd68962d8ea2df7,2021-07,Cumbria Constabulary,Cumbria Constabulary,-2.947199,54.912856,On or near Briar Bank,E01019188,Carlisle 003A,Criminal damage and arson,Investigation complete; no suspect identified,
72845f958bcd5fca28386cf781c85d66e9f6970c54e9feb02eed95d26e7e1d7e,2021-07,Cumbria Constabulary,Cumbria Constabulary,-2.944687,54.911518,On or near Dene Crescent,E01019188,Carlisle 003A,Public order,Unable to prosecute suspect,
6120938981f8844e11d748fd30dfe888945f2ed3dcc1dbfe6caab1919b434e00,2021-07,Cumbria Constabulary,Cumbria Constabulary,-2.953140,54.906842,On or near St Ann'S Road,E01019188,Carlisle 003A,Violence and sexual offences,Unable to prosecute suspect,
140946d1ed00935616254c5b8603cb1932386235918a317ebf4c1d61e857012e,2021-07,Cumbria Constabulary,Cumbria Constabulary,-2.953140,54.906842,On or near St Ann'S Road,E01019188,Carlisle 003A,Violence and sexual offences,Unable to prosecute suspect,
,2021-07,Cumbria Constabulary,Cumbria Constabulary,-2.952919,54.910034,On or near Deer Park Road,E01019189,Carlisle 003B,Anti-social behaviour,,
,2021-07,Cumbria Constabulary,Cumbria Constabulary,-2.953754,54.911016,On or near Burnfoot Grove,E01019189,Carlisle 003B,Anti-social behaviour,,
212d68394ee3d71b18618c8914f9bfbcc997cea2afdd0e7d6745ec2df3d4c590,2021-07,Cumbria Constabulary,Cumbria Constabulary,-2.952523,54.908447,On or near St Ann'S Crescent,E01019189,Carlisle 003B,Public order,Unable to prosecute suspect,
a91c02d36127f05e1ba5edf745b2b6981da9761c195db6f1a36331f87167ee86,2021-07,Cumbria Constabulary,Cumbria Constabulary,-2.948529,54.909718,On or near Parkside,E01019189,Carlisle 003B,Public order,Unable to prosecute suspect,
6af2790fb8a00eaab67e76c8d48497ebe3bb634f99589d3e1adb08fac57ac84f,2021-07,Cumbria Constabulary,Cumbria Constabulary,-2.950977,54.909708,On or near Halla Way,E01019189,Carlisle 003B,Violence and sexual offences,Unable to prosecute suspect,
5b19f75869d98766615fb4c2c947bb12c87320090c79d85a1c51b7a9c8b8b66e,2021-07,Cumbria Constabulary,Cumbria Constabulary,-2.952523,54.908447,On or near St Ann'S Crescent,E01019189,Carlisle 003B,Violence and sexual offences,Unable to prosecute suspect,
e08555eb103c9353cadb3d01ae986630a3efd7870c16e8f34e769e632591f350,2021-07,Cumbria Constabulary,Cumbria Constabulary,-2.950977,54.909708,On or near Halla Way,E01019189,Carlisle 003B,Violence and sexual offences,Unable to prosecute suspect,
368395638f3c055ed394dee5410a62e509f0d6b7318fb09b4f893cadce5a01b0,2021-07,Cumbria Constabulary,Cumbria Constabulary,-2.952919,54.910034,On or near Deer Park Road,E01019189,Carlisle 003B,Violence and sexual offences,Unable to prosecute suspect,
,2021-07,Cumbria Constabulary,Cumbria Constabulary,-2.947726,54.926682,On or near Parkhouse Road,E01019190,Carlisle 003C,Anti-social behaviour,,
92bb74c037c08253714f73bf1b24068d573cc26d3820a818e9829bd7df9ab2b1,2021-07,Cumbria Constabulary,Cumbria Constabulary,-2.947726,54.926682,On or near Parkhouse Road,E01019190,Carlisle 003C,Criminal damage and arson,Unable to prosecute suspect,
b5d58690cda9990a2356b0e30183c063f38dfa6e2939cf6f8c7cfcb1ef4e3afd,2021-07,Cumbria Constabulary,Cumbria Constabulary,-2.952482,54.916634,On or near Teasdale Road,E01019190,Carlisle 003C,Criminal damage and arson,Investigation complete; no suspect identified,
7855b656f25db8edf3063e0a013fcadb1428d0723fefde4031ced724d99b172b,2021-07,Cumbria Constabulary,Cumbria Constabulary,-2.957538,54.923891,On or near Brunthill Road,E01019190,Carlisle 003C,Other theft,Status update unavailable,
c0843fd99505199372370a9006302e80b2f9466cdd1b320d1a1723e0409c1f39,2021-07,Cumbria Constabulary,Cumbria Constabulary,-2.951719,54.925941,On or near Kingstown Broadway,E01019190,Carlisle 003C,Other theft,Action to be taken by another organisation,
19c25aa8266765b05b543bf2f56c83f665351bf0a1682b37963f42b878e77d51,2021-07,Cumbria Constabulary,Cumbria Constabulary,-2.947726,54.926682,On or near Parkhouse Road,E01019190,Carlisle 003C,Public order,Unable to prosecute suspect,
9e5a2edff35c5ee64387222d733e072c7a11cbdc297f507325484a4e3b61443e,2021-07,Cumbria Constabulary,Cumbria Constabulary,-2.952057,54.920403,On or near Netherby Drive,E01019190,Carlisle 003C,Public order,Further investigation is not in the public interest,
514f3ef9d84ffb7876f634bb2451f7982fae4641573fc277dba5e79756dbdeaa,2021-07,Cumbria Constabulary,Cumbria Constabulary,-2.948930,54.924768,On or near Millbrook Road,E01019190,Carlisle 003C,Public order,Unable to prosecute suspect,
3057692c12da7a1222f33c7a0343418f765d7c822797d9ee4b14e199be453521,2021-07,Cumbria Constabulary,Cumbria Constabulary,-2.947726,54.926682,On or near Parkhouse Road,E01019190,Carlisle 003C,Shoplifting,Investigation complete; no suspect identified,
5866fb9b7b74c5c73b6819ba6480873f38ed95a4c8bec0627bc723e60349194c,2021-07,Cumbria Constabulary,Cumbria Constabulary,-2.945076,54.922102,On or near Wakefield Road,E01019190,Carlisle 003C,Vehicle crime,Status update unavailable,
bda1eede0b38e03add0902fa2e3c1c72a3986514f5c01ef8898757c789e15a61,2021-07,Cumbria Constabulary,Cumbria Constabulary,-2.949712,54.918875,On or near Liddle Close,E01019190,Carlisle 003C,Violence and sexual offences,Further investigation is not in the public interest,
6adaf5c71b4df91be1ea84ad6010421d31de44d9f559b98fd96bcb89d5e80d8b,2021-07,Cumbria Constabulary,Cumbria Constabulary,-2.947726,54.926682,On or near Parkhouse Road,E01019190,Carlisle 003C,Violence and sexual offences,Unable to prosecute suspect,
d9b9ce9cecfd3a17a5a2229207949daee1af7e8d788497d59949c19aa77e4ff0,2021-07,Cumbria Constabulary,Cumbria Constabulary,-2.947726,54.926682,On or near Parkhouse Road,E01019190,Carlisle 003C,Violence and sexual offences,Unable to prosecute suspect,
210a7fefe185017f39bb619d1648d3047660a3706308e1f93306c6fe35528664,2021-07,Cumbria Constabulary,Cumbria Constabulary,-2.952482,54.916634,On or near Teasdale Road,E01019190,Carlisle 003C,Violence and sexual offences,Investigation complete; no suspect identified,
a4dcea09541f6c56f77782c455d0ac3611d8f9e94efe6908c60df8b4c3f8435b,2021-07,Cumbria Constabulary,Cumbria Constabulary,-2.952057,54.920403,On or near Netherby Drive,E01019190,Carlisle 003C,Violence and sexual offences,Unable to prosecute suspect,
,2021-07,Cumbria Constabulary,Cumbria Constabulary,-2.940610,54.921319,On or near The Grange,E01019191,Carlisle 003D,Anti-social behaviour,,
8b2bf74dad9e13bfe5d072d946f8a1d0aed80a4507bf2192291bb352744aeacd,2021-07,Cumbria Constabulary,Cumbria Constabulary,-2.943390,54.916103,On or near Moorville Drive South,E01019191,Carlisle 003D,Criminal damage and arson,Unable to prosecute suspect,
3d845c7d5b4711c5b720dd0bf9269cecb8efd112b76423904ec4228e58000188,2021-07,Cumbria Constabulary,Cumbria Constabulary,-2.945090,54.916045,On or near Moorville Drive,E01019191,Carlisle 003D,Public order,Awaiting court outcome,
0fc91a6e75e724c8b102b5091ac7c6fb2a0455d1e4e872e42eebd9834d111ea6,2021-07,Cumbria Constabulary,Cumbria Constabulary,-2.943390,54.916103,On or near Moorville Drive South,E01019191,Carlisle 003D,Violence and sexual offences,Awaiting court outcome,
971490dd5fd33029004ef34dd6403ab010a9813e357fd4caffe0a3a4d083409a,2021-07,Cumbria Constabulary,Cumbria Constabulary,-2.939752,54.916634,On or near Abbotsford Drive,E01019191,Carlisle 003D,Violence and sexual offences,Unable to prosecute suspect,
2337b3edae5910117725a3c740cf90af68de14bb31a28fb6514e040499b920b8,2021-07,Cumbria Constabulary,Cumbria Constabulary,-2.944482,54.914737,On or near Wentworth Drive,E01019191,Carlisle 003D,Violence and sexual offences,Unable to prosecute suspect,
e67c820fbd6c95156b06ce72dce3e0bc171e1bdaeab351791cdbe208936364f9,2021-07,Cumbria Constabulary,Cumbria Constabulary,-2.943390,54.916103,On or near Moorville Drive South,E01019191,Carlisle 003D,Violence and sexual offences,Local resolution,
,2021-07,Cumbria Constabulary,Cumbria Constabulary,-2.941973,54.911513,On or near Waverley Gardens,E01019244,Carlisle 003E,Anti-social behaviour,,
52d04e2faea86437e5d4ec41fc568ad4bb552bc33afea1f3a5df0c0ede369999,2021-07,Cumbria Constabulary,Cumbria Constabulary,-2.938495,54.913544,On or near Supermarket,E01019244,Carlisle 003E,Other theft,Investigation complete; no suspect identified,
9bea2f1202a29a8a8f08f1f758de30b67112d3991bab4db98ca241165a279a4f,2021-07,Cumbria Constabulary,Cumbria Constabulary,-2.939176,54.906627,On or near Dalmeny Road,E01019244,Carlisle 003E,Public order,Unable to prosecute suspect,
1f2f34ea79b53f821ed2b45f4d71877c734d77bc62128b9aca9bb346129e24c0,2021-07,Cumbria Constabulary,Cumbria Constabulary,-2.938495,54.913544,On or near Supermarket,E01019244,Carlisle 003E,Public order,Investigation complete; no suspect identified,
d6f419af87c8e1e2320ff150de9966f032d0eef6510366d2098553fe9635d596,2021-07,Cumbria Constabulary,Cumbria Constabulary,-2.942682,54.908479,On or near Etterby Lea Crescent,E01019244,Carlisle 003E,Violence and sexual offences,Unable to prosecute suspect,
eee3c57df130a7b9ed414dab60f341aa5cd1f3beec00ce0d89f4200395a94f96,2021-07,Cumbria Constabulary,Cumbria Constabulary,-2.937500,54.908348,On or near Scotland Road,E01019244,Carlisle 003E,Violence and sexual offences,Offender given a caution,
,2021-07,Cumbria Constabulary,Cumbria Constabulary,-2.896462,54.890028,On or near Farlam Drive,E01019196,Carlisle 004A,Anti-social behaviour,,
,2021-07,Cumbria Constabulary,Cumbria Constabulary,-2.899878,54.889410,On or near Oakleigh Way,E01019196,Carlisle 004A,Anti-social behaviour,,
,2021-07,Cumbria Constabulary,Cumbria Constabulary,-2.903362,54.894596,On or near Warwick Road,E01019196,Carlisle 004A,Anti-social behaviour,,
82380c9241b00cd06189a62b84fc612801ee71116ccdd0c6e2cd50c5a0a176a3,2021-07,Cumbria Constabulary,Cumbria Constabulary,-2.909616,54.891243,On or near Whimbrel Drive,E01019196,Carlisle 004A,Public order,Further investigation is not in the public interest,
13a4eb9258740e75d2c3cb9a911b9b6fe0b1e676c9ff4bffa292e36349292120,2021-07,Cumbria Constabulary,Cumbria Constabulary,-2.896651,54.894305,On or near Auchinleck Drive,E01019196,Carlisle 004A,Shoplifting,Investigation complete; no suspect identified,
08ee8ac1f265b778939308d7bef82d7f0d230f7c6cd890b0e2598baf916f4245,2021-07,Cumbria Constabulary,Cumbria Constabulary,-2.894071,54.891861,On or near Alanbrooke Road,E01019196,Carlisle 004A,Violence and sexual offences,Status update unavailable,
cdca190972b27a0eb90a4acae034a26297b13f7d592b383669260aa12bbcafce,2021-07,Cumbria Constabulary,Cumbria Constabulary,-2.894071,54.891861,On or near Alanbrooke Road,E01019196,Carlisle 004A,Violence and sexual offences,Unable to prosecute suspect,
864cf88fe750aad073dad914100c0e2eeb3e63dcad491af4bf0b832babc89b2a,2021-07,Cumbria Constabulary,Cumbria Constabulary,-2.894071,54.891861,On or near Alanbrooke Road,E01019196,Carlisle 004A,Violence and sexual offences,Status update unavailable,
c9bf8ba2611e67d0694340640d962749f99af744f97bbfd4bee535aab87a4824,2021-07,Cumbria Constabulary,Cumbria Constabulary,-2.908683,54.891339,On or near Curlew Walk,E01019196,Carlisle 004A,Violence and sexual offences,Status update unavailable,
9e56bcbdbb9987cdfd0b9060900d832cb5724af9952d82b1f0d0ecc58bae892a,2021-07,Cumbria Constabulary,Cumbria Constabulary,-2.908683,54.891339,On or near Curlew Walk,E01019196,Carlisle 004A,Violence and sexual offences,Status update unavailable,
c33e38d7f40da302215a38d3a57e4131dca61368e8255a0c217dd955ae38ce9d,2021-07,Cumbria Constabulary,Cumbria Constabulary,-2.903362,54.894596,On or near Warwick Road,E01019196,Carlisle 004A,Other crime,Unable to prosecute suspect,
,2021-07,Cumbria Constabulary,Cumbria Constabulary,-2.919864,54.921540,On or near Antonine Way,E01019238,Carlisle 004B,Anti-social behaviour,,
,2021-07,Cumbria Constabulary,Cumbria Constabulary,-2.921042,54.924614,On or near Beech Grove,E01019238,Carlisle 004B,Anti-social behaviour,,
,2021-07,Cumbria Constabulary,Cumbria Constabulary,-2.917872,54.914195,On or near Petrol Station,E01019238,Carlisle 004B,Anti-social behaviour,,
,2021-07,Cumbria Constabulary,Cumbria Constabulary,-2.919570,54.923007,On or near Tribune Drive,E01019238,Carlisle 004B,Anti-social behaviour,,
12101fe101c666d6920cb5fb89b7acda2cbb4ef5f47a23613d28a84d7f5da64e,2021-07,Cumbria Constabulary,Cumbria Constabulary,-2.919864,54.921540,On or near Antonine Way,E01019238,Carlisle 004B,Public order,Investigation complete; no suspect identified,
027e310ccd795bd0e955c71e60f15fe3b51b6a65284cf4db5fb0d12835324cf1,2021-07,Cumbria Constabulary,Cumbria Constabulary,-2.919864,54.921540,On or near Antonine Way,E01019238,Carlisle 004B,Public order,Investigation complete; no suspect identified,
67fe77bf851dd086fc8d5292a5573d45c4379b76da9a9bc888ffa0cb605e65aa,2021-07,Cumbria Constabulary,Cumbria Constabulary,-2.919864,54.921540,On or near Antonine Way,E01019238,Carlisle 004B,Violence and sexual offences,Investigation complete; no suspect identified,
,2021-07,Cumbria Constabulary,Cumbria Constabulary,-2.913400,54.917869,On or near Centurions Walk,E01019240,Carlisle 004C,Anti-social behaviour,,
72729b83c0ba5f4fe77151d74f8d91ea2cd27665b6101f3696855959294cc56f,2021-07,Cumbria Constabulary,Cumbria Constabulary,-2.954983,54.928665,On or near Supermarket,E01019240,Carlisle 004C,Criminal damage and arson,Investigation complete; no suspect identified,
eadb8b0669b0870b90ff2be8f45464102c826dcecc40d98be2461075d39d26ea,2021-07,Cumbria Constabulary,Cumbria Constabulary,-2.963546,54.935679,On or near Crindledyke Close,E01019240,Carlisle 004C,Criminal damage and arson,Investigation complete; no suspect identified,
131ac6a9394464a16a133955af93f204ae5c8ea0510604318bd323a049709b89,2021-07,Cumbria Constabulary,Cumbria Constabulary,-2.969332,54.926386,On or near Princess Park Way,E01019240,Carlisle 004C,Other theft,Investigation complete; no suspect identified,
38651cdbbcc9d836c001e6d84849e8480f23d67764cb1ec258fe9afd8b88bae5,2021-07,Cumbria Constabulary,Cumbria Constabulary,-2.961572,54.920984,On or near Queens Drive,E01019240,Carlisle 004C,Other theft,Investigation complete; no suspect identified,
68380f59a1614eca3f39e699978bed896041963d02a7af993acc3a5b6d3c04e1,2021-07,Cumbria Constabulary,Cumbria Constabulary,-2.963479,54.933541,On or near Ladybank,E01019240,Carlisle 004C,Other theft,Investigation complete; no suspect identified,
b90e5b7c46203b56570a8b915abeb6d5f066f8a0dc471f1685658e46372a96fa,2021-07,Cumbria Constabulary,Cumbria Constabulary,-2.954983,54.928665,On or near Supermarket,E01019240,Carlisle 004C,Other theft,Investigation complete; no suspect identified,
2ae0ca24765136d9a6a3b92feba13ae53b135d069976975b02dab1204a6b8a94,2021-07,Cumbria Constabulary,Cumbria Constabulary,-2.954983,54.928665,On or near Supermarket,E01019240,Carlisle 004C,Other theft,Investigation complete; no suspect identified,
56200645a5321ae1ee10c504d8d98d4f28321f7934d6df282ef22a5ff71984e8,2021-07,Cumbria Constabulary,Cumbria Constabulary,-2.954983,54.928665,On or near Supermarket,E01019240,Carlisle 004C,Public order,Investigation complete; no suspect identified,
0b0d0c94f469c17538dcc11d068df003acdb4d5852ac6b37ab2cb3a04e0bb545,2021-07,Cumbria Constabulary,Cumbria Constabulary,-2.954983,54.928665,On or near Supermarket,E01019240,Carlisle 004C,Shoplifting,Investigation complete; no suspect identified,
,2021-07,Cumbria Constabulary,Cumbria Constabulary,-2.921397,54.905308,On or near Sports/Recreation Area,E01019241,Carlisle 004D,Anti-social behaviour,,
,2021-07,Cumbria Constabulary,Cumbria Constabulary,-2.921397,54.905308,On or near Sports/Recreation Area,E01019241,Carlisle 004D,Anti-social behaviour,,
,2021-07,Cumbria Constabulary,Cumbria Constabulary,-2.921397,54.905308,On or near Sports/Recreation Area,E01019241,Carlisle 004D,Anti-social behaviour,,
a759cd83e80e5399db9bd028bd211101dde2088f2f7e2bd1861a58971a8b6662,2021-07,Cumbria Constabulary,Cumbria Constabulary,-2.935695,54.914554,On or near Lansdowne Close,E01019241,Carlisle 004D,Violence and sexual offences,Action to be taken by another organisation,
6aa5bb31ea085c8eab4fa3268bf43131e06c5d87443b3d6b863c5d81be8f17d9,2021-07,Cumbria Constabulary,Cumbria Constabulary,-2.921397,54.905308,On or near Sports/Recreation Area,E01019241,Carlisle 004D,Violence and sexual offences,Investigation complete; no suspect identified,
,2021-07,Cumbria Constabulary,Cumbria Constabulary,-2.939514,54.901044,On or near Sports/Recreation Area,E01019243,Carlisle 004E,Anti-social behaviour,,
8075eaa3a9f3c9c9fef3c9de4eb761c741604af4356a1ed60406755bc101256a,2021-07,Cumbria Constabulary,Cumbria Constabulary,-2.939514,54.901044,On or near Sports/Recreation Area,E01019243,Carlisle 004E,Public order,Unable to prosecute suspect,
2159c03c1868b6d83988b4fbb617f5027e7b5a08c7a9f90e81c579f7ff9aa6d2,2021-07,Cumbria Constabulary,Cumbria Constabulary,-2.927765,54.907569,On or near Dykes Terrace,E01019243,Carlisle 004E,Violence and sexual offences,Investigation complete; no suspect identified,
2da8b09085cd68902e55842fc442eee919c7cee772d01cdcb60bd8498c81e765,2021-07,Cumbria Constabulary,Cumbria Constabulary,-2.935533,54.904903,On or near Church Place,E01019243,Carlisle 004E,Violence and sexual offences,Further investigation is not in the public interest,
4341066f57ba173975062d6d187f0b041a4e7276a0b84858864e22f5b1ea44c8,2021-07,Cumbria Constabulary,Cumbria Constabulary,-2.893641,54.897122,On or near Supermarket,E01019251,Carlisle 004F,Other theft,Investigation complete; no suspect identified,
55ea00dcaff1109120b608b61c5254bedfc245e50542c88648a9a626d247ddab,2021-07,Cumbria Constabulary,Cumbria Constabulary,-2.893014,54.887816,On or near Alexandra Drive,E01019251,Carlisle 004F,Other theft,Investigation complete; no suspect identified,
991018c977b5bfe9d8db7e17a352b7275511c967fa6de8663dd347eb7002fb64,2021-07,Cumbria Constabulary,Cumbria Constabulary,-2.893641,54.897122,On or near Supermarket,E01019251,Carlisle 004F,Shoplifting,Investigation complete; no suspect identified,
571472c8da8a39642677a0656a8fefccbf462bd06f95b202e126aec4d457b421,2021-07,Cumbria Constabulary,Cumbria Constabulary,-2.887846,54.879649,On or near Moorside Drive,E01019251,Carlisle 004F,Violence and sexual offences,Unable to prosecute suspect,
5a8788850380bb90c44b9cf31a4f7e7402df738cf9aa993130d64a5a1554b634,2021-07,Cumbria Constabulary,Cumbria Constabulary,-2.876917,54.898861,On or near Holme Lane,E01019251,Carlisle 004F,Violence and sexual offences,Unable to prosecute suspect,
1c8b2e359c4449f6b0c418d4b4928d58fdda8cad607a4999efeb3e17ee71979c,2021-07,Cumbria Constabulary,Cumbria Constabulary,-2.887846,54.879649,On or near Moorside Drive,E01019251,Carlisle 004F,Violence and sexual offences,Unable to prosecute suspect,
d0267523772f2fbb220357863aa7f1606377bc0ed6436605cd095a94e56b8cc9,2021-07,Cumbria Constabulary,Cumbria Constabulary,-2.980036,54.893013,On or near Green Lane,E01019192,Carlisle 005A,Public order,Investigation complete; no suspect identified,
c2082e7533619b705fc20be3a36d52e6293192f34e833a19f840b68df29e4d90,2021-07,Cumbria Constabulary,Cumbria Constabulary,-2.983227,54.894686,On or near Criffel Road,E01019192,Carlisle 005A,Public order,Unable to prosecute suspect,
3e488399139e7ecf0b58d6c2769f4ae0412e928c1c6bd207b1c1ef78de3f1dbd,2021-07,Cumbria Constabulary,Cumbria Constabulary,-2.981494,54.894601,On or near Beck Road,E01019192,Carlisle 005A,Violence and sexual offences,Unable to prosecute suspect,
ac62db5c8e1c637a9d99b640a153c130b7481110d98d64cad482be7904730d1d,2021-07,Cumbria Constabulary,Cumbria Constabulary,-2.980036,54.893013,On or near Green Lane,E01019192,Carlisle 005A,Violence and sexual offences,Investigation complete; no suspect identified,
6a79810b0f0d4325bae75a10231d4cc6023ba0116d301a43f944333cb14fa443,2021-07,Cumbria Constabulary,Cumbria Constabulary,-2.987224,54.894941,On or near Kirkstead Road,E01019192,Carlisle 005A,Violence and sexual offences,Unable to prosecute suspect,
f8114f1867779a03e9e5298550a55e9923af69db6068b5fbc976387aaa24a6a3,2021-07,Cumbria Constabulary,Cumbria Constabulary,-2.980036,54.893013,On or near Green Lane,E01019192,Carlisle 005A,Violence and sexual offences,Unable to prosecute suspect,
f07090f323788fbce3b6808b0cf2d004902815cd65bd6c667f48c94027850fc7,2021-07,Cumbria Constabulary,Cumbria Constabulary,-2.978043,54.894413,On or near Beaver Road,E01019192,Carlisle 005A,Violence and sexual offences,Unable to prosecute suspect,
ab82fecc9e43f195544f591afe2b238a695c8c498ca9cdf2ea5d2e99aae442f6,2021-07,Cumbria Constabulary,Cumbria Constabulary,-2.987224,54.894941,On or near Kirkstead Road,E01019192,Carlisle 005A,Violence and sexual offences,Unable to prosecute suspect,
9473a855473dd2ec421b1af393306e172678cc48215ddcbb21170e4910a16090,2021-07,Cumbria Constabulary,Cumbria Constabulary,-2.977296,54.897035,On or near Vallum Gardens,E01019195,Carlisle 005B,Burglary,Court result unavailable,
76a4c0210c5138b60e2d947aff346846ee4b41cb434d305ce9bbba02b9cf2a38,2021-07,Cumbria Constabulary,Cumbria Constabulary,-2.981377,54.897496,On or near Palmer Road,E01019195,Carlisle 005B,Other theft,Status update unavailable,
630affbb9ffecf1e1640820df4551c9175abd8f4cf0cc33d8b7b3ef1173a5b09,2021-07,Cumbria Constabulary,Cumbria Constabulary,-3.047856,54.876073,On or near Moor Close,E01019203,Carlisle 005C,Other theft,Investigation complete; no suspect identified,
b89bc426e12e34c72b92a501642507daa4901e9fb6d7efc1d5afd03500a9cca9,2021-07,Cumbria Constabulary,Cumbria Constabulary,-3.032989,54.857840,On or near Holmecroft,E01019203,Carlisle 005C,Public order,Unable to prosecute suspect,
110a46bb4398095ddf48f2403ce5c5fa5c6bac9156505d02f0d04bd9fcf5b8a0,2021-07,Cumbria Constabulary,Cumbria Constabulary,-3.048401,54.878432,On or near Cross House Gardens,E01019203,Carlisle 005C,Violence and sexual offences,Local resolution,
a6b652d2d66f2b3ce32d03a2830e277478718e8fba100731dafa3fe821b0e267,2021-07,Cumbria Constabulary,Cumbria Constabulary,-3.048401,54.878432,On or near Cross House Gardens,E01019203,Carlisle 005C,Violence and sexual offences,Local resolution,
88a78b8f277cf9c7aa1b3dab0d43fe867ad73ada819d6da615b65b3f4f305448,2021-07,Cumbria Constabulary,Cumbria Constabulary,-3.047856,54.876073,On or near Moor Close,E01019203,Carlisle 005C,Violence and sexual offences,Further investigation is not in the public interest,
614213bd5378ddedc28ecc0a9a2595274a97083e3af82be8897062353a5ffd13,2021-07,Cumbria Constabulary,Cumbria Constabulary,-3.047856,54.876073,On or near Moor Close,E01019203,Carlisle 005C,Other crime,Further investigation is not in the public interest,
,2021-07,Cumbria Constabulary,Cumbria Constabulary,-2.975982,54.887834,On or near Orton Road,E01019254,Carlisle 005D,Anti-social behaviour,,
95ba56cac3845ed92d4359067d387af654ab0985d1e3862a913399dd240f2571,2021-07,Cumbria Constabulary,Cumbria Constabulary,-2.975982,54.887834,On or near Orton Road,E01019254,Carlisle 005D,Criminal damage and arson,Investigation complete; no suspect identified,
be3cfc8dba1e1f8a3904aea14f0a2e8d4bf47ddf4b0781350787cff4596b957f,2021-07,Cumbria Constabulary,Cumbria Constabulary,-2.974662,54.888707,On or near Skelwith Close,E01019254,Carlisle 005D,Public order,Unable to prosecute suspect,
2107ae6f1cd5b729efb6ff1b1739411cf516496412caf6e464d703d054a92d97,2021-07,Cumbria Constabulary,Cumbria Constabulary,-2.974662,54.888707,On or near Skelwith Close,E01019254,Carlisle 005D,Public order,Unable to prosecute suspect,
e8e64ffdc928f825bda712da5c867a8d41eade806449c78f1f791dda0f08b61f,2021-07,Cumbria Constabulary,Cumbria Constabulary,-2.975982,54.887834,On or near Orton Road,E01019254,Carlisle 005D,Violence and sexual offences,Unable to prosecute suspect,
0414a060c88f2882173b8832612b6eccf5c6655fb80dadb7d5d97fd97b33574c,2021-07,Cumbria Constabulary,Cumbria Constabulary,-2.975982,54.887834,On or near Orton Road,E01019254,Carlisle 005D,Violence and sexual offences,Unable to prosecute suspect,
2d0f119d0c5836ce0f3cb49e60f0e77811a4bca793907648efb0c381b0a08862,2021-07,Cumbria Constabulary,Cumbria Constabulary,-2.974662,54.888707,On or near Skelwith Close,E01019254,Carlisle 005D,Violence and sexual offences,Unable to prosecute suspect,
13c0ff561ee05c070cbe1757ce97d4795d4114c39a0a3d033b9cf39ba1b453a1,2021-07,Cumbria Constabulary,Cumbria Constabulary,-2.988283,54.889136,On or near Housesteads Road,E01019254,Carlisle 005D,Violence and sexual offences,Unable to prosecute suspect,
2d7c8a337687bb416883d8791e3bb858dd8ec68bca064a62761696489643333c,2021-07,Cumbria Constabulary,Cumbria Constabulary,-2.988283,54.889136,On or near Housesteads Road,E01019254,Carlisle 005D,Other crime,Unable to prosecute suspect,
27d8abe9c49dc4bd34861f7d1f5ab769f0df83872d76fc8b7a43d50ebccf1ff4,2021-07,Cumbria Constabulary,Cumbria Constabulary,-2.980249,54.888923,On or near Sports/Recreation Area,E01019255,Carlisle 005E,Other theft,Unable to prosecute suspect,
de01d3ecd27fd1b7f066506844c4e0782bf524c782d5105af6874889162c1b8b,2021-07,Cumbria Constabulary,Cumbria Constabulary,-2.986363,54.887750,On or near Gosforth Road,E01019255,Carlisle 005E,Other theft,Unable to prosecute suspect,
,2021-07,Cumbria Constabulary,Cumbria Constabulary,-2.934278,54.894479,On or near Shopping Area,E01019204,Carlisle 006A,Anti-social behaviour,,
,2021-07,Cumbria Constabulary,Cumbria Constabulary,-2.935808,54.895896,On or near Shopping Area,E01019204,Carlisle 006A,Anti-social behaviour,,
,2021-07,Cumbria Constabulary,Cumbria Constabulary,-2.935808,54.895896,On or near Shopping Area,E01019204,Carlisle 006A,Anti-social behaviour,,
,2021-07,Cumbria Constabulary,Cumbria Constabulary,-2.934160,54.896808,On or near Drovers Lane,E01019204,Carlisle 006A,Anti-social behaviour,,
,2021-07,Cumbria Constabulary,Cumbria Constabulary,-2.935808,54.895896,On or near Shopping Area,E01019204,Carlisle 006A,Anti-social behaviour,,
,2021-07,Cumbria Constabulary,Cumbria Constabulary,-2.932271,54.898700,On or near Newark Terrace,E01019204,Carlisle 006A,Anti-social behaviour,,
,2021-07,Cumbria Constabulary,Cumbria Constabulary,-2.936477,54.895828,On or near Shopping Area,E01019204,Carlisle 006A,Anti-social behaviour,,
,2021-07,Cumbria Constabulary,Cumbria Constabulary,-2.948682,54.893038,On or near Wetheral Street,E01019204,Carlisle 006A,Anti-social behaviour,,
,2021-07,Cumbria Constabulary,Cumbria Constabulary,-2.936477,54.895828,On or near Shopping Area,E01019204,Carlisle 006A,Anti-social behaviour,,
,2021-07,Cumbria Constabulary,Cumbria Constabulary,-2.934278,54.894479,On or near Shopping Area,E01019204,Carlisle 006A,Anti-social behaviour,,
,2021-07,Cumbria Constabulary,Cumbria Constabulary,-2.934278,54.894479,On or near Shopping Area,E01019204,Carlisle 006A,Anti-social behaviour,,
,2021-07,Cumbria Constabulary,Cumbria Constabulary,-2.934278,54.894479,On or near Shopping Area,E01019204,Carlisle 006A,Anti-social behaviour,,
033886df521ef97b1ae9232084c875b2596a3ac506da58eaa59eb4044fd9d085,2021-07,Cumbria Constabulary,Cumbria Constabulary,-2.934405,54.895916,On or near Parking Area,E01019204,Carlisle 006A,Bicycle theft,Court result unavailable,
7789292c70fb842e7405877420a14a2d7f15d7b6f1506e3df3c3e8ed4aafeb25,2021-07,Cumbria Constabulary,Cumbria Constabulary,-2.946734,54.892379,On or near Potter'S Place,E01019204,Carlisle 006A,Burglary,Investigation complete; no suspect identified,
d27c76c5b5367710730cedd4f56d3e4ed63120a90d103371118a1299960dc00d,2021-07,Cumbria Constabulary,Cumbria Constabulary,-2.948013,54.892414,On or near York Street,E01019204,Carlisle 006A,Burglary,Investigation complete; no suspect identified,
8e590707544d1d50e94992dc162b526cfa7fed2124b4a2d59621f0d8361bac9c,2021-07,Cumbria Constabulary,Cumbria Constabulary,-2.951903,54.898683,On or near Millrace Road,E01019204,Carlisle 006A,Burglary,Investigation complete; no suspect identified,
8ce1067576e556ff8bfa163bb4069bcb37fc58851667eaf4643bea3ddba6bbf0,2021-07,Cumbria Constabulary,Cumbria Constabulary,-2.934278,54.894479,On or near Shopping Area,E01019204,Carlisle 006A,Criminal damage and arson,Investigation complete; no suspect identified,
6a10ccf796e4beb1113888cc519ddc029e01374da7841dc3c0de8710f8a40553,2021-07,Cumbria Constabulary,Cumbria Constabulary,-2.934405,54.895916,On or near Parking Area,E01019204,Carlisle 006A,Criminal damage and arson,Local resolution,
e3dbf5931db11cbbcc61af96b6575b77fe2635ecc20efdfd9820119bd848cb66,2021-07,Cumbria Constabulary,Cumbria Constabulary,-2.932974,54.896062,On or near Parking Area,E01019204,Carlisle 006A,Criminal damage and arson,Court result unavailable,
0dfb4c00e21231fbc65d99ddd85f9f38fba3ae22cea1af023287681564498c21,2021-07,Cumbria Constabulary,Cumbria Constabulary,-2.945951,54.901560,On or near Sports/Recreation Area,E01019204,Carlisle 006A,Criminal damage and arson,Unable to prosecute suspect,
7fddf0c0fb1de1ef935232894f960bc575195fa143e13c9dd9c7e02b98cc07dd,2021-07,Cumbria Constabulary,Cumbria Constabulary,-2.943921,54.896777,On or near Parking Area,E01019204,Carlisle 006A,Criminal damage and arson,Investigation complete; no suspect identified,
1382fb9350cf3b096de2e66931ce7f32daf2eefcc6c86a3af90ada6add7608c5,2021-07,Cumbria Constabulary,Cumbria Constabulary,-2.946509,54.896101,On or near Willowholme Gardens,E01019204,Carlisle 006A,Other theft,Investigation complete; no suspect identified,
4f29c36d5d5734b25882b0267ce89606321bc6e48279c7f17485200d9e2d0ad9,2021-07,Cumbria Constabulary,Cumbria Constabulary,-2.937852,54.895962,On or near Fisher Street,E01019204,Carlisle 006A,Other theft,Unable to prosecute suspect,
fa7ea0d6c6620aa805b8de9597ce34559e915d7124958f8a3a77cc85c6271ebe,2021-07,Cumbria Constabulary,Cumbria Constabulary,-2.934616,54.897640,On or near Police Station,E01019204,Carlisle 006A,Other theft,Investigation complete; no suspect identified,
64cc71074bfa3e4c3973bfdc6e0627aeb234490f2fd86bfca1b8952708cab8fb,2021-07,Cumbria Constabulary,Cumbria Constabulary,-2.945951,54.901560,On or near Sports/Recreation Area,E01019204,Carlisle 006A,Other theft,Investigation complete; no suspect identified,
ac7acff9d3d01b18c0ef60734275d998b8dfacee4a5f9e975eda2b40dea58f8a,2021-07,Cumbria Constabulary,Cumbria Constabulary,-2.934278,54.894479,On or near Shopping Area,E01019204,Carlisle 006A,Possession of weapons,Unable to prosecute suspect,
d95b245b75fc7d380030c03fe1f9e103bc1d1b3df7c84bead51d91475c353498,2021-07,Cumbria Constabulary,Cumbria Constabulary,-2.946509,54.896101,On or near Willowholme Gardens,E01019204,Carlisle 006A,Public order,Unable to prosecute suspect,
b484978734fc5254932a4fdd5b2e15399847ad8c4496d35e95d2b5075f95eb0b,2021-07,Cumbria Constabulary,Cumbria Constabulary,-2.939136,54.896185,On or near Theatre/Concert Hall,E01019204,Carlisle 006A,Public order,Court result unavailable,
c29f3b0027e6ae83985b23a878a5597f904f66f8138b40ed1f1bb10d1e71bcd9,2021-07,Cumbria Constabulary,Cumbria Constabulary,-2.946509,54.896101,On or near Willowholme Gardens,E01019204,Carlisle 006A,Public order,Unable to prosecute suspect,
654b1c82a062c072782f16331faee889aa915c5e7ee02991bfced9bd605285b9,2021-07,Cumbria Constabulary,Cumbria Constabulary,-2.939499,54.895059,On or near Paternoster Row,E01019204,Carlisle 006A,Public order,Investigation complete; no suspect identified,
5fc671eea0667075278138723a7d52acf861847d10399c636aa1685700f2c8b9,2021-07,Cumbria Constabulary,Cumbria Constabulary,-2.945448,54.895417,On or near Bridge Lane,E01019204,Carlisle 006A,Public order,Investigation complete; no suspect identified,
1820a761b0b6ea12965704b1ffdd5d9b9005fac1601fbcc3df334ec95321137b,2021-07,Cumbria Constabulary,Cumbria Constabulary,-2.939136,54.896185,On or near Theatre/Concert Hall,E01019204,Carlisle 006A,Public order,Offender given a caution,
af3b9c6e6ca7ed274edd4b16f1f052a62be97f6edaaf5e7365943cb6f582efdf,2021-07,Cumbria Constabulary,Cumbria Constabulary,-2.932974,54.896062,On or near Parking Area,E01019204,Carlisle 006A,Public order,Court result unavailable,
da22adcb8f42f6bdc2ab5922cf398f345d872a4bb8c5785696db185410c8cbc2,2021-07,Cumbria Constabulary,Cumbria Constabulary,-2.935808,54.895896,On or near Shopping Area,E01019204,Carlisle 006A,Public order,Unable to prosecute suspect,
cf8e47e22cc50fc95078170dd3b0693be9603b9b68eceaf720ca43dfc0a242bf,2021-07,Cumbria Constabulary,Cumbria Constabulary,-2.945951,54.901560,On or near Sports/Recreation Area,E01019204,Carlisle 006A,Public order,Investigation complete; no suspect identified,
2c40b01cfd9c4f06b3b16514651a714255d3131372711bca4411646669bef8d5,2021-07,Cumbria Constabulary,Cumbria Constabulary,-2.937272,54.895175,On or near St Mary'S Gate,E01019204,Carlisle 006A,Public order,Investigation complete; no suspect identified,
2d0371c3c5c9fc58b8885b4bc43d5475b63264a0844e05757fd5bfbdecf3dbf3,2021-07,Cumbria Constabulary,Cumbria Constabulary,-2.946820,54.891417,On or near John Roberts Gardens,E01019204,Carlisle 006A,Shoplifting,Awaiting court outcome,
13c05595d1a0d89bbfe177ceb7d772dc7ae2e30395bb9dbbec413c355b0057b8,2021-07,Cumbria Constabulary,Cumbria Constabulary,-2.935808,54.895896,On or near Shopping Area,E01019204,Carlisle 006A,Shoplifting,Court result unavailable,
190f3058a1bc8d60a81621d15a644243fe5e2f8a0e4bc61595166ca384890b72,2021-07,Cumbria Constabulary,Cumbria Constabulary,-2.933591,54.895096,On or near Lowther Street,E01019204,Carlisle 006A,Shoplifting,Unable to prosecute suspect,
0fec2227da3c7213eab1da32dc270268ce6a32081cd1cd3916e3aa2c0bab0203,2021-07,Cumbria Constabulary,Cumbria Constabulary,-2.946509,54.896101,On or near Willowholme Gardens,E01019204,Carlisle 006A,Shoplifting,Unable to prosecute suspect,
e46dbb3ab1cf88ce6cf112db9e534d97201490f4f82fe4d99f5a8099dc074589,2021-07,Cumbria Constabulary,Cumbria Constabulary,-2.934405,54.895916,On or near Parking Area,E01019204,Carlisle 006A,Shoplifting,Further investigation is not in the public interest,
db88d4d7e3c00c9646675968df6d5cb0f04d99a154901d74df26184b779a1b47,2021-07,Cumbria Constabulary,Cumbria Constabulary,-2.935808,54.895896,On or near Shopping Area,E01019204,Carlisle 006A,Shoplifting,Further investigation is not in the public interest,
69c2d37754264d2031fa6020717d734644797239933f46d3a95586b70633c5bd,2021-07,Cumbria Constabulary,Cumbria Constabulary,-2.935808,54.895896,On or near Shopping Area,E01019204,Carlisle 006A,Shoplifting,Investigation complete; no suspect identified,
4d90288ffcd01bca3dae512f9791a88d3bdd544962a17c5a24fe18b87c19638c,2021-07,Cumbria Constabulary,Cumbria Constabulary,-2.935808,54.895896,On or near Shopping Area,E01019204,Carlisle 006A,Shoplifting,Investigation complete; no suspect identified,
721ef8b277ecb18b2f218fb826a064bc1a7e005a73f0675a3cd4d8a432c8adfb,2021-07,Cumbria Constabulary,Cumbria Constabulary,-2.936492,54.895819,On or near Shopping Area,E01019204,Carlisle 006A,Shoplifting,Court result unavailable,
3b38098ad7321b0e73ae04a7bb3632fe517e3a22b9459841a1ecc48747956e83,2021-07,Cumbria Constabulary,Cumbria Constabulary,-2.933591,54.895096,On or near Lowther Street,E01019204,Carlisle 006A,Shoplifting,Investigation complete; no suspect identified,
d0b2ba1fdccdbe59cf8c4600f8d2f0955e0b76ce26cd4e1ec1e6e630efd362e0,2021-07,Cumbria Constabulary,Cumbria Constabulary,-2.946509,54.896101,On or near Willowholme Gardens,E01019204,Carlisle 006A,Shoplifting,Local resolution,
e5be25056e02bb9d10c7da034b9aa3bebffd13ff7a57671e7b9e755895c1b89f,2021-07,Cumbria Constabulary,Cumbria Constabulary,-2.935808,54.895896,On or near Shopping Area,E01019204,Carlisle 006A,Theft from the person,Investigation complete; no suspect identified,
338496039652abe794ee14ccf29099008a9d0420823a481fbe2189084a28d964,2021-07,Cumbria Constabulary,Cumbria Constabulary,-2.935808,54.895896,On or near Shopping Area,E01019204,Carlisle 006A,Theft from the person,Investigation complete; no suspect identified,
25c3a4165aa8d5a38f021ff7e84619f680064b2491016601fcd3d2a5845c68c1,2021-07,Cumbria Constabulary,Cumbria Constabulary,-2.935808,54.895896,On or near Shopping Area,E01019204,Carlisle 006A,Violence and sexual offences,Court result unavailable,
85094932e95a48ee09258179fe768c86297272f98ffe27dcbe40758bbccf9f09,2021-07,Cumbria Constabulary,Cumbria Constabulary,-2.932974,54.896062,On or near Parking Area,E01019204,Carlisle 006A,Violence and sexual offences,Unable to prosecute suspect,
90993419f44def52e6c54a1b44f0ce6c680b702435cc5e8a1144541e46f4a830,2021-07,Cumbria Constabulary,Cumbria Constabulary,-2.932974,54.896062,On or near Parking Area,E01019204,Carlisle 006A,Violence and sexual offences,Unable to prosecute suspect,
623376500f1cd52935288d09c8a3781b173d4af5d5a0ba154f5d95c5b0aca92e,2021-07,Cumbria Constabulary,Cumbria Constabulary,-2.939794,54.896324,On or near Finkle Street,E01019204,Carlisle 006A,Violence and sexual offences,Unable to prosecute suspect,
f46e42d632bfd30de7b3026bf5718861a6f673f38f0847fc23cbcde6973a4385,2021-07,Cumbria Constabulary,Cumbria Constabulary,-2.932974,54.896062,On or near Parking Area,E01019204,Carlisle 006A,Violence and sexual offences,Unable to prosecute suspect,
1c0d109dba05d8f8539a67019b79caccd561da96e4e0f8bce608404a4b55b1c8,2021-07,Cumbria Constabulary,Cumbria Constabulary,-2.935808,54.895896,On or near Shopping Area,E01019204,Carlisle 006A,Violence and sexual offences,Unable to prosecute suspect,
61762598c2a22c1d379119d929725eea4ece892c3972bf402f882cc357a08400,2021-07,Cumbria Constabulary,Cumbria Constabulary,-2.935808,54.895896,On or near Shopping Area,E01019204,Carlisle 006A,Violence and sexual offences,Local resolution,
71a61fc806088e01ff9c0c442cbe91fe2f6e3832bf466daf0250d30d20178d2a,2021-07,Cumbria Constabulary,Cumbria Constabulary,-2.932974,54.896062,On or near Parking Area,E01019204,Carlisle 006A,Violence and sexual offences,Unable to prosecute suspect,
52b5815266d20503cc54f4f29ab11a1eb8e32111a554cb5bdeda03bcb545703a,2021-07,Cumbria Constabulary,Cumbria Constabulary,-2.939499,54.895059,On or near Paternoster Row,E01019204,Carlisle 006A,Violence and sexual offences,Investigation complete; no suspect identified,
5216c5564cc93d6c4cfd24dc8e73d5c215b411b45b5538d65066d3fe25b0152f,2021-07,Cumbria Constabulary,Cumbria Constabulary,-2.948453,54.893210,On or near Hawick Street,E01019204,Carlisle 006A,Violence and sexual offences,Court result unavailable,
3466f1a037d312e62ff0871f809ca5386a120824b621f283fa8dcdb54487f5be,2021-07,Cumbria Constabulary,Cumbria Constabulary,-2.937272,54.895175,On or near St Mary'S Gate,E01019204,Carlisle 006A,Violence and sexual offences,Investigation complete; no suspect identified,
d8dff617b18066c76eb5a91fad8e3b320d9f3dfbdc818617a662969f9215d1f0,2021-07,Cumbria Constabulary,Cumbria Constabulary,-2.934616,54.897640,On or near Police Station,E01019204,Carlisle 006A,Violence and sexual offences,Court result unavailable,
3ba8b49fbb384b05405bed4e0a7fe5c9f14d815a82508c27224a76dcda4542e0,2021-07,Cumbria Constabulary,Cumbria Constabulary,-2.932974,54.896062,On or near Parking Area,E01019204,Carlisle 006A,Violence and sexual offences,Court result unavailable,
5cf23d994c6329fcdbe620b3ee0b91e6f34f3da7abfd3e968e2dcd36fbf5acb9,2021-07,Cumbria Constabulary,Cumbria Constabulary,-2.945726,54.894624,On or near John Street,E01019204,Carlisle 006A,Violence and sexual offences,Unable to prosecute suspect,
3bc250d5599a36507df3fcf00645bf133fa56e6c233730e4d8ced71ba069ee64,2021-07,Cumbria Constabulary,Cumbria Constabulary,-2.934695,54.896983,On or near Parking Area,E01019204,Carlisle 006A,Violence and sexual offences,Unable to prosecute suspect,
841f94271cf4f6dc44e600fda428e4251c3196f54f79e664dc58078d47b1adf3,2021-07,Cumbria Constabulary,Cumbria Constabulary,-2.945726,54.894624,On or near John Street,E01019204,Carlisle 006A,Violence and sexual offences,Unable to prosecute suspect,
5735682ca6345200b67686d4a3b8ad0c84520777d30083177370cf01861dc12b,2021-07,Cumbria Constabulary,Cumbria Constabulary,-2.948013,54.892414,On or near York Street,E01019204,Carlisle 006A,Violence and sexual offences,Unable to prosecute suspect,
4c897cb0f0b67a6ee3438ef537f6199a073dc1771eb88c7e3d6f830bcc2bf208,2021-07,Cumbria Constabulary,Cumbria Constabulary,-2.946509,54.896101,On or near Willowholme Gardens,E01019204,Carlisle 006A,Violence and sexual offences,Unable to prosecute suspect,
3323523ac455ad9ba934318dcb3c062e343b635c9af3e7d8c07cd40abbd5ab40,2021-07,Cumbria Constabulary,Cumbria Constabulary,-2.934278,54.894479,On or near Shopping Area,E01019204,Carlisle 006A,Violence and sexual offences,Investigation complete; no suspect identified,
e5325ee219203b6c19e8ae0e34618b6d82429aa94cdf8b4cdfcffb339ecb5fd9,2021-07,Cumbria Constabulary,Cumbria Constabulary,-2.935808,54.895896,On or near Shopping Area,E01019204,Carlisle 006A,Violence and sexual offences,Unable to prosecute suspect,
eb038204af24a0c4b9e09124352223c7eadd2ce9401f1c6847caeca4dd0ed656,2021-07,Cumbria Constabulary,Cumbria Constabulary,-2.946509,54.896101,On or near Willowholme Gardens,E01019204,Carlisle 006A,Violence and sexual offences,Unable to prosecute suspect,
,2021-07,Cumbria Constabulary,Cumbria Constabulary,-2.932623,54.891697,On or near English Street,E01019206,Carlisle 006B,Anti-social behaviour,,
,2021-07,Cumbria Constabulary,Cumbria Constabulary,-2.932623,54.891697,On or near English Street,E01019206,Carlisle 006B,Anti-social behaviour,,
,2021-07,Cumbria Constabulary,Cumbria Constabulary,-2.932623,54.891697,On or near English Street,E01019206,Carlisle 006B,Anti-social behaviour,,
,2021-07,Cumbria Constabulary,Cumbria Constabulary,-2.932623,54.891697,On or near English Street,E01019206,Carlisle 006B,Anti-social behaviour,,
,2021-07,Cumbria Constabulary,Cumbria Constabulary,-2.932623,54.891697,On or near English Street,E01019206,Carlisle 006B,Anti-social behaviour,,
,2021-07,Cumbria Constabulary,Cumbria Constabulary,-2.932623,54.891697,On or near English Street,E01019206,Carlisle 006B,Anti-social behaviour,,
,2021-07,Cumbria Constabulary,Cumbria Constabulary,-2.930119,54.891267,On or near Nightclub,E01019206,Carlisle 006B,Anti-social behaviour,,
,2021-07,Cumbria Constabulary,Cumbria Constabulary,-2.932206,54.894558,On or near Bus/Coach Station,E01019206,Carlisle 006B,Anti-social behaviour,,
,2021-07,Cumbria Constabulary,Cumbria Constabulary,-2.930119,54.891267,On or near Nightclub,E01019206,Carlisle 006B,Anti-social behaviour,,
,2021-07,Cumbria Constabulary,Cumbria Constabulary,-2.930119,54.891267,On or near Nightclub,E01019206,Carlisle 006B,Anti-social behaviour,,
,2021-07,Cumbria Constabulary,Cumbria Constabulary,-2.930087,54.895958,On or near Compton Street,E01019206,Carlisle 006B,Anti-social behaviour,,
,2021-07,Cumbria Constabulary,Cumbria Constabulary,-2.932206,54.894558,On or near Bus/Coach Station,E01019206,Carlisle 006B,Anti-social behaviour,,
dde03fc8a9b4838d5db8168e94f3aed622d1370fbec21197a517d6e6648039ba,2021-07,Cumbria Constabulary,Cumbria Constabulary,-2.936474,54.893681,On or near Shopping Area,E01019206,Carlisle 006B,Bicycle theft,Investigation complete; no suspect identified,
b8df719239cbea7b57e8edd44fcfe29c0e004ec596bd81cd7501645d42221f44,2021-07,Cumbria Constabulary,Cumbria Constabulary,-2.924501,54.893098,On or near Hart Street,E01019206,Carlisle 006B,Burglary,Investigation complete; no suspect identified,
f9e1fd4692cee6703d8d341337eb4f40234c89c9ea30297f2be14a172b68cdbf,2021-07,Cumbria Constabulary,Cumbria Constabulary,-2.932507,54.892066,On or near The Crescent,E01019206,Carlisle 006B,Burglary,Investigation complete; no suspect identified,
6e721e3d4e693c08c5906d2e7e2978a961594cb3b6fde81515c135ffcc786b71,2021-07,Cumbria Constabulary,Cumbria Constabulary,-2.936474,54.893681,On or near Shopping Area,E01019206,Carlisle 006B,Burglary,Investigation complete; no suspect identified,
8ef437f818b68b48455589570b30c9fda1140cdd7292f2fc4c7d8d4542ee1af6,2021-07,Cumbria Constabulary,Cumbria Constabulary,-2.928923,54.890809,On or near Tait Street,E01019206,Carlisle 006B,Criminal damage and arson,Investigation complete; no suspect identified,
40424cd1720b45febad22c5cfc2727d6a20968748920a14514434f78aff3b7fa,2021-07,Cumbria Constabulary,Cumbria Constabulary,-2.930408,54.894356,On or near Spencer Street,E01019206,Carlisle 006B,Criminal damage and arson,Court result unavailable,
72939fa256311548f79a9e5c9a4c9eca43a6cdb6e0499c4da5b9b4a0e8567831,2021-07,Cumbria Constabulary,Cumbria Constabulary,-2.932623,54.891697,On or near English Street,E01019206,Carlisle 006B,Criminal damage and arson,Investigation complete; no suspect identified,
fb4cd06f680dcbf40ef4c07d3c32602e51437b862c950f778a355c822257ee03,2021-07,Cumbria Constabulary,Cumbria Constabulary,-2.931837,54.895469,On or near Albert Street,E01019206,Carlisle 006B,Criminal damage and arson,Investigation complete; no suspect identified,
b35d73a0a5147a0a9abdd89448215bc2db1efadc199e46e8638c781319f6d164,2021-07,Cumbria Constabulary,Cumbria Constabulary,-2.937048,54.892220,On or near English Damside,E01019206,Carlisle 006B,Criminal damage and arson,Investigation complete; no suspect identified,
3ea084b22d7b49b07348c145a61f8b64defe4d2523b1f2bea6df906dffbdeb31,2021-07,Cumbria Constabulary,Cumbria Constabulary,-2.929315,54.892226,On or near Wilfred Street,E01019206,Carlisle 006B,Criminal damage and arson,Unable to prosecute suspect,
36f90780876a1fb7da546a48551837bc3e2c0378af49e7e1f3265aa9884e63a4,2021-07,Cumbria Constabulary,Cumbria Constabulary,-2.939329,54.893110,On or near Viaduct Estate Road,E01019206,Carlisle 006B,Criminal damage and arson,Investigation complete; no suspect identified,
c064004c3e312ec19883579d7fc11f77f0cb2573429a04f82f040f8dd6669f69,2021-07,Cumbria Constabulary,Cumbria Constabulary,-2.931534,54.893116,On or near Earl Street,E01019206,Carlisle 006B,Criminal damage and arson,Awaiting court outcome,
e540c3a107fcaa046792723bd8ba59c63c7a8a622c98c63894b87ef4b682b79a,2021-07,Cumbria Constabulary,Cumbria Constabulary,-2.930583,54.893834,On or near St Pauls Square,E01019206,Carlisle 006B,Criminal damage and arson,Investigation complete; no suspect identified,
4e68e56eebbc7546b7d92f58ced7f3b2a876e810b5592ecc15df294153d490e8,2021-07,Cumbria Constabulary,Cumbria Constabulary,-2.935870,54.890513,On or near Pedestrian Subway,E01019206,Carlisle 006B,Criminal damage and arson,Unable to prosecute suspect,
51c7c5c7e3fe4412187d04dbe5efc12ad2fb1558c3b60b66cac72192db3626f5,2021-07,Cumbria Constabulary,Cumbria Constabulary,-2.928956,54.890197,On or near William Street,E01019206,Carlisle 006B,Criminal damage and arson,Unable to prosecute suspect,
c22d3a55252cacceac580f071da3f98b889ed902d0f9ca9a733c57cb9ea5be53,2021-07,Cumbria Constabulary,Cumbria Constabulary,-2.933827,54.893162,On or near Friars Court,E01019206,Carlisle 006B,Other theft,Investigation complete; no suspect identified,
dcd217faa9fe4de88e058300fccfe298ab43c4ce17eb5d7845cb865bbd9330a9,2021-07,Cumbria Constabulary,Cumbria Constabulary,-2.930087,54.895958,On or near Compton Street,E01019206,Carlisle 006B,Other theft,Unable to prosecute suspect,
2d6265105e5bbd9b12fb8fb227a4be26509ad48ef918ecfdfc902cb8708a0af6,2021-07,Cumbria Constabulary,Cumbria Constabulary,-2.932520,54.893298,On or near Nightclub,E01019206,Carlisle 006B,Other theft,Investigation complete; no suspect identified,
b4497f62d220a90a5764d2fbc034c06eae614d4a73fecd75e60088f609c026d5,2021-07,Cumbria Constabulary,Cumbria Constabulary,-2.930390,54.891535,On or near Portland Place,E01019206,Carlisle 006B,Other theft,Investigation complete; no suspect identified,
0244af3614165bdb489e32258d35dddd64cd998f80451362988bccb6047a3f22,2021-07,Cumbria Constabulary,Cumbria Constabulary,-2.932206,54.894558,On or near Bus/Coach Station,E01019206,Carlisle 006B,Other theft,Further investigation is not in the public interest,
25e5bdaceaca33975783ec6bdd84e53d157785781b7877c4a5fa0d341aacc4a9,2021-07,Cumbria Constabulary,Cumbria Constabulary,-2.936474,54.893681,On or near Shopping Area,E01019206,Carlisle 006B,Other theft,Unable to prosecute suspect,
ace1e5b46149ad97c13ece9f55911893b2fb2fd515381cff59cbeed2793cf3c8,2021-07,Cumbria Constabulary,Cumbria Constabulary,-2.930087,54.895958,On or near Compton Street,E01019206,Carlisle 006B,Public order,Unable to prosecute suspect,
e9474f96a5415923d3d53eff6e934c45bec601df762e4ed01fadc1a736d0a3d4,2021-07,Cumbria Constabulary,Cumbria Constabulary,-2.928206,54.890778,On or near Parking Area,E01019206,Carlisle 006B,Public order,Unable to prosecute suspect,
4e7a2e768ec5631a0089de9e167864b7f61958921c156849d3e455be4435b655,2021-07,Cumbria Constabulary,Cumbria Constabulary,-2.933246,54.892339,On or near Citadel Row,E01019206,Carlisle 006B,Public order,Investigation complete; no suspect identified,
3e82ad04ffe9ba10b5b75ba9e849f82470c2154b640afb2ff35f5958df88a22f,2021-07,Cumbria Constabulary,Cumbria Constabulary,-2.928206,54.890778,On or near Parking Area,E01019206,Carlisle 006B,Public order,Unable to prosecute suspect,
d8f36bcddcc27e4109d329f4272a40d64123f5c6778d9653b56bb3f0b29b847a,2021-07,Cumbria Constabulary,Cumbria Constabulary,-2.935495,54.892511,On or near Supermarket,E01019206,Carlisle 006B,Public order,Court result unavailable,
790e7936bc14c0a01ac6da6760dc10bc00c7736736f1c87529379cf8e798818a,2021-07,Cumbria Constabulary,Cumbria Constabulary,-2.932206,54.894558,On or near Bus/Coach Station,E01019206,Carlisle 006B,Public order,Local resolution,
9c29602f362408875f5c8fb76893e592484f70036b9dfb5db3e64fcad9cc62d7,2021-07,Cumbria Constabulary,Cumbria Constabulary,-2.936474,54.893681,On or near Shopping Area,E01019206,Carlisle 006B,Shoplifting,Local resolution,
553156d7f7f030eb1314aa240c857426c5fcd7c196f4d62961ec7511bf4d19a2,2021-07,Cumbria Constabulary,Cumbria Constabulary,-2.934269,54.892763,On or near Victoria Viaduct,E01019206,Carlisle 006B,Shoplifting,Further investigation is not in the public interest,
0ef8d71e68c913375392a9743569dea83b891b987e61d53eaab4ad4751c800e7,2021-07,Cumbria Constabulary,Cumbria Constabulary,-2.932206,54.894558,On or near Bus/Coach Station,E01019206,Carlisle 006B,Shoplifting,Unable to prosecute suspect,
1676fa8e78a6dbdec1799368e40c03a6cfd36a1e3a1a293da821b37f2432d4c0,2021-07,Cumbria Constabulary,Cumbria Constabulary,-2.932623,54.891697,On or near English Street,E01019206,Carlisle 006B,Shoplifting,Investigation complete; no suspect identified,
8403963d195e9e14f90268ed06f9703a91177e30249b5ea6b41a7f62c5704181,2021-07,Cumbria Constabulary,Cumbria Constabulary,-2.935495,54.892511,On or near Supermarket,E01019206,Carlisle 006B,Shoplifting,Court result unavailable,
ad0e77c8b88639daaaac08367133a2694da898931ca69ab3c2a5c469a426c3b0,2021-07,Cumbria Constabulary,Cumbria Constabulary,-2.931852,54.894076,On or near Lonsdale Street,E01019206,Carlisle 006B,Shoplifting,Investigation complete; no suspect identified,
929b76b64588fa6656b1434c36287d4e08626af1cf2eda9fd92467eed697cb36,2021-07,Cumbria Constabulary,Cumbria Constabulary,-2.932922,54.892495,On or near The Crescent,E01019206,Carlisle 006B,Violence and sexual offences,Awaiting court outcome,
d8c137abb5e07fc12356c5d4267b7ba5b20d4fd3928ecf9e68d8057008854e19,2021-07,Cumbria Constabulary,Cumbria Constabulary,-2.930119,54.891267,On or near Nightclub,E01019206,Carlisle 006B,Violence and sexual offences,Unable to prosecute suspect,
da7fcbc218d3869e2a60180bb819025674f68cd9a5fc835e43e12425c56b8284,2021-07,Cumbria Constabulary,Cumbria Constabulary,-2.928956,54.890197,On or near William Street,E01019206,Carlisle 006B,Violence and sexual offences,Unable to prosecute suspect,
accfd0dc94340b9f9fd8a06defc587a26b6b701f1368deef273389ee84b404e5,2021-07,Cumbria Constabulary,Cumbria Constabulary,-2.928956,54.890197,On or near William Street,E01019206,Carlisle 006B,Violence and sexual offences,Offender given a caution,
848d8f02f41ec01e60e7b0c0da0d4b4e39e6d0d783aae071a96ad819d5c53eb4,2021-07,Cumbria Constabulary,Cumbria Constabulary,-2.935870,54.890513,On or near Pedestrian Subway,E01019206,Carlisle 006B,Violence and sexual offences,Unable to prosecute suspect,
4c455e976606feffae6b50592759dd016f3c80a73301d5a456048f4ebbe0a0b4,2021-07,Cumbria Constabulary,Cumbria Constabulary,-2.928923,54.890809,On or near Tait Street,E01019206,Carlisle 006B,Violence and sexual offences,Unable to prosecute suspect,
5b8cdba1ec4e3818552d633a113263f13eec992e6f7069d940c5168552957ed4,2021-07,Cumbria Constabulary,Cumbria Constabulary,-2.932623,54.891697,On or near English Street,E01019206,Carlisle 006B,Violence and sexual offences,Unable to prosecute suspect,
f31562e09d896eb80b1a2f8e2b054ab2eaeb3bde7b04671123f61637fdaa97ba,2021-07,Cumbria Constabulary,Cumbria Constabulary,-2.932623,54.891697,On or near English Street,E01019206,Carlisle 006B,Violence and sexual offences,Unable to prosecute suspect,
28e62dabd8f422dd4efbe0243a021ac243bbf3c970358774b4c7d7ce9eb3f2ac,2021-07,Cumbria Constabulary,Cumbria Constabulary,-2.932623,54.891697,On or near English Street,E01019206,Carlisle 006B,Violence and sexual offences,Further investigation is not in the public interest,
682092aed6f2f89108b2994bcaed6ac12612ba97ebc8f40c34a0c28b3aafea58,2021-07,Cumbria Constabulary,Cumbria Constabulary,-2.931179,54.891942,On or near Mary Street,E01019206,Carlisle 006B,Violence and sexual offences,Unable to prosecute suspect,
27b112680b8e8899b6c02e325011bdc7f385e9e3b68cc7b1729b87f0b9b17cc2,2021-07,Cumbria Constabulary,Cumbria Constabulary,-2.928117,54.893017,On or near Alfred Street North,E01019206,Carlisle 006B,Violence and sexual offences,Further investigation is not in the public interest,
066f05956561d8faefa292ad57eb4d6b57a2167ef182d5c2eb894d3f83461a71,2021-07,Cumbria Constabulary,Cumbria Constabulary,-2.932922,54.892495,On or near The Crescent,E01019206,Carlisle 006B,Violence and sexual offences,Unable to prosecute suspect,
7a67f318f9e62d82cc8aa1acd722e69b3cf98c61cc27df1ed19ed0720026f505,2021-07,Cumbria Constabulary,Cumbria Constabulary,-2.924501,54.893098,On or near Hart Street,E01019206,Carlisle 006B,Violence and sexual offences,Investigation complete; no suspect identified,
d73834dc8a88aeb1bb50a9910a69dee29e54a857f15249d6ed422112912d24ec,2021-07,Cumbria Constabulary,Cumbria Constabulary,-2.931534,54.893116,On or near Earl Street,E01019206,Carlisle 006B,Violence and sexual offences,Awaiting court outcome,
83ec47702afda4aab32ffc7fca8efe5ce8af7d8a6465575a22fffa284758b591,2021-07,Cumbria Constabulary,Cumbria Constabulary,-2.931534,54.893116,On or near Earl Street,E01019206,Carlisle 006B,Violence and sexual offences,Awaiting court outcome,
a53fe33bea551fe848df28d540f843bc373c05baec3d30f7e0b73b74bb190585,2021-07,Cumbria Constabulary,Cumbria Constabulary,-2.930408,54.894356,On or near Spencer Street,E01019206,Carlisle 006B,Violence and sexual offences,Court result unavailable,
1a09c74405827d216efacd725c1f62fca6130e219dc1451010fb69abff0422ad,2021-07,Cumbria Constabulary,Cumbria Constabulary,-2.932206,54.894558,On or near Bus/Coach Station,E01019206,Carlisle 006B,Violence and sexual offences,Local resolution,
5f77d817f941ea223ab6cb0f121e8e6ff1dc59f22e65d267dc8d743d17e61c39,2021-07,Cumbria Constabulary,Cumbria Constabulary,-2.930119,54.891267,On or near Nightclub,E01019206,Carlisle 006B,Violence and sexual offences,Investigation complete; no suspect identified,
a53925f9686359710b4307616fbec255756f5f3ec805ae0aac24edfc821792fd,2021-07,Cumbria Constabulary,Cumbria Constabulary,-2.932603,54.893513,On or near Bus/Coach Station,E01019206,Carlisle 006B,Violence and sexual offences,Unable to prosecute suspect,
8543bef188f79adaf3a68a9f9774cd2b6ee63726469c7ff3c4c24bf25b433057,2021-07,Cumbria Constabulary,Cumbria Constabulary,-2.932922,54.892495,On or near The Crescent,E01019206,Carlisle 006B,Violence and sexual offences,Investigation complete; no suspect identified,
bc2137af547e1744225e345b820eeddade7606007dd092be3c65e33a2fda00c0,2021-07,Cumbria Constabulary,Cumbria Constabulary,-2.932623,54.891697,On or near English Street,E01019206,Carlisle 006B,Violence and sexual offences,Unable to prosecute suspect,
ac733c8cc1e4adb4ed3eb228c761765377e4e9a03188ef5d0322f7667beb8d23,2021-07,Cumbria Constabulary,Cumbria Constabulary,-2.928128,54.896207,On or near Hartington Street,E01019206,Carlisle 006B,Violence and sexual offences,Unable to prosecute suspect,
0ce30da929377b82f3c105a250546b4f85cb8b75d52e9ec565d274d7305c677f,2021-07,Cumbria Constabulary,Cumbria Constabulary,-2.931179,54.891942,On or near Mary Street,E01019206,Carlisle 006B,Violence and sexual offences,Unable to prosecute suspect,
72375da823a88aca8c7dc7ea2b2a764add3d5c29433b5a350a4c2505f880d019,2021-07,Cumbria Constabulary,Cumbria Constabulary,-2.933246,54.892339,On or near Citadel Row,E01019206,Carlisle 006B,Violence and sexual offences,Investigation complete; no suspect identified,
d653edcf75ac12dc3d35854d43785124441a97e96dd2135b30731f6d3247c659,2021-07,Cumbria Constabulary,Cumbria Constabulary,-2.931179,54.891942,On or near Mary Street,E01019206,Carlisle 006B,Violence and sexual offences,Unable to prosecute suspect,
a8d05531b26250183814453b0c1dd58215c6ddd0c38a7f3025c88d4c503d0592,2021-07,Cumbria Constabulary,Cumbria Constabulary,-2.928206,54.890778,On or near Parking Area,E01019206,Carlisle 006B,Violence and sexual offences,Unable to prosecute suspect,
a48bff27042b8cb0e4fff9b3b17fdcb4c6690e22430d1d3a495757c0035672f3,2021-07,Cumbria Constabulary,Cumbria Constabulary,-2.930119,54.891267,On or near Nightclub,E01019206,Carlisle 006B,Violence and sexual offences,Investigation complete; no suspect identified,
1a9bee7978038b1af4a1e8475f1196756ade0cadaaf5c6a08b1b65148f783808,2021-07,Cumbria Constabulary,Cumbria Constabulary,-2.930119,54.891267,On or near Nightclub,E01019206,Carlisle 006B,Violence and sexual offences,Investigation complete; no suspect identified,
1ba26d6755403344348f2c15d8ababcfd199190c500e41e7e78f08050aca5cac,2021-07,Cumbria Constabulary,Cumbria Constabulary,-2.930119,54.891267,On or near Nightclub,E01019206,Carlisle 006B,Violence and sexual offences,Unable to prosecute suspect,
3aca39016ba7236adddd42334a36fb9fa07b2b663a77f3002e235221da8fea69,2021-07,Cumbria Constabulary,Cumbria Constabulary,-2.930408,54.894356,On or near Spencer Street,E01019206,Carlisle 006B,Violence and sexual offences,Unable to prosecute suspect,
0512e7d3f0adbab846a9c507f2af8fb2918b5c095663a7c154dc291f5df89f28,2021-07,Cumbria Constabulary,Cumbria Constabulary,-2.930390,54.891535,On or near Portland Place,E01019206,Carlisle 006B,Violence and sexual offences,Further investigation is not in the public interest,
a75a19de2665c8356025ce3388e4f9b4d6173629e61fe757f76d0cca7eab9fc4,2021-07,Cumbria Constabulary,Cumbria Constabulary,-2.932623,54.891697,On or near English Street,E01019206,Carlisle 006B,Violence and sexual offences,Unable to prosecute suspect,
73e8b460a4e800607c791e9a49e59ba0ff7aec4dcf0ec543acb35387c8e4dcbc,2021-07,Cumbria Constabulary,Cumbria Constabulary,-2.931179,54.891942,On or near Mary Street,E01019206,Carlisle 006B,Violence and sexual offences,Unable to prosecute suspect,
281d9291436fec4877acbbf2aecda3f2ec9467fe620578d60c12e2e46f0701d3,2021-07,Cumbria Constabulary,Cumbria Constabulary,-2.928117,54.893017,On or near Alfred Street North,E01019206,Carlisle 006B,Violence and sexual offences,Unable to prosecute suspect,
c0c7c56219f843b2c0e19a1f149b207171a4a4b5c128b1e948d23f91cc4ad496,2021-07,Cumbria Constabulary,Cumbria Constabulary,-2.931179,54.891942,On or near Mary Street,E01019206,Carlisle 006B,Violence and sexual offences,Unable to prosecute suspect,
54b588fcfa61c755b1f5b4f6413f22c48d07c280eabfaa59081efa63d54c50af,2021-07,Cumbria Constabulary,Cumbria Constabulary,-2.930119,54.891267,On or near Nightclub,E01019206,Carlisle 006B,Violence and sexual offences,Unable to prosecute suspect,
df452bfad6f664e4b7969f0697125170c1d6a2918638ff44324570ff4e42b184,2021-07,Cumbria Constabulary,Cumbria Constabulary,-2.926674,54.893324,On or near Warwick Square,E01019206,Carlisle 006B,Violence and sexual offences,Further investigation is not in the public interest,
68565239024a72b095025a68f07e81392d1c9da1aeaf8fbea47e0cc4d3aae30e,2021-07,Cumbria Constabulary,Cumbria Constabulary,-2.936474,54.893681,On or near Shopping Area,E01019206,Carlisle 006B,Violence and sexual offences,Investigation complete; no suspect identified,
8d614c47ebe97e12e3a44a958efda42bedc0ae391d7c040f6625f257cd183eb0,2021-07,Cumbria Constabulary,Cumbria Constabulary,-2.930087,54.895958,On or near Compton Street,E01019206,Carlisle 006B,Violence and sexual offences,Investigation complete; no suspect identified,
e6dd7fcd916f433714d2caf8cc6c60518f70f045aa70c9163c8bae168a80865f,2021-07,Cumbria Constabulary,Cumbria Constabulary,-2.928206,54.890778,On or near Parking Area,E01019206,Carlisle 006B,Violence and sexual offences,Unable to prosecute suspect,
13585078fd20690f61d066ba72ee8a552adf5dcc2eab88c0e03dc58c838770eb,2021-07,Cumbria Constabulary,Cumbria Constabulary,-2.936474,54.893681,On or near Shopping Area,E01019206,Carlisle 006B,Other crime,Court result unavailable,
cc2b0b727656e688f0ec86241d19fef78fb3ace4264601f4dfb163fbfa524714,2021-07,Cumbria Constabulary,Cumbria Constabulary,-2.936474,54.893681,On or near Shopping Area,E01019206,Carlisle 006B,Other crime,Court result unavailable,
,2021-07,Cumbria Constabulary,Cumbria Constabulary,-2.927058,54.889008,On or near Botchergate,E01019234,Carlisle 006C,Anti-social behaviour,,
,2021-07,Cumbria Constabulary,Cumbria Constabulary,-2.918914,54.889438,On or near Margaret Creighton Gardens,E01019234,Carlisle 006C,Anti-social behaviour,,
,2021-07,Cumbria Constabulary,Cumbria Constabulary,-2.926348,54.889337,On or near Rose Court,E01019234,Carlisle 006C,Anti-social behaviour,,
,2021-07,Cumbria Constabulary,Cumbria Constabulary,-2.924596,54.889754,On or near Close Street,E01019234,Carlisle 006C,Anti-social behaviour,,
,2021-07,Cumbria Constabulary,Cumbria Constabulary,-2.918914,54.889438,On or near Margaret Creighton Gardens,E01019234,Carlisle 006C,Anti-social behaviour,,
,2021-07,Cumbria Constabulary,Cumbria Constabulary,-2.927058,54.889008,On or near Botchergate,E01019234,Carlisle 006C,Anti-social behaviour,,
,2021-07,Cumbria Constabulary,Cumbria Constabulary,-2.918914,54.889438,On or near Margaret Creighton Gardens,E01019234,Carlisle 006C,Anti-social behaviour,,
,2021-07,Cumbria Constabulary,Cumbria Constabulary,-2.918914,54.889438,On or near Margaret Creighton Gardens,E01019234,Carlisle 006C,Anti-social behaviour,,
,2021-07,Cumbria Constabulary,Cumbria Constabulary,-2.919742,54.888821,On or near Linton Street,E01019234,Carlisle 006C,Anti-social behaviour,,
,2021-07,Cumbria Constabulary,Cumbria Constabulary,-2.919742,54.888821,On or near Linton Street,E01019234,Carlisle 006C,Anti-social behaviour,,
,2021-07,Cumbria Constabulary,Cumbria Constabulary,-2.926061,54.890408,On or near Rydal Street,E01019234,Carlisle 006C,Anti-social behaviour,,
,2021-07,Cumbria Constabulary,Cumbria Constabulary,-2.917076,54.890890,On or near Nook Street,E01019234,Carlisle 006C,Anti-social behaviour,,
f951fb786ce636297a035e60de78574d2abd1fa2f7a29cc0abd3fc98f71b3c77,2021-07,Cumbria Constabulary,Cumbria Constabulary,-2.918695,54.890096,On or near Melrose Terrace,E01019234,Carlisle 006C,Burglary,Unable to prosecute suspect,
b3d1c74cf0a29f4608d255ab945ab0a01e84e4f1d4066423a6730785d57c73b7,2021-07,Cumbria Constabulary,Cumbria Constabulary,-2.922481,54.890651,On or near Fusehill Street,E01019234,Carlisle 006C,Burglary,Status update unavailable,
a7829db7649f56bd84b8e606f2aba14862721b112df81951956712e9f8830575,2021-07,Cumbria Constabulary,Cumbria Constabulary,-2.918914,54.889438,On or near Margaret Creighton Gardens,E01019234,Carlisle 006C,Criminal damage and arson,Investigation complete; no suspect identified,
ed8b7b7421ec8c08b2615d69667a19b1088b7a7c21ac2bdca29c414c84319e6a,2021-07,Cumbria Constabulary,Cumbria Constabulary,-2.925147,54.889993,On or near Charles Street,E01019234,Carlisle 006C,Criminal damage and arson,Unable to prosecute suspect,
84599fe87c16fb4b47e5bc9398a9bb9ab70369e050badd3abcb36c719c155389,2021-07,Cumbria Constabulary,Cumbria Constabulary,-2.917076,54.890890,On or near Nook Street,E01019234,Carlisle 006C,Criminal damage and arson,Investigation complete; no suspect identified,
01b5315005e5b12830d985b05a1d39abdc4c9d31aeea37604aecf456d713ca94,2021-07,Cumbria Constabulary,Cumbria Constabulary,-2.918914,54.889438,On or near Margaret Creighton Gardens,E01019234,Carlisle 006C,Criminal damage and arson,Court result unavailable,
91ac218051873c42c4154ca1033339ccf8ac34a9a6ae0cca3a29a26c48de4432,2021-07,Cumbria Constabulary,Cumbria Constabulary,-2.920625,54.888589,On or near Watson Street,E01019234,Carlisle 006C,Other theft,Unable to prosecute suspect,
d9591bc8f25edab673f6b0390f59b590fea7f000b8b2f95c9a0e4e2edfbd0ce5,2021-07,Cumbria Constabulary,Cumbria Constabulary,-2.918914,54.889438,On or near Margaret Creighton Gardens,E01019234,Carlisle 006C,Public order,Unable to prosecute suspect,
db10a493ff633fb7ea268e70b3ebdb1eccdf2b13249e2f3d8916fd7c2f2005ba,2021-07,Cumbria Constabulary,Cumbria Constabulary,-2.918914,54.889438,On or near Margaret Creighton Gardens,E01019234,Carlisle 006C,Public order,Unable to prosecute suspect,
fe88ceb60f0723a4a59d83f7c8656dbac4aac9f7acf973031f696946c153f1f8,2021-07,Cumbria Constabulary,Cumbria Constabulary,-2.918914,54.889438,On or near Margaret Creighton Gardens,E01019234,Carlisle 006C,Public order,Court result unavailable,
fd0eff7c0a7872531ee754c9b3732ddb347c6c3e1e438026b20f8e4f251324e9,2021-07,Cumbria Constabulary,Cumbria Constabulary,-2.918914,54.889438,On or near Margaret Creighton Gardens,E01019234,Carlisle 006C,Public order,Unable to prosecute suspect,
2bca89e2bb92b5d0a43bb8917c255fedec20b906869a6adbabd618108a00d7b1,2021-07,Cumbria Constabulary,Cumbria Constabulary,-2.918914,54.889438,On or near Margaret Creighton Gardens,E01019234,Carlisle 006C,Public order,Unable to prosecute suspect,
6caf7ae0ff73c5e3c1077836822eaf8379fc1b4af900d3de68f6c59723be93f2,2021-07,Cumbria Constabulary,Cumbria Constabulary,-2.922481,54.890651,On or near Fusehill Street,E01019234,Carlisle 006C,Public order,Unable to prosecute suspect,
00aa936133507cf796dcbcb83de86a8da806d71b3f9032783942ab4e5ae4c0cd,2021-07,Cumbria Constabulary,Cumbria Constabulary,-2.918914,54.889438,On or near Margaret Creighton Gardens,E01019234,Carlisle 006C,Public order,Court result unavailable,
cd1f230ab35a3f325b6ecfcb3a397389d751aa73045de0d4ba09391e2940de4e,2021-07,Cumbria Constabulary,Cumbria Constabulary,-2.918914,54.889438,On or near Margaret Creighton Gardens,E01019234,Carlisle 006C,Public order,Unable to prosecute suspect,
5a6f7c452fdeb4a739184c772b90e25e81b7235980ab77e06aa84465b9684866,2021-07,Cumbria Constabulary,Cumbria Constabulary,-2.922481,54.890651,On or near Fusehill Street,E01019234,Carlisle 006C,Public order,Court result unavailable,
905d0d9d4298d3fa02d68fec81db6094b71ca9efb518a747bbd3f3ce4e038aba,2021-07,Cumbria Constabulary,Cumbria Constabulary,-2.922481,54.890651,On or near Fusehill Street,E01019234,Carlisle 006C,Public order,Unable to prosecute suspect,
c01668322927b5b8456732b61424d4b6a93d151ab8e1523dfafd9ff878f81f5b,2021-07,Cumbria Constabulary,Cumbria Constabulary,-2.918914,54.889438,On or near Margaret Creighton Gardens,E01019234,Carlisle 006C,Violence and sexual offences,Unable to prosecute suspect,
5d8ed1d455f9896994a78e9fd73ccb9738abe41858769214edc8b5b7b65d378a,2021-07,Cumbria Constabulary,Cumbria Constabulary,-2.924596,54.889754,On or near Close Street,E01019234,Carlisle 006C,Violence and sexual offences,Court result unavailable,
2fcf26ca09086619a6a0d9d2903a9fce77252c990b3933cf3560cf382c720699,2021-07,Cumbria Constabulary,Cumbria Constabulary,-2.924922,54.891738,On or near Myddleton Street,E01019234,Carlisle 006C,Violence and sexual offences,Investigation complete; no suspect identified,
727b70bc35bc70d66188a64c92d5eb1b1043b3ef1c414c2bf085d5d787cef74b,2021-07,Cumbria Constabulary,Cumbria Constabulary,-2.925147,54.889993,On or near Charles Street,E01019234,Carlisle 006C,Violence and sexual offences,Unable to prosecute suspect,
a9675a82ed332921e1e1383f80fc4f70f62b2403d2880557c98951d95c33eb31,2021-07,Cumbria Constabulary,Cumbria Constabulary,-2.924901,54.890813,On or near Barrock Street,E01019234,Carlisle 006C,Violence and sexual offences,Unable to prosecute suspect,
4afca2bf2e736c0041980635afac1d6e5175a78709ba10d379ca62d39e0b2ec1,2021-07,Cumbria Constabulary,Cumbria Constabulary,-2.924596,54.889754,On or near Close Street,E01019234,Carlisle 006C,Violence and sexual offences,Court result unavailable,
75b3e792fe0f001d479eab6207d85aed55520ddfb964de8e0ab617fc73988496,2021-07,Cumbria Constabulary,Cumbria Constabulary,-2.920625,54.888589,On or near Watson Street,E01019234,Carlisle 006C,Violence and sexual offences,Unable to prosecute suspect,
313f39d45358fe95efac784ec3b7294734541409154ef77113eba69f84e68df5,2021-07,Cumbria Constabulary,Cumbria Constabulary,-2.919742,54.888821,On or near Linton Street,E01019234,Carlisle 006C,Violence and sexual offences,Unable to prosecute suspect,
596f3ac33850a3fe884a9be090d17a6a6836705b09eb0b6f1f42575c3fd8c89d,2021-07,Cumbria Constabulary,Cumbria Constabulary,-2.927058,54.889008,On or near Botchergate,E01019234,Carlisle 006C,Violence and sexual offences,Unable to prosecute suspect,
64129a704ab0ef3e78013ac75b7406043e5acbdde40615b29857b51758ceaecf,2021-07,Cumbria Constabulary,Cumbria Constabulary,-2.922481,54.890651,On or near Fusehill Street,E01019234,Carlisle 006C,Violence and sexual offences,Investigation complete; no suspect identified,
68a559ed2251927a60926ba4a0a957269a8c31713fb893dd554aeff6519170d4,2021-07,Cumbria Constabulary,Cumbria Constabulary,-2.917803,54.889941,On or near Melbourne Road,E01019234,Carlisle 006C,Violence and sexual offences,Unable to prosecute suspect,
a1fcabd8a732a544d5224d049bc2b824aa128c85d3dbe0c74ac743d4d623f14d,2021-07,Cumbria Constabulary,Cumbria Constabulary,-2.926348,54.889337,On or near Rose Court,E01019234,Carlisle 006C,Violence and sexual offences,Awaiting court outcome,
c433165b052d74d5746599262d688e1c2b5a7fa824db62861b5fb1b9621d112d,2021-07,Cumbria Constabulary,Cumbria Constabulary,-2.918914,54.889438,On or near Margaret Creighton Gardens,E01019234,Carlisle 006C,Violence and sexual offences,Unable to prosecute suspect,
75c85dcaeff255da35f3b33e2aa970182e94af609bf006a481a92a11547d672c,2021-07,Cumbria Constabulary,Cumbria Constabulary,-2.918914,54.889438,On or near Margaret Creighton Gardens,E01019234,Carlisle 006C,Violence and sexual offences,Unable to prosecute suspect,
4b70f6ce757e3c5d47d8e248c7c5c66fd1ff3a71e750ecca3e6f8ae0a683f7b2,2021-07,Cumbria Constabulary,Cumbria Constabulary,-2.926348,54.889337,On or near Rose Court,E01019234,Carlisle 006C,Violence and sexual offences,Unable to prosecute suspect,
e0f6d54269a667367c0b36c2d0f63cc5fa15ca09c6ab1efe436a954045226187,2021-07,Cumbria Constabulary,Cumbria Constabulary,-2.925147,54.889993,On or near Charles Street,E01019234,Carlisle 006C,Violence and sexual offences,Unable to prosecute suspect,
7d5a239b867ee3fb58f129d754826677aeefd9f08f6b2ec39e5477ae05863389,2021-07,Cumbria Constabulary,Cumbria Constabulary,-2.925147,54.889993,On or near Charles Street,E01019234,Carlisle 006C,Violence and sexual offences,Unable to prosecute suspect,
a8830ebec6bdb950403dada296f51466d3a3ea48f6d645805c46e73b523d7cfd,2021-07,Cumbria Constabulary,Cumbria Constabulary,-2.922481,54.890651,On or near Fusehill Street,E01019234,Carlisle 006C,Violence and sexual offences,Unable to prosecute suspect,
eb42e4efb7e2139ebea615350e5b0d99e0e0e5bd09980d6c39b5368b81d3f6b5,2021-07,Cumbria Constabulary,Cumbria Constabulary,-2.918914,54.889438,On or near Margaret Creighton Gardens,E01019234,Carlisle 006C,Other crime,Court result unavailable,
,2021-07,Cumbria Constabulary,Cumbria Constabulary,-2.914631,54.894422,On or near Warwick Road,E01019235,Carlisle 006D,Anti-social behaviour,,
55c0f68d41ed267c5bc2a5c7928376ed3f6fb1c09685e87bc18df956fa228548,2021-07,Cumbria Constabulary,Cumbria Constabulary,-2.911536,54.894796,On or near Thirlwell Gardens,E01019235,Carlisle 006D,Other theft,Investigation complete; no suspect identified,
652e547d1020069d3b56437c3797fa91ac301a890d05f93152cb08efe23c04b1,2021-07,Cumbria Constabulary,Cumbria Constabulary,-2.917094,54.892346,On or near Jackson Street,E01019235,Carlisle 006D,Violence and sexual offences,Further investigation is not in the public interest,
3c1a1b43fe4350f1c0399a6ca350b4dbcb305799b403808f60fb460f0ed6b3e4,2021-07,Cumbria Constabulary,Cumbria Constabulary,-2.914631,54.894422,On or near Warwick Road,E01019235,Carlisle 006D,Violence and sexual offences,Unable to prosecute suspect,
aef9cbfe12ccd082dedf2a394b57b11b42bec2afc886bbc2dc1475804f34a374,2021-07,Cumbria Constabulary,Cumbria Constabulary,-2.914646,54.893712,On or near Brunton Crescent,E01019235,Carlisle 006D,Violence and sexual offences,Unable to prosecute suspect,
5c6a816b0d116cb085295dbea22646740fb26d8a702562aa0d16ab1d60b6246d,2021-07,Cumbria Constabulary,Cumbria Constabulary,-2.917306,54.893431,On or near Short Street,E01019235,Carlisle 006D,Violence and sexual offences,Status update unavailable,
1dff796717cad361d4e7231ebfb678fc49985c0b4c8799c8afe8fbdd116fbfcc,2021-07,Cumbria Constabulary,Cumbria Constabulary,-2.911375,54.895237,On or near Sports/Recreation Area,E01019235,Carlisle 006D,Violence and sexual offences,Awaiting court outcome,
59c33f14e98f307fbf83b0db387d35ae9c28ed6bb9f82a759c1432683b65564e,2021-07,Cumbria Constabulary,Cumbria Constabulary,-2.917094,54.892346,On or near Jackson Street,E01019235,Carlisle 006D,Violence and sexual offences,Further investigation is not in the public interest,
4f208a7f4be3f567d252188e223ace60a14a37e27581b3786009deff8cb4238a,2021-07,Cumbria Constabulary,Cumbria Constabulary,-2.910550,54.894633,On or near Thirlwell Avenue,E01019235,Carlisle 006D,Violence and sexual offences,Unable to prosecute suspect,
d3d1a5cb82e944cdd6624c5d648828dc09b92d9512931faa69e403bd92ce77d2,2021-07,Cumbria Constabulary,Cumbria Constabulary,-2.911536,54.894796,On or near Thirlwell Gardens,E01019235,Carlisle 006D,Other crime,Investigation complete; no suspect identified,
,2021-07,Cumbria Constabulary,Cumbria Constabulary,-2.923811,54.894263,On or near Aglionby Street,E01019237,Carlisle 006E,Anti-social behaviour,,
eb3943c13540daaa047f05c613cee8a648db060fcb30c8993e8035d5bc4ea9f8,2021-07,Cumbria Constabulary,Cumbria Constabulary,-2.918413,54.893441,On or near Eldred Street,E01019237,Carlisle 006E,Burglary,Status update unavailable,
837af56b3994adbd41a64154824883fb1dbd276aa27abbaaeb477afb3ab91b3e,2021-07,Cumbria Constabulary,Cumbria Constabulary,-2.918413,54.893441,On or near Eldred Street,E01019237,Carlisle 006E,Drugs,Local resolution,
f0754bc611ac4437b1b5ec8272768091982e1358b011742cd15dc14bc06bf2d7,2021-07,Cumbria Constabulary,Cumbria Constabulary,-2.923478,54.893367,On or near Lismore Street,E01019237,Carlisle 006E,Vehicle crime,Investigation complete; no suspect identified,
5986d096bce8ce2123e5afbfda303cf5db1dce0e0cee1e69a16ddbedee4c99dc,2021-07,Cumbria Constabulary,Cumbria Constabulary,-2.921740,54.894404,On or near Warwick Road,E01019237,Carlisle 006E,Violence and sexual offences,Unable to prosecute suspect,
3b02b1ad0c306e4738d0b70d5ffe9506503c38dbd0a718ad936ed1ee187a2bdf,2021-07,Cumbria Constabulary,Cumbria Constabulary,-2.917112,54.895212,On or near Sports/Recreation Area,E01019237,Carlisle 006E,Violence and sexual offences,Unable to prosecute suspect,
be59fc7ac84660a5500ecfd4afe0787276bc093548d29183e481428702eeb21e,2021-07,Cumbria Constabulary,Cumbria Constabulary,-2.919892,54.890599,On or near School Street,E01019237,Carlisle 006E,Violence and sexual offences,Further investigation is not in the public interest,
30bc9af6c4f454836f207b516acf25d14188b53ccf4397a1dd35175cc4548949,2021-07,Cumbria Constabulary,Cumbria Constabulary,-2.918413,54.893441,On or near Eldred Street,E01019237,Carlisle 006E,Violence and sexual offences,Investigation complete; no suspect identified,
260a0dbca82d94f1e8ab80b481e3fbd86a8b99e496b2f5a81a8fb3d8de338b9c,2021-07,Cumbria Constabulary,Cumbria Constabulary,-2.918413,54.893441,On or near Eldred Street,E01019237,Carlisle 006E,Violence and sexual offences,Investigation complete; no suspect identified,
eaa253167821b6aa1b262dcfee13dc68c85fcac5f511fe44e949d6fd8b6cd168,2021-07,Cumbria Constabulary,Cumbria Constabulary,-2.921740,54.894404,On or near Warwick Road,E01019237,Carlisle 006E,Violence and sexual offences,Unable to prosecute suspect,
825896c96a8ea5160a72520cd4a3f284837a36c9731c241a2f15a23a1718b46a,2021-07,Cumbria Constabulary,Cumbria Constabulary,-2.923811,54.894263,On or near Aglionby Street,E01019237,Carlisle 006E,Violence and sexual offences,Unable to prosecute suspect,
db30251376e149391540646eccd4e5b2a461fa4a45b403bf026afa05ad299cbf,2021-07,Cumbria Constabulary,Cumbria Constabulary,-2.917112,54.895212,On or near Sports/Recreation Area,E01019237,Carlisle 006E,Violence and sexual offences,Unable to prosecute suspect,
,2021-07,Cumbria Constabulary,Cumbria Constabulary,-2.938839,54.906217,On or near Thornton Road,E01019242,Carlisle 006F,Anti-social behaviour,,
,2021-07,Cumbria Constabulary,Cumbria Constabulary,-2.944159,54.906957,On or near Grosvenor Place,E01019242,Carlisle 006F,Anti-social behaviour,,
,2021-07,Cumbria Constabulary,Cumbria Constabulary,-2.943683,54.905928,On or near Eden Place,E01019242,Carlisle 006F,Anti-social behaviour,,
d83071320b8cb6a44cd57e59bee081f935d3fa65067bf2a382592c20cb146f4f,2021-07,Cumbria Constabulary,Cumbria Constabulary,-2.941420,54.907203,On or near Etterby Lea Road,E01019242,Carlisle 006F,Burglary,Court result unavailable,
e6c80458697d064df01bad603fb49e2c9d5dfbf928be21d67193ab4b969d4aca,2021-07,Cumbria Constabulary,Cumbria Constabulary,-2.945654,54.908186,On or near Bowscale Close,E01019242,Carlisle 006F,Violence and sexual offences,Unable to prosecute suspect,
017a9abe78cada5d0f4678c3ef5f0ae5e19ed23f21fb43eb56fe5d26eb73b807,2021-07,Cumbria Constabulary,Cumbria Constabulary,-2.943683,54.905928,On or near Eden Place,E01019242,Carlisle 006F,Violence and sexual offences,Unable to prosecute suspect,
c7f4e831bf937d67f7391feb10172a27f056ca9afa8b9104f5b78e98575e013a,2021-07,Cumbria Constabulary,Cumbria Constabulary,-2.941420,54.907203,On or near Etterby Lea Road,E01019242,Carlisle 006F,Violence and sexual offences,Unable to prosecute suspect,
030d9e35a5526e73677dd678291631c741d7f5cc9ba355023394761baeede120,2021-07,Cumbria Constabulary,Cumbria Constabulary,-2.939679,54.905446,On or near Etterby Street,E01019242,Carlisle 006F,Violence and sexual offences,Further investigation is not in the public interest,
5ef12c648a7dbb501f3f80d0d06dfbbe8a376e4d41c8af0e9676ecb72fb3cf11,2021-07,Cumbria Constabulary,Cumbria Constabulary,-2.946151,54.907436,On or near Strawberry Terrace,E01019242,Carlisle 006F,Violence and sexual offences,Unable to prosecute suspect,
54270888da396a57d6282a04a6e63cb1bc6424a61d7a98a1144616c93824f9f2,2021-07,Cumbria Constabulary,Cumbria Constabulary,-2.936191,54.905698,On or near Mulcaster Crescent,E01019242,Carlisle 006F,Violence and sexual offences,Investigation complete; no suspect identified,
31e6bb14ccee63fe0600e0a25f3832720dca7baea2b523aeddca5acfc47a61b9,2021-07,Cumbria Constabulary,Cumbria Constabulary,-2.946151,54.907436,On or near Strawberry Terrace,E01019242,Carlisle 006F,Violence and sexual offences,Unable to prosecute suspect,
1fae16095f6c1514cda7184856c86f500892bfe60e6a94625883d8a949284b11,2021-07,Cumbria Constabulary,Cumbria Constabulary,-2.945654,54.908186,On or near Bowscale Close,E01019242,Carlisle 006F,Violence and sexual offences,Unable to prosecute suspect,
be68f9f556fbc6d741c4fe148b89522dca2670446d0a2dab0548d937ffdf7768,2021-07,Cumbria Constabulary,Cumbria Constabulary,-2.939679,54.905446,On or near Etterby Street,E01019242,Carlisle 006F,Violence and sexual offences,Unable to prosecute suspect,
e4bde253aa77ef404a0474d469d2f2d5f4d216e65a8367da5e366a8d28cc495f,2021-07,Cumbria Constabulary,Cumbria Constabulary,-2.946151,54.907436,On or near Strawberry Terrace,E01019242,Carlisle 006F,Violence and sexual offences,Unable to prosecute suspect,
efe926a72904c5a0c650b5cca3f765c9c737216b8e593806276e150623cfc8d4,2021-07,Cumbria Constabulary,Cumbria Constabulary,-2.822538,54.881088,On or near The Orchard,E01019219,Carlisle 007A,Other theft,Unable to prosecute suspect,
326a5e5fc04143300fd1405bbfdc4e79048cd9a72bc255fe5836cb56592f0d5b,2021-07,Cumbria Constabulary,Cumbria Constabulary,-2.817370,54.903752,On or near Supermarket,E01019219,Carlisle 007A,Shoplifting,Investigation complete; no suspect identified,
d47cfc54eb3d94fe7716df25d5b0c49c68bfa0f1c861d305c729399c5e638d3f,2021-07,Cumbria Constabulary,Cumbria Constabulary,-2.821653,54.902698,On or near Chapel Close,E01019219,Carlisle 007A,Violence and sexual offences,Status update unavailable,
c38f91bb328c953f6c41e4f488b6e446c8f9e10eac693c0e098e2ecfde85db93,2021-07,Cumbria Constabulary,Cumbria Constabulary,-2.821653,54.902698,On or near Chapel Close,E01019219,Carlisle 007A,Violence and sexual offences,Status update unavailable,
1fdfd58f40287d9d033b361bbe40ddc9bcb9318fc75189e760c5d7915eb4b042,2021-07,Cumbria Constabulary,Cumbria Constabulary,-2.821653,54.902698,On or near Chapel Close,E01019219,Carlisle 007A,Violence and sexual offences,Status update unavailable,
143df0570651a8a43804ba615aaddaf3031158fafdd0bc073fc62b1f185e3c14,2021-07,Cumbria Constabulary,Cumbria Constabulary,-2.805081,54.890471,On or near The Dell,E01019219,Carlisle 007A,Other crime,Status update unavailable,
d5fc673e0e5da3c564a0cf4aad1a8c9a261cb03db84c97803cadfd5f8d7b7f4f,2021-07,Cumbria Constabulary,Cumbria Constabulary,-2.786127,54.888267,On or near Cairnwood,E01019224,Carlisle 007B,Violence and sexual offences,Unable to prosecute suspect,
aba810bd6294b58a36d7bef8d71a0054149e423d8efefd322014e279be77be56,2021-07,Cumbria Constabulary,Cumbria Constabulary,-2.768273,54.888031,On or near Warren Hill,E01019224,Carlisle 007B,Violence and sexual offences,Unable to prosecute suspect,
e2a5250302f2af7d0ec51c8d25ceee552115cd793614ec49b10b428b6b5b273d,2021-07,Cumbria Constabulary,Cumbria Constabulary,-2.768273,54.888031,On or near Warren Hill,E01019224,Carlisle 007B,Violence and sexual offences,Unable to prosecute suspect,
356c98cd665db3570d29511383af87c63b3b1902c9870701a7d8f8c5dd72f1c7,2021-07,Cumbria Constabulary,Cumbria Constabulary,-2.817323,54.906044,On or near Millriggs,E01019224,Carlisle 007B,Violence and sexual offences,Unable to prosecute suspect,
8c0a0a869fe6d2ec6d0cd27023456713f7e052dce10b7c94554c25ece6244791,2021-07,Cumbria Constabulary,Cumbria Constabulary,-2.817323,54.906044,On or near Millriggs,E01019224,Carlisle 007B,Violence and sexual offences,Unable to prosecute suspect,
ed3603368decd6f6aed5980ac722abef02c56812f0f575ac8862d4cb9b36a9cc,2021-07,Cumbria Constabulary,Cumbria Constabulary,-2.768273,54.888031,On or near Warren Hill,E01019224,Carlisle 007B,Violence and sexual offences,Unable to prosecute suspect,
3e563b3ce64653033005f3c70490898a674d058fe60d6d0432a09b26e418aa71,2021-07,Cumbria Constabulary,Cumbria Constabulary,-2.818022,54.955851,On or near Dale View,E01019239,Carlisle 007C,Bicycle theft,Investigation complete; no suspect identified,
8da464029f76a322ab3d6e69420fd61f7de5b51c7bea6dae7f8fbeee492b4bc1,2021-07,Cumbria Constabulary,Cumbria Constabulary,-2.818022,54.955851,On or near Dale View,E01019239,Carlisle 007C,Bicycle theft,Investigation complete; no suspect identified,
6cec34cf3e4aef829487992ce02fe93f33bd8631c0fafa9d9202bee7bdbde9b8,2021-07,Cumbria Constabulary,Cumbria Constabulary,-2.818022,54.955851,On or near Dale View,E01019239,Carlisle 007C,Criminal damage and arson,Investigation complete; no suspect identified,
8803e6b8151364c818e9dc5c5ac075d863e8b7abba9e0e91ecb9c9c450d49f3e,2021-07,Cumbria Constabulary,Cumbria Constabulary,-2.835323,54.942254,On or near Park/Open Space,E01019239,Carlisle 007C,Violence and sexual offences,Investigation complete; no suspect identified,
6ac31e8cc78fb755ff1dbd5730fb993063125ac0452ce3051685f7ebaed984a1,2021-07,Cumbria Constabulary,Cumbria Constabulary,-2.842107,54.971827,On or near A6071,E01019239,Carlisle 007C,Violence and sexual offences,Unable to prosecute suspect,
,2021-07,Cumbria Constabulary,Cumbria Constabulary,-2.835981,54.886676,On or near Faustin Hill,E01019249,Carlisle 007D,Anti-social behaviour,,
4bbe8139b80af08e034e87108db53c0d523e9f44ef9fab07e41b0c0f6083c01d,2021-07,Cumbria Constabulary,Cumbria Constabulary,-2.837405,54.888437,On or near Elm Garth,E01019249,Carlisle 007D,Violence and sexual offences,Unable to prosecute suspect,
94f102382868767d8ad78bd8e1921776d83abdb9ce4af82f2bd4960ce42d576d,2021-07,Cumbria Constabulary,Cumbria Constabulary,-2.835981,54.886676,On or near Faustin Hill,E01019249,Carlisle 007D,Violence and sexual offences,Local resolution,
293d38489b8c6342bd304753bdd0e6ed4d16f237dd5a0bedf5bf7098693f0c4c,2021-07,Cumbria Constabulary,Cumbria Constabulary,-2.859780,54.865958,On or near Holme Farm Court,E01019250,Carlisle 007E,Criminal damage and arson,Investigation complete; no suspect identified,
2a4250c57fed161e456397f5bec74b64c00b357085d1dfeb2cef693cda79d9c8,2021-07,Cumbria Constabulary,Cumbria Constabulary,-2.835822,54.879785,On or near Wheatsheaf Gardens,E01019250,Carlisle 007E,Violence and sexual offences,Unable to prosecute suspect,
1670ca84c27ae0f446a2ae9936c7393516d3a0354b620e729a1fa9f79ae7d6b8,2021-07,Cumbria Constabulary,Cumbria Constabulary,-2.835822,54.879785,On or near Wheatsheaf Gardens,E01019250,Carlisle 007E,Violence and sexual offences,Awaiting court outcome,
2d1f1bad871d1e3b41198a2f278cbbd7cab0dbe1270389127d052a6a6128e4bb,2021-07,Cumbria Constabulary,Cumbria Constabulary,-2.853371,54.867180,On or near Chestnut Grove,E01019250,Carlisle 007E,Violence and sexual offences,Unable to prosecute suspect,
d44b60a219a0d7cfab44dd8e22893a7dec85d66eee7835a5f43a4f932fe90025,2021-07,Cumbria Constabulary,Cumbria Constabulary,-2.853371,54.867180,On or near Chestnut Grove,E01019250,Carlisle 007E,Violence and sexual offences,Court result unavailable,
,2021-07,Cumbria Constabulary,Cumbria Constabulary,-2.959582,54.895073,On or near Ruthella Street,E01019205,Carlisle 008A,Anti-social behaviour,,
,2021-07,Cumbria Constabulary,Cumbria Constabulary,-2.957900,54.893810,On or near Bright Street,E01019205,Carlisle 008A,Anti-social behaviour,,
,2021-07,Cumbria Constabulary,Cumbria Constabulary,-2.963862,54.896675,On or near Engine Lonning,E01019205,Carlisle 008A,Anti-social behaviour,,
886d385c766c8db9e3b344f6f7a54b4d9685aef2eee6c3fbc1094d3138bb56de,2021-07,Cumbria Constabulary,Cumbria Constabulary,-2.961906,54.895746,On or near Bellgarth Gardens,E01019205,Carlisle 008A,Criminal damage and arson,Investigation complete; no suspect identified,
6f2c3e533c1a203afd2884c3b21dfcfa5a8d8426e65158ed36f483c9eab8da73,2021-07,Cumbria Constabulary,Cumbria Constabulary,-2.957018,54.896756,On or near Parking Area,E01019205,Carlisle 008A,Other theft,Investigation complete; no suspect identified,
1d0ceed26f5ece91e0e5831f326534d717df5a316666b8ee7096fe52a3af73e5,2021-07,Cumbria Constabulary,Cumbria Constabulary,-2.957018,54.896756,On or near Parking Area,E01019205,Carlisle 008A,Other theft,Investigation complete; no suspect identified,
a1100c2799ee9a820e60deb4ffcc0340e8b1de1ee1463478dfc6f8a8e1bc8ddb,2021-07,Cumbria Constabulary,Cumbria Constabulary,-2.957018,54.896756,On or near Parking Area,E01019205,Carlisle 008A,Other theft,Investigation complete; no suspect identified,
cc8c6598d02d32af0090ca79e796841fe421c351e08d41bbac534e7c5988805c,2021-07,Cumbria Constabulary,Cumbria Constabulary,-2.957018,54.896756,On or near Parking Area,E01019205,Carlisle 008A,Other theft,Investigation complete; no suspect identified,
edf8f8e7beda686e2ad31ddb131b879689c8556ff672115178e23760b1ad6b63,2021-07,Cumbria Constabulary,Cumbria Constabulary,-2.957018,54.896756,On or near Parking Area,E01019205,Carlisle 008A,Public order,Status update unavailable,
1a928711cc1a7988e46dfe8bd46b18d2eec7ef56e4a03e90d17eced0b47d7625,2021-07,Cumbria Constabulary,Cumbria Constabulary,-2.956484,54.893938,On or near Howard Court,E01019205,Carlisle 008A,Robbery,Unable to prosecute suspect,
7c96b8120a7c9c4068da3ee915121e619c04a17f21d0d53b206c7d66103b7668,2021-07,Cumbria Constabulary,Cumbria Constabulary,-2.960989,54.895206,On or near Bellgarth Road,E01019205,Carlisle 008A,Vehicle crime,Investigation complete; no suspect identified,
64141b746b22b3c7a69a06af88fe6a8fdc068fa07b7491d81ff4b95197049ac7,2021-07,Cumbria Constabulary,Cumbria Constabulary,-2.957018,54.896756,On or near Parking Area,E01019205,Carlisle 008A,Violence and sexual offences,Further investigation is not in the public interest,
03d2f557723702dd7bdfb14cffae2276845fafac901e14c5f0caff29d7d89169,2021-07,Cumbria Constabulary,Cumbria Constabulary,-2.957018,54.896756,On or near Parking Area,E01019205,Carlisle 008A,Violence and sexual offences,Further investigation is not in the public interest,
92d93de913021b44edad9289f92d4db404ca1b1e801a824b1b0bd0566baee396,2021-07,Cumbria Constabulary,Cumbria Constabulary,-2.959582,54.895073,On or near Ruthella Street,E01019205,Carlisle 008A,Violence and sexual offences,Unable to prosecute suspect,
4e2a28660111a969c0fa2f70103661d91da2ef128a2b1116e740c291efde5ec8,2021-07,Cumbria Constabulary,Cumbria Constabulary,-2.960613,54.893825,On or near Cranbourne Road,E01019205,Carlisle 008A,Violence and sexual offences,Unable to prosecute suspect,
dcc5580269eb555c1bd185a480caf83e5932294f9c3935999d477992226db2a4,2021-07,Cumbria Constabulary,Cumbria Constabulary,-2.961906,54.895746,On or near Bellgarth Gardens,E01019205,Carlisle 008A,Violence and sexual offences,Unable to prosecute suspect,
0a05ac53c75b98faebff52c339a62c7b3c3d4ece18de57c7d6fef7b9a5ddae4b,2021-07,Cumbria Constabulary,Cumbria Constabulary,-2.957018,54.896756,On or near Parking Area,E01019205,Carlisle 008A,Violence and sexual offences,Awaiting court outcome,
441f40da24e72f69c26843eab8349d376b771871deb8f0e91b962226fa6eff41,2021-07,Cumbria Constabulary,Cumbria Constabulary,-2.957018,54.896756,On or near Parking Area,E01019205,Carlisle 008A,Violence and sexual offences,Unable to prosecute suspect,
9c1f2fe22c8d099b7d67b135b16023c42ba8de721305ba55473117e124c5fad4,2021-07,Cumbria Constabulary,Cumbria Constabulary,-2.962220,54.893884,On or near Newtown Close,E01019205,Carlisle 008A,Violence and sexual offences,Unable to prosecute suspect,
4fa6c26b5fe8f4fde74d0e710d145abe91178e274f388cfe5e43dd9a8a308def,2021-07,Cumbria Constabulary,Cumbria Constabulary,-2.957018,54.896756,On or near Parking Area,E01019205,Carlisle 008A,Violence and sexual offences,Awaiting court outcome,
037d8eb90a1d28f1e807e076e84a1da96ad13fff41cd41555d3292cf576aa928,2021-07,Cumbria Constabulary,Cumbria Constabulary,-2.957018,54.896756,On or near Parking Area,E01019205,Carlisle 008A,Violence and sexual offences,Unable to prosecute suspect,
3ea6c0025aabbaa4ff25b8448193fc69a5e4be25f53eea1ad729ee276df070f1,2021-07,Cumbria Constabulary,Cumbria Constabulary,-2.957900,54.893810,On or near Bright Street,E01019205,Carlisle 008A,Violence and sexual offences,Unable to prosecute suspect,
31f25eaebcf4a0accbafcbebebed032eead58e383a8f55513ec9064ce6dc3926,2021-07,Cumbria Constabulary,Cumbria Constabulary,-2.952997,54.894819,On or near Canal Court,E01019205,Carlisle 008A,Violence and sexual offences,Unable to prosecute suspect,
642470251277e7211831baa3ee812149ee57ef37db7c3c3cc7c135f9ca10aaa5,2021-07,Cumbria Constabulary,Cumbria Constabulary,-2.963088,54.893670,On or near Raffles Avenue,E01019205,Carlisle 008A,Other crime,Further investigation is not in the public interest,
,2021-07,Cumbria Constabulary,Cumbria Constabulary,-2.953471,54.893126,On or near Granville Road,E01019207,Carlisle 008B,Anti-social behaviour,,
,2021-07,Cumbria Constabulary,Cumbria Constabulary,-2.957231,54.893896,On or near Wood Street,E01019207,Carlisle 008B,Anti-social behaviour,,
5bd131aa073c47795555ce26c0f65b3308ff578acf4f232af1f2f2e30547d23c,2021-07,Cumbria Constabulary,Cumbria Constabulary,-2.953776,54.890203,On or near Bassenthwaite Street,E01019207,Carlisle 008B,Burglary,Investigation complete; no suspect identified,
b0bc190200608c9595dcd4aa248b646a41c95c4cf1ad53b48a39cd69e2c372fa,2021-07,Cumbria Constabulary,Cumbria Constabulary,-2.953776,54.890203,On or near Bassenthwaite Street,E01019207,Carlisle 008B,Criminal damage and arson,Unable to prosecute suspect,
4a4e85c7853353ddf279d03e3ca4fd8d9b45b26f9c171ff96fe50482631c9dfc,2021-07,Cumbria Constabulary,Cumbria Constabulary,-2.951015,54.890117,On or near Dowbeck Road,E01019207,Carlisle 008B,Criminal damage and arson,Investigation complete; no suspect identified,
88b46a09cd923efc19c134a0c31bd6d94e2f9b5a7b0c517a0f2415f669ceebc6,2021-07,Cumbria Constabulary,Cumbria Constabulary,-2.949797,54.890710,On or near Stanhope Road,E01019207,Carlisle 008B,Criminal damage and arson,Status update unavailable,
8fd798bfb1b71acec30055216f541be3cf0f32a70e8b71806de018bbdbd3261d,2021-07,Cumbria Constabulary,Cumbria Constabulary,-2.952159,54.891024,On or near Priory Road,E01019207,Carlisle 008B,Criminal damage and arson,Unable to prosecute suspect,
a1c3fdae0755463f70c682bcb6607419e9671f147173cac49de03c2de557ad0e,2021-07,Cumbria Constabulary,Cumbria Constabulary,-2.956995,54.892469,On or near Bower Street,E01019207,Carlisle 008B,Criminal damage and arson,Investigation complete; no suspect identified,
0796319b2300f16217ac377b38a1a533f189e37654a38a79193b51322aaaf20d,2021-07,Cumbria Constabulary,Cumbria Constabulary,-2.951015,54.890117,On or near Dowbeck Road,E01019207,Carlisle 008B,Criminal damage and arson,Investigation complete; no suspect identified,
6f14ecf4d4af7a78744203309f581ca0ee7b37a4589da7021c6b78334b13096c,2021-07,Cumbria Constabulary,Cumbria Constabulary,-2.952890,54.890291,On or near Crummock Street,E01019207,Carlisle 008B,Other theft,Investigation complete; no suspect identified,
e0b04202e5a76d47975d9ed0b2848152c1af38b3034e451aeb899b3b5194d40c,2021-07,Cumbria Constabulary,Cumbria Constabulary,-2.949797,54.890710,On or near Stanhope Road,E01019207,Carlisle 008B,Public order,Offender given a caution,
2dd501bbb884917fc851d18cc892ec9616267fa3fbe42eca2859f9d75e614c82,2021-07,Cumbria Constabulary,Cumbria Constabulary,-2.951273,54.893134,On or near Head Street,E01019207,Carlisle 008B,Public order,Unable to prosecute suspect,
d259a06c489dda7ca41ba26e908d5cf3cb9c209d9529f01e6ea72f8dc82296ef,2021-07,Cumbria Constabulary,Cumbria Constabulary,-2.949797,54.890710,On or near Stanhope Road,E01019207,Carlisle 008B,Vehicle crime,Unable to prosecute suspect,
ab187e718f6c676597e43f4a5bab6968a107640d463372f75410131743511f56,2021-07,Cumbria Constabulary,Cumbria Constabulary,-2.951273,54.891139,On or near Osborne Avenue,E01019207,Carlisle 008B,Violence and sexual offences,Unable to prosecute suspect,
c97cc91edad8a2b41ee63a68811b82e1edf3235c16d8d0c1c3609ffbf8f34336,2021-07,Cumbria Constabulary,Cumbria Constabulary,-2.952159,54.891024,On or near Priory Road,E01019207,Carlisle 008B,Violence and sexual offences,Unable to prosecute suspect,
ea42dbcaa6566d9ad62df8025c86e9f01ff3bcc93102aad9f557169a942ab68d,2021-07,Cumbria Constabulary,Cumbria Constabulary,-2.952138,54.892148,On or near Wigton Road,E01019207,Carlisle 008B,Violence and sexual offences,Unable to prosecute suspect,
15da0f8edf87569aaee88e7fb9ce8d9e58e3aef34a6d87a2736cb6b0d617f880,2021-07,Cumbria Constabulary,Cumbria Constabulary,-2.951273,54.891139,On or near Osborne Avenue,E01019207,Carlisle 008B,Violence and sexual offences,Investigation complete; no suspect identified,
1e83afc8bfc5d18d024ff27336df7ab8e6addcd4bda14c4e9c4eccb053db1b82,2021-07,Cumbria Constabulary,Cumbria Constabulary,-2.956995,54.892469,On or near Bower Street,E01019207,Carlisle 008B,Violence and sexual offences,Awaiting court outcome,
,2021-07,Cumbria Constabulary,Cumbria Constabulary,-2.950705,54.892186,On or near Bishops Close,E01019215,Carlisle 008C,Anti-social behaviour,,
fd9d86f930ccf7c4c6f9c74279bf52b568bd1fd9ca216a6f9134fccdf4c31d9d,2021-07,Cumbria Constabulary,Cumbria Constabulary,-2.950705,54.892186,On or near Bishops Close,E01019215,Carlisle 008C,Criminal damage and arson,Unable to prosecute suspect,
19a637f2759e77450149995bcf122ea6787af12ca746e44db7421dc1bc8bdb5c,2021-07,Cumbria Constabulary,Cumbria Constabulary,-2.950705,54.892186,On or near Bishops Close,E01019215,Carlisle 008C,Other theft,Unable to prosecute suspect,
3ec96e28d321ebb8abce8c4d2c318a5efc903156c6b24ee7dc97bec27fa0b6d6,2021-07,Cumbria Constabulary,Cumbria Constabulary,-2.941401,54.891710,On or near Chapel Place,E01019215,Carlisle 008C,Public order,Unable to prosecute suspect,
0fe4e9f64e571b1de136a0fccd83a5abd7eb4c6a75de6f19c4cb34d997e89c3c,2021-07,Cumbria Constabulary,Cumbria Constabulary,-2.944581,54.887021,On or near Colville Terrace,E01019215,Carlisle 008C,Public order,Further investigation is not in the public interest,
0b01aafaa0fef11d5fc1a4a525cc5f087fa927549382581bd6acf7d3182367fe,2021-07,Cumbria Constabulary,Cumbria Constabulary,-2.950404,54.888684,On or near Bedford Road,E01019215,Carlisle 008C,Shoplifting,Investigation complete; no suspect identified,
cb1e55965b0e4f62df2d99be042e2c0bdf9c6da3b9e7ec487ddd8243fc7c4b0a,2021-07,Cumbria Constabulary,Cumbria Constabulary,-2.942708,54.892931,On or near John'S Place,E01019215,Carlisle 008C,Violence and sexual offences,Unable to prosecute suspect,
38fdd3cb55c54d14e5a8b0a2159b455b27e519c5c3f84e464d5cc0d481a97157,2021-07,Cumbria Constabulary,Cumbria Constabulary,-2.942708,54.892931,On or near John'S Place,E01019215,Carlisle 008C,Violence and sexual offences,Investigation complete; no suspect identified,
1efc0ac95456808cb0aeb668abde7772e0f98efc7765d920598f010df03e53e1,2021-07,Cumbria Constabulary,Cumbria Constabulary,-2.951026,54.892579,On or near Wigton Road,E01019215,Carlisle 008C,Violence and sexual offences,Court result unavailable,
4a667c929cace670e66541593147b7d62e195ab1f83dd063d3b2a210810cb105,2021-07,Cumbria Constabulary,Cumbria Constabulary,-2.941401,54.891710,On or near Chapel Place,E01019215,Carlisle 008C,Violence and sexual offences,Unable to prosecute suspect,
c9e5fb4fc82cea06c4b584bcd5b8dc414b5e66afb36d78f087fa626a29648d53,2021-07,Cumbria Constabulary,Cumbria Constabulary,-2.950198,54.891840,On or near Finn Avenue,E01019215,Carlisle 008C,Violence and sexual offences,Unable to prosecute suspect,
8b32096d390f40be2da8c8374ff3d61aed2c1856015671036dd62e604b806241,2021-07,Cumbria Constabulary,Cumbria Constabulary,-2.950114,54.889620,On or near Dowbeck Road,E01019215,Carlisle 008C,Violence and sexual offences,Unable to prosecute suspect,
,2021-07,Cumbria Constabulary,Cumbria Constabulary,-2.949021,54.882251,On or near Diggle Road,E01019218,Carlisle 008D,Anti-social behaviour,,
c8a7676f4e66be2c92de5c73b7aaff257cfe662740e52218a566b7363099fc64,2021-07,Cumbria Constabulary,Cumbria Constabulary,-2.958699,54.874302,On or near Sports/Recreation Area,E01019218,Carlisle 008D,Other theft,Investigation complete; no suspect identified,
11a90f678c1cebb59e24219a5daa6c6a9dc9c5537f7c16c3c1baff53f6d0919f,2021-07,Cumbria Constabulary,Cumbria Constabulary,-2.950418,54.883965,On or near Percy Road,E01019218,Carlisle 008D,Public order,Unable to prosecute suspect,
e46f8db7e8786e89933ccef01a92e7b24d912d503cb44b9699793cce05dea0c6,2021-07,Cumbria Constabulary,Cumbria Constabulary,-2.950245,54.883239,On or near Waldegrave Road,E01019218,Carlisle 008D,Vehicle crime,Unable to prosecute suspect,
1310642ad556518eb8da8ed40203413ed3f776c59f39f26e18c3292680d6a6d0,2021-07,Cumbria Constabulary,Cumbria Constabulary,-2.952839,54.882877,On or near Longsowerby Road,E01019218,Carlisle 008D,Violence and sexual offences,Unable to prosecute suspect,
b71f83cd4ae1773f6941c0a08bb3353c678e2a86ad1f0cf396181637de872a29,2021-07,Cumbria Constabulary,Cumbria Constabulary,-2.952839,54.882877,On or near Longsowerby Road,E01019218,Carlisle 008D,Violence and sexual offences,Unable to prosecute suspect,
200918e7d0750f179b0637ccdb767232e6510b519c1664ca4f3d34f3de6e6403,2021-07,Cumbria Constabulary,Cumbria Constabulary,-2.952839,54.882877,On or near Longsowerby Road,E01019218,Carlisle 008D,Violence and sexual offences,Unable to prosecute suspect,
8968d74ee745037e50c23171baa628a45fc2372028574247428d43b7a70c109b,2021-07,Cumbria Constabulary,Cumbria Constabulary,-2.950107,54.882701,On or near Prescott Road,E01019218,Carlisle 008D,Violence and sexual offences,Unable to prosecute suspect,
c481a25e4bf0390632d57aa283c3c16d7d7a4fd6430fd39152a76c47301e4972,2021-07,Cumbria Constabulary,Cumbria Constabulary,-2.950245,54.883239,On or near Waldegrave Road,E01019218,Carlisle 008D,Violence and sexual offences,Unable to prosecute suspect,
4a803f23885f1320c63e03a01a6aa59a147aa799163da463ecbf4770445bd224,2021-07,Cumbria Constabulary,Cumbria Constabulary,-2.945309,54.883493,On or near Clarence Street,E01019218,Carlisle 008D,Violence and sexual offences,Unable to prosecute suspect,
0a0d88ef3c4de37e5112f6c56bfb2d9f0ddf5b20475090e7879f187b90ca1fe5,2021-07,Cumbria Constabulary,Cumbria Constabulary,-2.952839,54.882877,On or near Longsowerby Road,E01019218,Carlisle 008D,Violence and sexual offences,Unable to prosecute suspect,
,2021-07,Cumbria Constabulary,Cumbria Constabulary,-2.959575,54.883615,On or near Langrigg Road,E01019233,Carlisle 008E,Anti-social behaviour,,
,2021-07,Cumbria Constabulary,Cumbria Constabulary,-2.959575,54.883615,On or near Langrigg Road,E01019233,Carlisle 008E,Anti-social behaviour,,
,2021-07,Cumbria Constabulary,Cumbria Constabulary,-2.959575,54.883615,On or near Langrigg Road,E01019233,Carlisle 008E,Anti-social behaviour,,
b8940e8edfc354e8179543af684ecb52d96b795bbe6e5ea638200da41691d700,2021-07,Cumbria Constabulary,Cumbria Constabulary,-2.959575,54.883615,On or near Langrigg Road,E01019233,Carlisle 008E,Criminal damage and arson,Investigation complete; no suspect identified,
bbc62e495a0a86ed399370e0958e340d79ae149b6f3e0c6090e524d2860fdbf0,2021-07,Cumbria Constabulary,Cumbria Constabulary,-2.959575,54.883615,On or near Langrigg Road,E01019233,Carlisle 008E,Criminal damage and arson,Investigation complete; no suspect identified,
49d6ab0e348af95543536e42e8eeacb1b74ebd48392c31035cdc59d2607fc7b2,2021-07,Cumbria Constabulary,Cumbria Constabulary,-2.955803,54.881667,On or near Woodend Drive,E01019233,Carlisle 008E,Criminal damage and arson,Investigation complete; no suspect identified,
dd5c6c20061de9623971f2ccd5ad41770ae900242ace90ae6573052b32ca5df8,2021-07,Cumbria Constabulary,Cumbria Constabulary,-2.952631,54.883975,On or near Dalston Road,E01019233,Carlisle 008E,Criminal damage and arson,Investigation complete; no suspect identified,
3e31a4919a637cfe349cb81b86493de668c113cf3e53bc819b55eaeb80abfb71,2021-07,Cumbria Constabulary,Cumbria Constabulary,-2.959575,54.883615,On or near Langrigg Road,E01019233,Carlisle 008E,Other theft,Investigation complete; no suspect identified,
0a7c7cf9a25216e521369c606b7c74438f75c5d3ad6694e2179ea7c95759055a,2021-07,Cumbria Constabulary,Cumbria Constabulary,-2.959575,54.883615,On or near Langrigg Road,E01019233,Carlisle 008E,Public order,Action to be taken by another organisation,
c6855801a645e8a9a12a4c6379577ccbb0e245bdfb45092d779ced78a7c67c9e,2021-07,Cumbria Constabulary,Cumbria Constabulary,-2.959575,54.883615,On or near Langrigg Road,E01019233,Carlisle 008E,Public order,Unable to prosecute suspect,
2ca701a2848bec8222e42bf9835c10b7fef36753c0567261a3ff62ca977dd54f,2021-07,Cumbria Constabulary,Cumbria Constabulary,-2.955621,54.883197,On or near Kelvin Grove,E01019233,Carlisle 008E,Public order,Unable to prosecute suspect,
5dffd3bb12fad83f0f6723a25be5b6ed009934ad90fc6bfc8d8c130cf5cce606,2021-07,Cumbria Constabulary,Cumbria Constabulary,-2.957086,54.884479,On or near Park Road,E01019233,Carlisle 008E,Violence and sexual offences,Unable to prosecute suspect,
7f92e4f6f3b91857c258bf1368457065855da5970d76b1bd9210fd15eaeeabec,2021-07,Cumbria Constabulary,Cumbria Constabulary,-2.958539,54.881349,On or near Kentmere Grove,E01019233,Carlisle 008E,Violence and sexual offences,Unable to prosecute suspect,
40ea28dae60c93b2a23aa342b74e846cf74b397820dfe1012624ac2e06150b1c,2021-07,Cumbria Constabulary,Cumbria Constabulary,-2.959575,54.883615,On or near Langrigg Road,E01019233,Carlisle 008E,Violence and sexual offences,Unable to prosecute suspect,
5fda0d86e89ec98f1c3e673b1fd13efad089b6a89310f24a39d66be879d33716,2021-07,Cumbria Constabulary,Cumbria Constabulary,-2.959575,54.883615,On or near Langrigg Road,E01019233,Carlisle 008E,Violence and sexual offences,Unable to prosecute suspect,
812baa378cbfc997149dfa152bf6af235f3afa6e5708af39489673a69a6feb57,2021-07,Cumbria Constabulary,Cumbria Constabulary,-2.959575,54.883615,On or near Langrigg Road,E01019233,Carlisle 008E,Violence and sexual offences,Unable to prosecute suspect,
917818fbaec7f8141a43e75e44cb7a418bf2297f4f3d474816447edfe62b0b9d,2021-07,Cumbria Constabulary,Cumbria Constabulary,-2.958539,54.881349,On or near Kentmere Grove,E01019233,Carlisle 008E,Violence and sexual offences,Unable to prosecute suspect,
ec152da01ef6fc5a745e46a65a41bdd7da37398e7cd51da0218492a12354fa33,2021-07,Cumbria Constabulary,Cumbria Constabulary,-2.956850,54.880464,On or near Raiselands Road,E01019233,Carlisle 008E,Violence and sexual offences,Unable to prosecute suspect,
744b87dc95fd68686071138635127fc304ec2370cbe020072bce21e7324774c6,2021-07,Cumbria Constabulary,Cumbria Constabulary,-2.956850,54.880464,On or near Raiselands Road,E01019233,Carlisle 008E,Other crime,Unable to prosecute suspect,
,2021-07,Cumbria Constabulary,Cumbria Constabulary,-2.960558,54.889556,On or near Balfour Road,E01019193,Carlisle 009A,Anti-social behaviour,,
,2021-07,Cumbria Constabulary,Cumbria Constabulary,-2.961066,54.888618,On or near Partridge Place,E01019193,Carlisle 009A,Anti-social behaviour,,
,2021-07,Cumbria Constabulary,Cumbria Constabulary,-2.966421,54.890247,On or near Lichen Grove,E01019193,Carlisle 009A,Anti-social behaviour,,
57a7159f48e9f0ee79ea32686adb6621257d2e832b08b2d62825eeb35c28a698,2021-07,Cumbria Constabulary,Cumbria Constabulary,-2.962600,54.889531,On or near Dalton Avenue,E01019193,Carlisle 009A,Bicycle theft,Investigation complete; no suspect identified,
ac937a55d9a1962c9a530a8cbb9ac48e50d7e7176623e170971046a56d779d1e,2021-07,Cumbria Constabulary,Cumbria Constabulary,-2.968841,54.890371,On or near Marks Avenue,E01019193,Carlisle 009A,Burglary,Investigation complete; no suspect identified,
73fe436795e5208ecc70b7bcf5d913a140c24384d9855b51c35c11c025b3916a,2021-07,Cumbria Constabulary,Cumbria Constabulary,-2.962600,54.889531,On or near Dalton Avenue,E01019193,Carlisle 009A,Criminal damage and arson,Investigation complete; no suspect identified,
8c7697512be70928ea8c40695fe513359d6f5ee8567605f60743cbb40591fc54,2021-07,Cumbria Constabulary,Cumbria Constabulary,-2.965743,54.888625,On or near Orton Road,E01019193,Carlisle 009A,Criminal damage and arson,Investigation complete; no suspect identified,
036e18c819a870edf667c919a504c1926a2a1b623479c4d01d19eb344b26d68e,2021-07,Cumbria Constabulary,Cumbria Constabulary,-2.962600,54.889531,On or near Dalton Avenue,E01019193,Carlisle 009A,Criminal damage and arson,Unable to prosecute suspect,
6de208126047d3311305a79170525786e73bdf8788872a3731a59a466b022a37,2021-07,Cumbria Constabulary,Cumbria Constabulary,-2.962600,54.889531,On or near Dalton Avenue,E01019193,Carlisle 009A,Criminal damage and arson,Unable to prosecute suspect,
17ce6ac13935e184b6e19da7a2a81227e846b6780726131153f54012909c306c,2021-07,Cumbria Constabulary,Cumbria Constabulary,-2.961066,54.888618,On or near Partridge Place,E01019193,Carlisle 009A,Criminal damage and arson,Investigation complete; no suspect identified,
7d7dff2762db15e5cff5d65725f14fece8267acb2dc8d266ed26352f61a8153c,2021-07,Cumbria Constabulary,Cumbria Constabulary,-2.962600,54.889531,On or near Dalton Avenue,E01019193,Carlisle 009A,Criminal damage and arson,Unable to prosecute suspect,
f70c1b5f9de1485364cac801be450d6e2d3500ad70f6de735a2cd0c7753f9ca6,2021-07,Cumbria Constabulary,Cumbria Constabulary,-2.955410,54.890720,On or near Supermarket,E01019193,Carlisle 009A,Public order,Unable to prosecute suspect,
5b7dd2367b3687429602b1cf14a09b40a984dad187f17d58303581fe123c7f15,2021-07,Cumbria Constabulary,Cumbria Constabulary,-2.955410,54.890720,On or near Supermarket,E01019193,Carlisle 009A,Public order,Investigation complete; no suspect identified,
077e9e71ec055c8d80fe6157ca08378e39f1a2fef95981db21b74275bef25b27,2021-07,Cumbria Constabulary,Cumbria Constabulary,-2.967837,54.890128,On or near Lime Grove,E01019193,Carlisle 009A,Robbery,Status update unavailable,
9b5193fcfc0c8e741c8f5e1e43a2e8653007352ad7121cbb895df07a48ae168c,2021-07,Cumbria Constabulary,Cumbria Constabulary,-2.955410,54.890720,On or near Supermarket,E01019193,Carlisle 009A,Shoplifting,Unable to prosecute suspect,
d7ccced28dc4e5f6df50e4549a4790d67a95de0f168f0e6b108d20e0c5031dfa,2021-07,Cumbria Constabulary,Cumbria Constabulary,-2.960558,54.889556,On or near Balfour Road,E01019193,Carlisle 009A,Violence and sexual offences,Action to be taken by another organisation,
9322c6732f65ed68e451276012a37ecef5380d83ece41eacab6122abd97c08ac,2021-07,Cumbria Constabulary,Cumbria Constabulary,-2.962600,54.889531,On or near Dalton Avenue,E01019193,Carlisle 009A,Violence and sexual offences,Further investigation is not in the public interest,
ef766a11d3f6dfba67a8fa4899917d655a0f6e3fc6a19ad42b28446cadb9e07f,2021-07,Cumbria Constabulary,Cumbria Constabulary,-2.963881,54.891597,On or near Ivory Close,E01019193,Carlisle 009A,Violence and sexual offences,Unable to prosecute suspect,
5577c32112a21bb956a737f32d984744908e27895a96fa09e71edad7bbe3b0a5,2021-07,Cumbria Constabulary,Cumbria Constabulary,-2.963881,54.891597,On or near Ivory Close,E01019193,Carlisle 009A,Violence and sexual offences,Unable to prosecute suspect,
b618261819366551789ae9207cf8a13c6c7f64731d8ff63c344d3d54d12d6013,2021-07,Cumbria Constabulary,Cumbria Constabulary,-2.967837,54.890128,On or near Lime Grove,E01019193,Carlisle 009A,Violence and sexual offences,Unable to prosecute suspect,
b879cbc2b562049b901e586727f217e23e299b0f1c7fb5e939709bea2d6d6617,2021-07,Cumbria Constabulary,Cumbria Constabulary,-2.963881,54.891597,On or near Ivory Close,E01019193,Carlisle 009A,Violence and sexual offences,Unable to prosecute suspect,
ebade2d8273c0a44671487a1ba3187eb69062af3b3c087b3b77655efd27f1882,2021-07,Cumbria Constabulary,Cumbria Constabulary,-2.962600,54.889531,On or near Dalton Avenue,E01019193,Carlisle 009A,Violence and sexual offences,Investigation complete; no suspect identified,
1e467e91663433338722d9de38d2a7a62cb95ebd3bb264ce73452bfcfe7acfc3,2021-07,Cumbria Constabulary,Cumbria Constabulary,-2.967837,54.890128,On or near Lime Grove,E01019193,Carlisle 009A,Violence and sexual offences,Further action is not in the public interest,
01ab88b91914273e96ed1fc8dd58d15ec4323cf1444b70ebc7344d207f745694,2021-07,Cumbria Constabulary,Cumbria Constabulary,-2.962600,54.889531,On or near Dalton Avenue,E01019193,Carlisle 009A,Violence and sexual offences,Investigation complete; no suspect identified,
0176af77ff1fb301581ce9b173d4369bb9b00533866a70b3959a56f3e02a33c4,2021-07,Cumbria Constabulary,Cumbria Constabulary,-2.958985,54.888940,On or near Wigton Road,E01019193,Carlisle 009A,Violence and sexual offences,Investigation complete; no suspect identified,
eb32355ecddd13e7364c9aad9074d749eb87d8f905e9b9dcb81ad1c687e1f8b0,2021-07,Cumbria Constabulary,Cumbria Constabulary,-2.968374,54.891085,On or near Eilbeck Close,E01019193,Carlisle 009A,Violence and sexual offences,Unable to prosecute suspect,
,2021-07,Cumbria Constabulary,Cumbria Constabulary,-2.964826,54.897224,On or near Merlin Court,E01019194,Carlisle 009B,Anti-social behaviour,,
,2021-07,Cumbria Constabulary,Cumbria Constabulary,-2.965947,54.896478,On or near Turnstone Drive,E01019194,Carlisle 009B,Anti-social behaviour,,
aee6e7f2a0fd4ed7fcff417462804f35c2cb602fcf1d753dbb8246e70aceb3eb,2021-07,Cumbria Constabulary,Cumbria Constabulary,-2.971284,54.892787,On or near Low Meadow,E01019194,Carlisle 009B,Criminal damage and arson,Unable to prosecute suspect,
77b5304cdc53a2c7ae0ba586e70eac6e84cef95b9a9cfad67a3d1c03513c98e5,2021-07,Cumbria Constabulary,Cumbria Constabulary,-2.971284,54.892787,On or near Low Meadow,E01019194,Carlisle 009B,Criminal damage and arson,Investigation complete; no suspect identified,
d8a44f2c83545d8da59e4e1b628abfb7dc34f71ecde760e828403211925d5e87,2021-07,Cumbria Constabulary,Cumbria Constabulary,-2.965322,54.894497,On or near Flat Lane,E01019194,Carlisle 009B,Other theft,Local resolution,
01611f093282d38abe201d6e01eb84e2e7c1a756f7c373eb905845caaa8a14cb,2021-07,Cumbria Constabulary,Cumbria Constabulary,-2.971006,54.888997,On or near Hawthorn Grove,E01019194,Carlisle 009B,Other theft,Unable to prosecute suspect,
d7b41bc27cb669125fa167310f778e0de2263c3d3fd780fb8be81c24deb6d189,2021-07,Cumbria Constabulary,Cumbria Constabulary,-2.971740,54.891013,On or near Parham Grove,E01019194,Carlisle 009B,Public order,Offender given a caution,
c50924c372b2e894a2bba81af197dcce5e9cb2e22a857c300d018662510374e2,2021-07,Cumbria Constabulary,Cumbria Constabulary,-2.971284,54.892787,On or near Low Meadow,E01019194,Carlisle 009B,Public order,Unable to prosecute suspect,
871244458caf16257253187ac18dbece1fd94a77d693737e240fef0f0b92acd8,2021-07,Cumbria Constabulary,Cumbria Constabulary,-2.965322,54.894497,On or near Flat Lane,E01019194,Carlisle 009B,Shoplifting,Investigation complete; no suspect identified,
d90c815840b762c163339b7d4d04efebef84c6455ffff771ddbf76ec7c78438c,2021-07,Cumbria Constabulary,Cumbria Constabulary,-2.965322,54.894497,On or near Flat Lane,E01019194,Carlisle 009B,Violence and sexual offences,Action to be taken by another organisation,
a114150f8c0a716c8ecbdb9b19e464f3d08d52e7b66787a2ff6b14ea9b23bc79,2021-07,Cumbria Constabulary,Cumbria Constabulary,-2.971284,54.892787,On or near Low Meadow,E01019194,Carlisle 009B,Violence and sexual offences,Further investigation is not in the public interest,
e7340c995cbade3b7efeef3374171e2fefb2a402f997e24ebb3423cd30b9ad88,2021-07,Cumbria Constabulary,Cumbria Constabulary,-2.971284,54.892787,On or near Low Meadow,E01019194,Carlisle 009B,Violence and sexual offences,Further investigation is not in the public interest,
6e510669c8e19114b0d2451b097db2d14078370af713d83ec09f806ba57556e0,2021-07,Cumbria Constabulary,Cumbria Constabulary,-2.971284,54.892787,On or near Low Meadow,E01019194,Carlisle 009B,Violence and sexual offences,Further investigation is not in the public interest,
1c0ecff61e9698aab17a16a2b1d22b99b0d8c4eab06fd28b9c02823b0a6f7fe4,2021-07,Cumbria Constabulary,Cumbria Constabulary,-2.971284,54.892787,On or near Low Meadow,E01019194,Carlisle 009B,Violence and sexual offences,Unable to prosecute suspect,
1bc1533b8abbfe259ce42182b7bc59bde308d77012f9741742e42d530871fdf0,2021-07,Cumbria Constabulary,Cumbria Constabulary,-2.971006,54.888997,On or near Hawthorn Grove,E01019194,Carlisle 009B,Violence and sexual offences,Unable to prosecute suspect,
24d145801abc34a2ad7f9878c84d99d6a38c40aa9e248b824f7e1dd42ba5ef14,2021-07,Cumbria Constabulary,Cumbria Constabulary,-2.975436,54.890408,On or near Parham Drive,E01019194,Carlisle 009B,Violence and sexual offences,Unable to prosecute suspect,
,2021-07,Cumbria Constabulary,Cumbria Constabulary,-2.962445,54.879782,On or near Newlaithes Avenue,E01019230,Carlisle 009C,Anti-social behaviour,,
,2021-07,Cumbria Constabulary,Cumbria Constabulary,-2.962445,54.879782,On or near Newlaithes Avenue,E01019230,Carlisle 009C,Anti-social behaviour,,
88d83d6291943042930e2ff60af65a63ceffb5cd5989673c289c540456fed049,2021-07,Cumbria Constabulary,Cumbria Constabulary,-2.968895,54.882265,On or near Wigton Road,E01019230,Carlisle 009C,Criminal damage and arson,Investigation complete; no suspect identified,
d9db93e917178f33fea058c09bce9fc3d4aaf0abcdc81a1014ef0323e2e44ece,2021-07,Cumbria Constabulary,Cumbria Constabulary,-2.964866,54.884543,On or near Dunmallet Rigg,E01019230,Carlisle 009C,Criminal damage and arson,Investigation complete; no suspect identified,
8a21cb3a5577df57f4e423a92285bb061b08be331a6c87c196141ac6aa86631d,2021-07,Cumbria Constabulary,Cumbria Constabulary,-2.967446,54.884217,On or near Wigton Road,E01019230,Carlisle 009C,Criminal damage and arson,Investigation complete; no suspect identified,
5a051ab32e5c85588c8289abe7f8a90a2c29fb75b71899c512a89c9e7b3cc9ca,2021-07,Cumbria Constabulary,Cumbria Constabulary,-2.965036,54.882538,On or near Supermarket,E01019230,Carlisle 009C,Public order,Investigation complete; no suspect identified,
9bf69e299b652fcfd210bdcde4f11056bed6fc44e1a9e1b526f74c22360380a5,2021-07,Cumbria Constabulary,Cumbria Constabulary,-2.962426,54.878973,On or near Barras Close,E01019230,Carlisle 009C,Robbery,Awaiting court outcome,
ebd22e652ff60fac09716f54e6acddf75160102e8ecdea566ab87e200d5676c7,2021-07,Cumbria Constabulary,Cumbria Constabulary,-2.962426,54.878973,On or near Barras Close,E01019230,Carlisle 009C,Shoplifting,Further investigation is not in the public interest,
fac142f353d7869b1ae79492ba31c132d92ab9d7b51e6511bd2b5626c1141ef3,2021-07,Cumbria Constabulary,Cumbria Constabulary,-2.962426,54.878973,On or near Barras Close,E01019230,Carlisle 009C,Shoplifting,Court result unavailable,
658b80fbc55c69d331dff28bb27af02268e9d0a6cc008424925b138a19e399e2,2021-07,Cumbria Constabulary,Cumbria Constabulary,-2.962426,54.878973,On or near Barras Close,E01019230,Carlisle 009C,Shoplifting,Court result unavailable,
92fc831daf233d66f4072338ac41b64b5e33ff2c7a45c40f89171e8a5b136e2e,2021-07,Cumbria Constabulary,Cumbria Constabulary,-2.959760,54.878949,On or near Rashdall Road,E01019230,Carlisle 009C,Violence and sexual offences,Court result unavailable,
795e67f7d58df2c7baf9f86658ef126a16deac1188f4d341d5387b3f6a054bd1,2021-07,Cumbria Constabulary,Cumbria Constabulary,-2.962445,54.879782,On or near Newlaithes Avenue,E01019230,Carlisle 009C,Violence and sexual offences,Status update unavailable,
21db0d0ad6b179574e8a9b568753c66d17c536d0f6786be02e4159703df87f1a,2021-07,Cumbria Constabulary,Cumbria Constabulary,-2.960585,54.880201,On or near Hallin Crescent,E01019230,Carlisle 009C,Violence and sexual offences,Unable to prosecute suspect,
e3e41f019f38648d9c168eaf3e48123cd9dc56853f64c5ab49f0b229d53bd62a,2021-07,Cumbria Constabulary,Cumbria Constabulary,-2.962426,54.878973,On or near Barras Close,E01019230,Carlisle 009C,Violence and sexual offences,Court result unavailable,
,2021-07,Cumbria Constabulary,Cumbria Constabulary,-2.965423,54.880441,On or near Whinrigg,E01019231,Carlisle 009D,Anti-social behaviour,,
,2021-07,Cumbria Constabulary,Cumbria Constabulary,-2.962137,54.876666,On or near Bannisdale Way,E01019231,Carlisle 009D,Anti-social behaviour,,
280114bf54d3c186d32fd3686bc1e2758dcb0bd7336615ad2516af517d6aab4f,2021-07,Cumbria Constabulary,Cumbria Constabulary,-2.962137,54.876666,On or near Bannisdale Way,E01019231,Carlisle 009D,Burglary,Unable to prosecute suspect,
979cd56df882c6f1467af3e156ad3fc1d99f56ad8002dd8f24d7263156a899eb,2021-07,Cumbria Constabulary,Cumbria Constabulary,-2.967429,54.879625,On or near Westrigg Road,E01019231,Carlisle 009D,Criminal damage and arson,Investigation complete; no suspect identified,
06b540e5aed0e177188e76cbaa0fc357b6b681d921d8ac163a9b29481da699d7,2021-07,Cumbria Constabulary,Cumbria Constabulary,-2.962137,54.876666,On or near Bannisdale Way,E01019231,Carlisle 009D,Criminal damage and arson,Unable to prosecute suspect,
516d47335d5822b64224431135c74ffde051f0985b9405e43908f01e928158ee,2021-07,Cumbria Constabulary,Cumbria Constabulary,-2.968264,54.880634,On or near Castlerigg Drive,E01019231,Carlisle 009D,Criminal damage and arson,Unable to prosecute suspect,
91255b1c32b196926c372a1331cff12eb20b2c5d36a287c6c91ac602612021df,2021-07,Cumbria Constabulary,Cumbria Constabulary,-2.971393,54.879171,On or near Westwood,E01019231,Carlisle 009D,Criminal damage and arson,Investigation complete; no suspect identified,
2ed1c37cf83f2f1db652a633afc6ffee60be171fd3e911e2f3d461efc916850d,2021-07,Cumbria Constabulary,Cumbria Constabulary,-2.965423,54.880441,On or near Whinrigg,E01019231,Carlisle 009D,Criminal damage and arson,Investigation complete; no suspect identified,
e899525db5ab9adf9c9466cf60868210d632d4cf48a0d340d79f965a9c48e24b,2021-07,Cumbria Constabulary,Cumbria Constabulary,-2.965914,54.876878,On or near Scale Hill,E01019231,Carlisle 009D,Criminal damage and arson,Unable to prosecute suspect,
2f49dc59f495f39fdb7844eadf269aecb431194e6d7f4b694b78053a98dd1999,2021-07,Cumbria Constabulary,Cumbria Constabulary,-2.962884,54.876615,On or near Coombe Height,E01019231,Carlisle 009D,Criminal damage and arson,Unable to prosecute suspect,
c20f60fc27e861ea42564a5301f1c7d10366764a984a629545cbdaec4e26842a,2021-07,Cumbria Constabulary,Cumbria Constabulary,-2.964745,54.875576,On or near Millbeck,E01019231,Carlisle 009D,Other theft,Investigation complete; no suspect identified,
6f90cc76eda1d41533b8d527ebb04eec2187083955fa1b214b018589c90240bb,2021-07,Cumbria Constabulary,Cumbria Constabulary,-2.973402,54.877834,On or near A595,E01019231,Carlisle 009D,Other theft,Investigation complete; no suspect identified,
556a12a943ffcc27f11eb87939f17460bf36ad70b254e3abb6fdc0b6e0a62139,2021-07,Cumbria Constabulary,Cumbria Constabulary,-2.964790,54.878748,On or near Seatoller Close,E01019231,Carlisle 009D,Public order,Unable to prosecute suspect,
10f3ea4d512d325b92d68f7207c1e9b6c420c954f3754d49b48c87ec087e61a7,2021-07,Cumbria Constabulary,Cumbria Constabulary,-2.962137,54.876666,On or near Bannisdale Way,E01019231,Carlisle 009D,Public order,Unable to prosecute suspect,
582f85112bdd0f5f3d528ae9a08bbfec39dcff1b3a66057520e7fc53b8f2bcd0,2021-07,Cumbria Constabulary,Cumbria Constabulary,-2.965423,54.880441,On or near Whinrigg,E01019231,Carlisle 009D,Public order,Unable to prosecute suspect,
20e377af2c9b14e92da17bee76a0e26569b43b289b307d8e7dce36a2fe2b1052,2021-07,Cumbria Constabulary,Cumbria Constabulary,-2.967429,54.879625,On or near Westrigg Road,E01019231,Carlisle 009D,Violence and sexual offences,Unable to prosecute suspect,
ef7880a8ce1def5baccfa5bd01eab5554dbbf8df8383b280cd146d594cf519c7,2021-07,Cumbria Constabulary,Cumbria Constabulary,-2.962137,54.876666,On or near Bannisdale Way,E01019231,Carlisle 009D,Violence and sexual offences,Further investigation is not in the public interest,
70db87372f022a8fcabd35556b994019d82e0541d77af302d52d28f6a2086b5d,2021-07,Cumbria Constabulary,Cumbria Constabulary,-2.965423,54.880441,On or near Whinrigg,E01019231,Carlisle 009D,Violence and sexual offences,Unable to prosecute suspect,
b2d4ea36d4a231203d019f6ba1371377f89c93f33f2084863fa19aebad50701f,2021-07,Cumbria Constabulary,Cumbria Constabulary,-2.965423,54.880441,On or near Whinrigg,E01019231,Carlisle 009D,Violence and sexual offences,Investigation complete; no suspect identified,
ef64c32412cb07a1173c812fd2a44260306d46ab279f940f84961f29c2f53232,2021-07,Cumbria Constabulary,Cumbria Constabulary,-2.962884,54.876615,On or near Coombe Height,E01019231,Carlisle 009D,Violence and sexual offences,Unable to prosecute suspect,
,2021-07,Cumbria Constabulary,Cumbria Constabulary,-2.957088,54.887840,On or near Borrowdale Road,E01019232,Carlisle 009E,Anti-social behaviour,,
90a9c986fd1f954aa8f92bbb69668c541e246ca35741290caee26b6171a8ad13,2021-07,Cumbria Constabulary,Cumbria Constabulary,-2.955208,54.888790,On or near Ullswater Road,E01019232,Carlisle 009E,Bicycle theft,Local resolution,
4c21d8f41c7433dd6b0cda1ba45dcfb6a0fc2bcd749b8b34f02e2c78ae6f21ab,2021-07,Cumbria Constabulary,Cumbria Constabulary,-2.957064,54.886196,On or near Dunmail Drive,E01019232,Carlisle 009E,Other theft,Unable to prosecute suspect,
2189708361d3ce582f594e6056cc17be19ebb9b725c6ed02dafecba2c0fec584,2021-07,Cumbria Constabulary,Cumbria Constabulary,-2.957088,54.887840,On or near Borrowdale Road,E01019232,Carlisle 009E,Public order,Local resolution,
912005e23df892d9792b0e72a7b6b70e2a821c0786c03d09ac27f623548c6708,2021-07,Cumbria Constabulary,Cumbria Constabulary,-2.958435,54.888135,On or near Windermere Road,E01019232,Carlisle 009E,Violence and sexual offences,Unable to prosecute suspect,
5ccd476cd034c3e73c18f6e44d93ebb24dc1238871a9603dad4791d45f439845,2021-07,Cumbria Constabulary,Cumbria Constabulary,-2.956797,54.889406,On or near Fairfield Gardens,E01019232,Carlisle 009E,Violence and sexual offences,Unable to prosecute suspect,
bb4619fefe38040a16b344770956f499b62d5564230bee1bed68bd5ffda56150,2021-07,Cumbria Constabulary,Cumbria Constabulary,-2.956938,54.888749,On or near Borrowdale Gardens,E01019232,Carlisle 009E,Violence and sexual offences,Unable to prosecute suspect,
4a04ba518ce75e5d3fc4c9cc25ccc551c5535dab4eb9e9f3a16f6e5fae6bc029,2021-07,Cumbria Constabulary,Cumbria Constabulary,-2.957088,54.887840,On or near Borrowdale Road,E01019232,Carlisle 009E,Violence and sexual offences,Local resolution,
,2021-07,Cumbria Constabulary,Cumbria Constabulary,-2.976013,54.885245,On or near Whernside,E01019252,Carlisle 009F,Anti-social behaviour,,
,2021-07,Cumbria Constabulary,Cumbria Constabulary,-2.978276,54.887276,On or near Reeth Road,E01019252,Carlisle 009F,Anti-social behaviour,,
,2021-07,Cumbria Constabulary,Cumbria Constabulary,-2.978276,54.887276,On or near Reeth Road,E01019252,Carlisle 009F,Anti-social behaviour,,
,2021-07,Cumbria Constabulary,Cumbria Constabulary,-2.976013,54.885245,On or near Whernside,E01019252,Carlisle 009F,Anti-social behaviour,,
,2021-07,Cumbria Constabulary,Cumbria Constabulary,-2.976013,54.885245,On or near Whernside,E01019252,Carlisle 009F,Anti-social behaviour,,
96dfc354b8e50dd8c5c661784132accd2001fa1357b7f76c406dae2b04c7433f,2021-07,Cumbria Constabulary,Cumbria Constabulary,-2.976013,54.885245,On or near Whernside,E01019252,Carlisle 009F,Public order,Unable to prosecute suspect,
d03305c34ccc29ab97fa215a7e21c68e08385e64b5f1dcc82ce88385e029ab0c,2021-07,Cumbria Constabulary,Cumbria Constabulary,-2.978276,54.887276,On or near Reeth Road,E01019252,Carlisle 009F,Public order,Unable to prosecute suspect,
7d97611d5a5b2c9bf38629b0343c1a283b402ace1188da554ccb013d7d077fcd,2021-07,Cumbria Constabulary,Cumbria Constabulary,-2.978276,54.887276,On or near Reeth Road,E01019252,Carlisle 009F,Violence and sexual offences,Unable to prosecute suspect,
b1e47eefae3dac6e20a288d684a672fe36b4a67e9d1328419f7139d0aa03f254,2021-07,Cumbria Constabulary,Cumbria Constabulary,-2.964590,54.887350,On or near Inglewood Court,E01019252,Carlisle 009F,Violence and sexual offences,Unable to prosecute suspect,
93659d477d6c7987f587ab96777b58ddbf927678d371588ed20a315fbbcb93e1,2021-07,Cumbria Constabulary,Cumbria Constabulary,-2.976013,54.885245,On or near Whernside,E01019252,Carlisle 009F,Violence and sexual offences,Unable to prosecute suspect,
df558858c030c1dd1e728eb54fc0879838eeb5e60172286b7028e3b2831d2127,2021-07,Cumbria Constabulary,Cumbria Constabulary,-2.978276,54.887276,On or near Reeth Road,E01019252,Carlisle 009F,Violence and sexual offences,Court result unavailable,
39b0135f59b1891f18ba831c4b94c901ebf5eb1c59ea36e9f0de6d622aeb2c2c,2021-07,Cumbria Constabulary,Cumbria Constabulary,-2.976013,54.885245,On or near Whernside,E01019252,Carlisle 009F,Violence and sexual offences,Unable to prosecute suspect,
6d446e938a20ae1a87f89d4a27644420d978c016baceaf3ee0cc9d6262f32025,2021-07,Cumbria Constabulary,Cumbria Constabulary,-2.978846,54.887667,On or near Hutton Way,E01019252,Carlisle 009F,Violence and sexual offences,Unable to prosecute suspect,
,2021-07,Cumbria Constabulary,Cumbria Constabulary,-2.926640,54.880995,On or near Harold Street,E01019209,Carlisle 010A,Anti-social behaviour,,
f2eefc813270d665c0b8de5fbabdd7f6082a1b9f50f51cbe19ebfbbb8340f4f6,2021-07,Cumbria Constabulary,Cumbria Constabulary,-2.922900,54.881715,On or near Hasell Street,E01019209,Carlisle 010A,Burglary,Investigation complete; no suspect identified,
102bbfdb34f500e77586180682433b938d41fd4a55aa69d76b1b3f512213cfee,2021-07,Cumbria Constabulary,Cumbria Constabulary,-2.922900,54.881715,On or near Hasell Street,E01019209,Carlisle 010A,Drugs,Further investigation is not in the public interest,
699e2bebc117e78710a84e64724dbf0935c313aeaa7ae51c7307c13978904f02,2021-07,Cumbria Constabulary,Cumbria Constabulary,-2.926640,54.880995,On or near Harold Street,E01019209,Carlisle 010A,Public order,Further investigation is not in the public interest,
f55b347a57197597005ed7b1b8162ce9e134fd391df77eb31ad4bf92a1187e17,2021-07,Cumbria Constabulary,Cumbria Constabulary,-2.925057,54.879228,On or near York Gardens,E01019209,Carlisle 010A,Violence and sexual offences,Unable to prosecute suspect,
dd7c4a9af03eae287dfa1d2016555563d748b7b475633ec41c795494ef6dd5af,2021-07,Cumbria Constabulary,Cumbria Constabulary,-2.922900,54.881715,On or near Hasell Street,E01019209,Carlisle 010A,Violence and sexual offences,Unable to prosecute suspect,
9ed95e2c74766ed14654f0752833ed3cd80505d0e4d4df3445874f9a1eba6852,2021-07,Cumbria Constabulary,Cumbria Constabulary,-2.925057,54.879228,On or near York Gardens,E01019209,Carlisle 010A,Violence and sexual offences,Unable to prosecute suspect,
70b3d569d84f13f1f8a26f93da514d58d72aeeee727d055065363f627ce3777e,2021-07,Cumbria Constabulary,Cumbria Constabulary,-2.922900,54.881715,On or near Hasell Street,E01019209,Carlisle 010A,Violence and sexual offences,Unable to prosecute suspect,
b774733c775cc01f34cfc1793d53713556f97e80e3b3fe42c19c8c5e1d703f91,2021-07,Cumbria Constabulary,Cumbria Constabulary,-2.926802,54.878558,On or near Scalegate Road,E01019209,Carlisle 010A,Violence and sexual offences,Unable to prosecute suspect,
01ea578a1676b221a976afeb54295aa30d4422592d558d38f8fee5d14d60c229,2021-07,Cumbria Constabulary,Cumbria Constabulary,-2.923964,54.883253,On or near Regent Street,E01019209,Carlisle 010A,Violence and sexual offences,Unable to prosecute suspect,
511184448b2a1911e07970255b7244f23763a46c9d96141370924236c0528ad5,2021-07,Cumbria Constabulary,Cumbria Constabulary,-2.930612,54.881540,On or near Alton Street,E01019209,Carlisle 010A,Violence and sexual offences,Unable to prosecute suspect,
121befeae152b4c1e9c2e236eabdd437b866546eeffb60494e6fa22fad38adea,2021-07,Cumbria Constabulary,Cumbria Constabulary,-2.922900,54.881715,On or near Hasell Street,E01019209,Carlisle 010A,Violence and sexual offences,Unable to prosecute suspect,
,2021-07,Cumbria Constabulary,Cumbria Constabulary,-2.924732,54.882762,On or near Esther Street,E01019211,Carlisle 010B,Anti-social behaviour,,
,2021-07,Cumbria Constabulary,Cumbria Constabulary,-2.925262,54.887512,On or near Woodrouffe Terrace,E01019211,Carlisle 010B,Anti-social behaviour,,
,2021-07,Cumbria Constabulary,Cumbria Constabulary,-2.933471,54.887916,On or near Currock Street,E01019211,Carlisle 010B,Anti-social behaviour,,
,2021-07,Cumbria Constabulary,Cumbria Constabulary,-2.931473,54.890475,On or near Collier Lane,E01019211,Carlisle 010B,Anti-social behaviour,,
,2021-07,Cumbria Constabulary,Cumbria Constabulary,-2.931473,54.890475,On or near Collier Lane,E01019211,Carlisle 010B,Anti-social behaviour,,
,2021-07,Cumbria Constabulary,Cumbria Constabulary,-2.929550,54.890265,On or near Botchergate,E01019211,Carlisle 010B,Anti-social behaviour,,
,2021-07,Cumbria Constabulary,Cumbria Constabulary,-2.931473,54.890475,On or near Collier Lane,E01019211,Carlisle 010B,Anti-social behaviour,,
,2021-07,Cumbria Constabulary,Cumbria Constabulary,-2.932492,54.882622,On or near Red Bank Terrace,E01019211,Carlisle 010B,Anti-social behaviour,,
,2021-07,Cumbria Constabulary,Cumbria Constabulary,-2.931473,54.890475,On or near Collier Lane,E01019211,Carlisle 010B,Anti-social behaviour,,
,2021-07,Cumbria Constabulary,Cumbria Constabulary,-2.931473,54.890475,On or near Collier Lane,E01019211,Carlisle 010B,Anti-social behaviour,,
,2021-07,Cumbria Constabulary,Cumbria Constabulary,-2.931473,54.890475,On or near Collier Lane,E01019211,Carlisle 010B,Anti-social behaviour,,
,2021-07,Cumbria Constabulary,Cumbria Constabulary,-2.933036,54.891326,On or near Court Square,E01019211,Carlisle 010B,Anti-social behaviour,,
3192610e823da144d592022c0c7f5fe6e7bbc82460e6e4343f5d37507c215f41,2021-07,Cumbria Constabulary,Cumbria Constabulary,-2.923480,54.887292,On or near London Road,E01019211,Carlisle 010B,Bicycle theft,Investigation complete; no suspect identified,
43e87a1200cf592a81b277be905cee5ed55ae51169249e2102839433a42f716e,2021-07,Cumbria Constabulary,Cumbria Constabulary,-2.930751,54.882168,On or near Thirlmere Street,E01019211,Carlisle 010B,Burglary,Unable to prosecute suspect,
1f632633f97701f2c2f4d81a6d206540a3ad279ef5aa0a9c4abf168c9d9f259e,2021-07,Cumbria Constabulary,Cumbria Constabulary,-2.925262,54.887512,On or near Woodrouffe Terrace,E01019211,Carlisle 010B,Criminal damage and arson,Investigation complete; no suspect identified,
77d1c909806e8299fc99379369709b3bbf7caee268e6efdc1b053bb22a7c9181,2021-07,Cumbria Constabulary,Cumbria Constabulary,-2.933471,54.887916,On or near Currock Street,E01019211,Carlisle 010B,Criminal damage and arson,Investigation complete; no suspect identified,
9397e9b017313f8fdcd28f4e7d5a960cd0eafd958457fd04683eaf7f24089e00,2021-07,Cumbria Constabulary,Cumbria Constabulary,-2.924732,54.882762,On or near Esther Street,E01019211,Carlisle 010B,Criminal damage and arson,Court result unavailable,
7928571a1a797b7dee739feb8088b1c77a52c226e4d517aa0dd088be42ef6d2c,2021-07,Cumbria Constabulary,Cumbria Constabulary,-2.932753,54.881793,On or near Adelphi Terrace,E01019211,Carlisle 010B,Criminal damage and arson,Investigation complete; no suspect identified,
acd36426c114de54f4628f7eecc6cd5618f2b42c05ced555b95d1471f6ab7ab9,2021-07,Cumbria Constabulary,Cumbria Constabulary,-2.933471,54.887916,On or near Currock Street,E01019211,Carlisle 010B,Drugs,Local resolution,
25713aa2ae308e5b7bace2d70f9a1f748c812f781e5dfc7a7a7ab31f00a17aeb,2021-07,Cumbria Constabulary,Cumbria Constabulary,-2.931011,54.883972,On or near Petrol Station,E01019211,Carlisle 010B,Drugs,Court result unavailable,
1b26f12e88553cb59d6a17014e76debcb106bd2b615ca85a5969bcc3c11a9d28,2021-07,Cumbria Constabulary,Cumbria Constabulary,-2.928739,54.882102,On or near Supermarket,E01019211,Carlisle 010B,Drugs,Local resolution,
287ce6f42093a815c5ad6e41e35328f3bd694d55f2aae4cf17a6b392c9959410,2021-07,Cumbria Constabulary,Cumbria Constabulary,-2.931011,54.883972,On or near Petrol Station,E01019211,Carlisle 010B,Other theft,Investigation complete; no suspect identified,
32dd0b16533e271d694a63fae34abc86c167b887ccfb34681397cf3cb6586969,2021-07,Cumbria Constabulary,Cumbria Constabulary,-2.935065,54.892101,On or near Bush Brow,E01019211,Carlisle 010B,Other theft,Unable to prosecute suspect,
59324a4c46c2f0380681308cf533bf16f38ccf5f1a35a3de247e0ef0f13e3952,2021-07,Cumbria Constabulary,Cumbria Constabulary,-2.933036,54.891326,On or near Court Square,E01019211,Carlisle 010B,Other theft,Unable to prosecute suspect,
491ab5f59f85ca37d428f7ea999c057bab5bfcd7d69f67e339c460357e87fef6,2021-07,Cumbria Constabulary,Cumbria Constabulary,-2.931011,54.883972,On or near Petrol Station,E01019211,Carlisle 010B,Other theft,Investigation complete; no suspect identified,
cd2ab7b71a8897430f85d65e50d4dd046b1c0e154e15490b64ddba15919af9b5,2021-07,Cumbria Constabulary,Cumbria Constabulary,-2.923480,54.887292,On or near London Road,E01019211,Carlisle 010B,Other theft,Unable to prosecute suspect,
957e9a14cb3a644b83ab1d3b65e9e1525a29d0a94a34fdf69ad839c7673d75e4,2021-07,Cumbria Constabulary,Cumbria Constabulary,-2.932492,54.882622,On or near Red Bank Terrace,E01019211,Carlisle 010B,Public order,Unable to prosecute suspect,
75c39a65fc5346b5d3d1bf9e60c2aca7fc129ef8145ee1e9ea9beb4ff6445122,2021-07,Cumbria Constabulary,Cumbria Constabulary,-2.932492,54.882622,On or near Red Bank Terrace,E01019211,Carlisle 010B,Public order,Unable to prosecute suspect,
f5985b126f187ece125f06fc738f75b3bc782d1551ef4d0d84567b49a20c56b4,2021-07,Cumbria Constabulary,Cumbria Constabulary,-2.925262,54.887512,On or near Woodrouffe Terrace,E01019211,Carlisle 010B,Public order,Investigation complete; no suspect identified,
cd4b5a6b93011cff2dbe77c80d54fa6574ec6027864ffc2379a3e219976b1221,2021-07,Cumbria Constabulary,Cumbria Constabulary,-2.931473,54.890475,On or near Collier Lane,E01019211,Carlisle 010B,Public order,Court result unavailable,
bb2b13cd8a09123aaca8b1a17768d9ad353d0feafcb2b7e6e4a7ba3c7332cbb4,2021-07,Cumbria Constabulary,Cumbria Constabulary,-2.935065,54.892101,On or near Bush Brow,E01019211,Carlisle 010B,Shoplifting,Local resolution,
99d043e13f50f1808ce85eb7b09372ea8b76b5f43b29d9be25dfa26d9c54e191,2021-07,Cumbria Constabulary,Cumbria Constabulary,-2.923480,54.887292,On or near London Road,E01019211,Carlisle 010B,Shoplifting,Court result unavailable,
02faa6f9e93773ea1361448d3174c3007c0e510f3c579ac24e310bed571dc937,2021-07,Cumbria Constabulary,Cumbria Constabulary,-2.923480,54.887292,On or near London Road,E01019211,Carlisle 010B,Shoplifting,Investigation complete; no suspect identified,
0ca7f4c97a773c1c56937610246efbfcd3679e4984f4100b55a16551af0c137c,2021-07,Cumbria Constabulary,Cumbria Constabulary,-2.923480,54.887292,On or near London Road,E01019211,Carlisle 010B,Shoplifting,Court result unavailable,
52f4d8cb69c19619fadff16d4248c732001942092788566c975752e0a621c297,2021-07,Cumbria Constabulary,Cumbria Constabulary,-2.933618,54.889542,On or near Shopping Area,E01019211,Carlisle 010B,Shoplifting,Further investigation is not in the public interest,
ce4fb3fffacdd50afb037dedb63d5177168524320e57f5a728bc86371c9c0001,2021-07,Cumbria Constabulary,Cumbria Constabulary,-2.925262,54.887512,On or near Woodrouffe Terrace,E01019211,Carlisle 010B,Shoplifting,Investigation complete; no suspect identified,
1ac12be9e4e189eac3b7ddc45da7f30d7ca957c10327a3910952b3367a7476e6,2021-07,Cumbria Constabulary,Cumbria Constabulary,-2.935065,54.892101,On or near Bush Brow,E01019211,Carlisle 010B,Shoplifting,Further investigation is not in the public interest,
6b49f56131476835ff7d712d5e35aa48fc34dd5103ab451dc7545e39f23c614c,2021-07,Cumbria Constabulary,Cumbria Constabulary,-2.923480,54.887292,On or near London Road,E01019211,Carlisle 010B,Shoplifting,Local resolution,
4f9017b539e7f91c82257a7cf5201d914b970d579568b18bad3ef39547d9bdd4,2021-07,Cumbria Constabulary,Cumbria Constabulary,-2.923480,54.887292,On or near London Road,E01019211,Carlisle 010B,Shoplifting,Court result unavailable,
d344d7053004c06b8499b863c2191c9cc68efa42990590f4cad77b1f6f48123a,2021-07,Cumbria Constabulary,Cumbria Constabulary,-2.923480,54.887292,On or near London Road,E01019211,Carlisle 010B,Shoplifting,Court result unavailable,
0520dae9edd12050bb0a4454c370e7b2847ee6b41f17e1920e8f89c483ae0dd2,2021-07,Cumbria Constabulary,Cumbria Constabulary,-2.923480,54.887292,On or near London Road,E01019211,Carlisle 010B,Shoplifting,Further investigation is not in the public interest,
57ee3d7af5e40d9b326028ec9905ca6039b5b8cfa36ed520ed793ebad7506790,2021-07,Cumbria Constabulary,Cumbria Constabulary,-2.923480,54.887292,On or near London Road,E01019211,Carlisle 010B,Shoplifting,Investigation complete; no suspect identified,
ac05c172f9845d6eacc0653a90a4d86cb4ace61387be4e7fb3a5ad3c1507d1ee,2021-07,Cumbria Constabulary,Cumbria Constabulary,-2.928739,54.882102,On or near Supermarket,E01019211,Carlisle 010B,Shoplifting,Investigation complete; no suspect identified,
f6833d8bbe19ec00efd43883c40405dd646bfa9c180e683f3ad42495d466fdf9,2021-07,Cumbria Constabulary,Cumbria Constabulary,-2.934611,54.887970,On or near Rome Street,E01019211,Carlisle 010B,Vehicle crime,Unable to prosecute suspect,
baaf881a5678f63152cd2b057bc305d04549cea5040ccacca7cd9ec5ab13160b,2021-07,Cumbria Constabulary,Cumbria Constabulary,-2.931473,54.890475,On or near Collier Lane,E01019211,Carlisle 010B,Violence and sexual offences,Unable to prosecute suspect,
bb76e82edf64d931316ad90da7e27af1bf167cfb6573d505c5ce22dbac8b39d3,2021-07,Cumbria Constabulary,Cumbria Constabulary,-2.928739,54.882102,On or near Supermarket,E01019211,Carlisle 010B,Violence and sexual offences,Unable to prosecute suspect,
26d831153e91912da85705faf2de215d7312c4137836772c099e8694900f55f4,2021-07,Cumbria Constabulary,Cumbria Constabulary,-2.930751,54.882168,On or near Thirlmere Street,E01019211,Carlisle 010B,Violence and sexual offences,Unable to prosecute suspect,
da5ed575192a1743bba6c6f5be35fae9741afe4d8690e53a70e5a9e3993e7937,2021-07,Cumbria Constabulary,Cumbria Constabulary,-2.928739,54.882102,On or near Supermarket,E01019211,Carlisle 010B,Violence and sexual offences,Unable to prosecute suspect,
779169a3a68b12f097a8c1d627cbbf1d052423a5b314cfbdc51a2eaa546c9e96,2021-07,Cumbria Constabulary,Cumbria Constabulary,-2.924732,54.882762,On or near Esther Street,E01019211,Carlisle 010B,Violence and sexual offences,Action to be taken by another organisation,
3a0d7755cc2b6ecd78f4a91f2b9d4102dfd02a075b85caffb188e2c2a5638eb6,2021-07,Cumbria Constabulary,Cumbria Constabulary,-2.931473,54.890475,On or near Collier Lane,E01019211,Carlisle 010B,Violence and sexual offences,Investigation complete; no suspect identified,
99fa64cdf78e20f6750c8f2f705ab741cfff9c94507918dc4b7100609dc9afcb,2021-07,Cumbria Constabulary,Cumbria Constabulary,-2.931473,54.890475,On or near Collier Lane,E01019211,Carlisle 010B,Violence and sexual offences,Unable to prosecute suspect,
2697121df7dc1c6a60a080dd2db1079a86e3bcad77f1aee418a4d9901f1a1abf,2021-07,Cumbria Constabulary,Cumbria Constabulary,-2.933036,54.891326,On or near Court Square,E01019211,Carlisle 010B,Violence and sexual offences,Unable to prosecute suspect,
12572ae4b86967772561216d92f9f4bbc77e292b3b16dfa13a7322f0c2aab472,2021-07,Cumbria Constabulary,Cumbria Constabulary,-2.923480,54.887292,On or near London Road,E01019211,Carlisle 010B,Violence and sexual offences,Unable to prosecute suspect,
50e61f48c2caf8ec37d7f1c9c553ce8b253714a2e79a9807f1205568c4d6dd7b,2021-07,Cumbria Constabulary,Cumbria Constabulary,-2.930751,54.882168,On or near Thirlmere Street,E01019211,Carlisle 010B,Violence and sexual offences,Unable to prosecute suspect,
ef83b621d0cb546afe6b08eef9568335300ffc1ab4b75ec50f779f895358eb81,2021-07,Cumbria Constabulary,Cumbria Constabulary,-2.933174,54.889204,On or near Water Street,E01019211,Carlisle 010B,Violence and sexual offences,Unable to prosecute suspect,
d44b868d0946ce99064b8244aa29157780e2f39dfe8588fa8fe824f5f0133cf5,2021-07,Cumbria Constabulary,Cumbria Constabulary,-2.926093,54.888386,On or near Blake Street,E01019211,Carlisle 010B,Violence and sexual offences,Unable to prosecute suspect,
02b2e90def9d6aeaaefdb50e998d80101c54a55a4a6af69002c1a19b0a9a27bf,2021-07,Cumbria Constabulary,Cumbria Constabulary,-2.926093,54.888386,On or near Blake Street,E01019211,Carlisle 010B,Violence and sexual offences,Unable to prosecute suspect,
f8f67c9b2fa22924427dc2692d9f7f576a1a1ebe27d77ced1cdddded7f4b4914,2021-07,Cumbria Constabulary,Cumbria Constabulary,-2.925262,54.887512,On or near Woodrouffe Terrace,E01019211,Carlisle 010B,Violence and sexual offences,Investigation complete; no suspect identified,
149b417fc2bd6a92cbea0b17a317294669cfa855af71417b9dba4b2937b37358,2021-07,Cumbria Constabulary,Cumbria Constabulary,-2.936750,54.890138,On or near Nelson Bridge,E01019211,Carlisle 010B,Violence and sexual offences,Investigation complete; no suspect identified,
7de7553d042e0d2158b9d19a0da3872767f6789774381c13b476a762529b103d,2021-07,Cumbria Constabulary,Cumbria Constabulary,-2.933036,54.891326,On or near Court Square,E01019211,Carlisle 010B,Violence and sexual offences,Further action is not in the public interest,
6408b3e05254b735f6ed0d7b25a2eb452784b5938eb8c8185678164b76a44ad8,2021-07,Cumbria Constabulary,Cumbria Constabulary,-2.931473,54.890475,On or near Collier Lane,E01019211,Carlisle 010B,Violence and sexual offences,Unable to prosecute suspect,
bf072582f9b048849cb462e438a68356b2a00764a566d7797f3ed5d51aa06329,2021-07,Cumbria Constabulary,Cumbria Constabulary,-2.933036,54.891326,On or near Court Square,E01019211,Carlisle 010B,Violence and sexual offences,Investigation complete; no suspect identified,
fcc0f174ff2d2e678c038e4ebad9123981a6e81761a7563d99214ee7117d9a5a,2021-07,Cumbria Constabulary,Cumbria Constabulary,-2.933036,54.891326,On or near Court Square,E01019211,Carlisle 010B,Violence and sexual offences,Unable to prosecute suspect,
17b97c9ddac3a4addc535182289e6c0af4cac7b6e8da747382eafac2f4087166,2021-07,Cumbria Constabulary,Cumbria Constabulary,-2.933036,54.891326,On or near Court Square,E01019211,Carlisle 010B,Violence and sexual offences,Unable to prosecute suspect,
e32171798f9b63230391b641199d7e7be11035504befc59e861f8ec6b5758aeb,2021-07,Cumbria Constabulary,Cumbria Constabulary,-2.933036,54.891326,On or near Court Square,E01019211,Carlisle 010B,Violence and sexual offences,Unable to prosecute suspect,
bb3e1ff6ffdb7fa7f77161d4e25f044bf7f21cb75a6038fe34fac7e28432ff4f,2021-07,Cumbria Constabulary,Cumbria Constabulary,-2.941180,54.888252,On or near Collingwood Street,E01019216,Carlisle 010C,Criminal damage and arson,Investigation complete; no suspect identified,
8b728971a5d1211b73ab136cefb607e663af4473522d2340e5d2719e47989f4c,2021-07,Cumbria Constabulary,Cumbria Constabulary,-2.944422,54.886205,On or near Colville Street,E01019216,Carlisle 010C,Criminal damage and arson,Investigation complete; no suspect identified,
eb92e78a6a148723e4dd9a9c53a837aa757cff26648ae0748db1c65cd872fd43,2021-07,Cumbria Constabulary,Cumbria Constabulary,-2.942504,54.886166,On or near Westmorland Street,E01019216,Carlisle 010C,Other theft,Investigation complete; no suspect identified,
556071747f910b83766f00f461664c7aacbfe2f92da13f4b2e0ff92556cee2e3,2021-07,Cumbria Constabulary,Cumbria Constabulary,-2.942504,54.886166,On or near Westmorland Street,E01019216,Carlisle 010C,Other theft,Investigation complete; no suspect identified,
cec03f51467348db0294b3f34b7ca1274509fcc8c01cfbf790a3f32912716ebb,2021-07,Cumbria Constabulary,Cumbria Constabulary,-2.939756,54.890007,On or near Sheffield Street,E01019216,Carlisle 010C,Robbery,Unable to prosecute suspect,
30418af637f1978ccd0474fab3a67dbbb9f697b03f390369fb4eb183976d3db9,2021-07,Cumbria Constabulary,Cumbria Constabulary,-2.941606,54.886451,On or near Northumberland Street,E01019216,Carlisle 010C,Robbery,Investigation complete; no suspect identified,
9ad3f18bd3ebdab8770bcd438cfc87683e6d3f39c49e3acff757f99947980234,2021-07,Cumbria Constabulary,Cumbria Constabulary,-2.937184,54.890017,On or near Nelson Bridge,E01019216,Carlisle 010C,Violence and sexual offences,Investigation complete; no suspect identified,
d2acaba3fe4154b0df8d458a55db203ab8eb0cbdae11cc21a1562617e9fdb593,2021-07,Cumbria Constabulary,Cumbria Constabulary,-2.941180,54.888252,On or near Collingwood Street,E01019216,Carlisle 010C,Violence and sexual offences,Unable to prosecute suspect,
aa21f30496b360a1352817a4fd22babcf3d2beefd785c5a9cd77c369bf139f2c,2021-07,Cumbria Constabulary,Cumbria Constabulary,-2.942883,54.888401,On or near Blencowe Street,E01019216,Carlisle 010C,Violence and sexual offences,Unable to prosecute suspect,
0dc2c258ef65d65c60e8d67e6c5526281071892adf14dce5174c3a38c7a0dd8e,2021-07,Cumbria Constabulary,Cumbria Constabulary,-2.942883,54.888401,On or near Blencowe Street,E01019216,Carlisle 010C,Violence and sexual offences,Unable to prosecute suspect,
e1aa0f4ebb2cd62d9f2ca9a3d8d0d84ce6865c17eee01f7abc80d36a80298c10,2021-07,Cumbria Constabulary,Cumbria Constabulary,-2.941180,54.888252,On or near Collingwood Street,E01019216,Carlisle 010C,Violence and sexual offences,Unable to prosecute suspect,
1dd29b4d71663f5b0536d541eacdec171ff1dad5ffcd08b2a048938702af7297,2021-07,Cumbria Constabulary,Cumbria Constabulary,-2.941180,54.888252,On or near Collingwood Street,E01019216,Carlisle 010C,Violence and sexual offences,Unable to prosecute suspect,
321baa44f8ba5e605cf2c9673f12a81cf1f90e8155c70a729a85bcddb23df930,2021-07,Cumbria Constabulary,Cumbria Constabulary,-2.942883,54.888401,On or near Blencowe Street,E01019216,Carlisle 010C,Violence and sexual offences,Unable to prosecute suspect,
edc3c39a31547285f922b3ab4de8bec51fa3d44eaed21bfe39e85e19353abbd3,2021-07,Cumbria Constabulary,Cumbria Constabulary,-2.941492,54.886902,On or near Morley Street,E01019216,Carlisle 010C,Violence and sexual offences,Unable to prosecute suspect,
194d89d1cfff9001430aa6763695eac66ece993dabe802f0aa709430d5c6ba34,2021-07,Cumbria Constabulary,Cumbria Constabulary,-2.937671,54.889501,On or near Elm Street,E01019216,Carlisle 010C,Violence and sexual offences,Status update unavailable,
e375052ff88191738e6be2fdccda9cbcbd39399fa59c899f73e8f802e63ae8fb,2021-07,Cumbria Constabulary,Cumbria Constabulary,-2.941180,54.888252,On or near Collingwood Street,E01019216,Carlisle 010C,Violence and sexual offences,Unable to prosecute suspect,
db9796c1907911986e542617da3b450c7ece8d38cf8bb2878483f3f6d9576a8c,2021-07,Cumbria Constabulary,Cumbria Constabulary,-2.939756,54.890007,On or near Sheffield Street,E01019216,Carlisle 010C,Violence and sexual offences,Unable to prosecute suspect,
,2021-07,Cumbria Constabulary,Cumbria Constabulary,-2.939408,54.885786,On or near East Norfolk Street,E01019217,Carlisle 010D,Anti-social behaviour,,
,2021-07,Cumbria Constabulary,Cumbria Constabulary,-2.942086,54.881649,On or near Denton Mill Close,E01019217,Carlisle 010D,Anti-social behaviour,,
1bc850f3ec7b9567741b223655f0480661fc3b160fdaf91fa267b7e858235c1d,2021-07,Cumbria Constabulary,Cumbria Constabulary,-2.940867,54.885496,On or near Denton Street,E01019217,Carlisle 010D,Burglary,Unable to prosecute suspect,
f178f724ce291be95807a545244af91b8d20e4f4132ada50cf30b8ddd3540f69,2021-07,Cumbria Constabulary,Cumbria Constabulary,-2.945280,54.880914,On or near Holme Head Way,E01019217,Carlisle 010D,Criminal damage and arson,Investigation complete; no suspect identified,
0d216950eba3b89d14f83fc57bda31d49ac4eefcdbcfd8191db2ae72843f7fe3,2021-07,Cumbria Constabulary,Cumbria Constabulary,-2.940867,54.885496,On or near Denton Street,E01019217,Carlisle 010D,Other theft,Investigation complete; no suspect identified,
48f1fb1002c3d022af205818fe3494a05c1ef08c7fd76226ecccc78cf7e4562a,2021-07,Cumbria Constabulary,Cumbria Constabulary,-2.939292,54.885481,On or near Hope Street,E01019217,Carlisle 010D,Public order,Investigation complete; no suspect identified,
b5058a11c8ca23e100b0fd2219aaf25eaef9d95b00de7bc0ee028a3895fb9367,2021-07,Cumbria Constabulary,Cumbria Constabulary,-2.938820,54.887318,On or near Metcalfe Street,E01019217,Carlisle 010D,Public order,Investigation complete; no suspect identified,
0c16db1f1594f10fa35642e5857be400da4a3fe96dcab4d288f0220bebf17edf,2021-07,Cumbria Constabulary,Cumbria Constabulary,-2.938231,54.881427,On or near Maryport Court,E01019217,Carlisle 010D,Public order,Unable to prosecute suspect,
d1a90b068632e45248349d437c0bc9019143abb23681df09d715baff3aecef06,2021-07,Cumbria Constabulary,Cumbria Constabulary,-2.939514,54.886980,On or near East Nelson Street,E01019217,Carlisle 010D,Shoplifting,Awaiting court outcome,
f969a1857c5c4fd7be085fd8eb7c5bd8527e8a91648d56d6420b493382e94194,2021-07,Cumbria Constabulary,Cumbria Constabulary,-2.940867,54.885496,On or near Denton Street,E01019217,Carlisle 010D,Theft from the person,Investigation complete; no suspect identified,
2fd108ccfcef2bd0e3ac11c1754f6ddfa7f44fd8485bd227071075df4466645a,2021-07,Cumbria Constabulary,Cumbria Constabulary,-2.941230,54.882356,On or near North Street,E01019217,Carlisle 010D,Violence and sexual offences,Unable to prosecute suspect,
eae9f4656666833be8896234af2f0dcd6541ffe14d444e8ac4d577c0f366d6f5,2021-07,Cumbria Constabulary,Cumbria Constabulary,-2.938231,54.881427,On or near Maryport Court,E01019217,Carlisle 010D,Violence and sexual offences,Unable to prosecute suspect,
4b6f740f3cdf1ff95a6d7368064fe1c14dcddf932590e071a8bc603a551a1cc2,2021-07,Cumbria Constabulary,Cumbria Constabulary,-2.939284,54.885157,On or near East Dale Street,E01019217,Carlisle 010D,Violence and sexual offences,Unable to prosecute suspect,
f9c9893ed6faf530316b68757e219a3e575bd03c47c171a1d733adab29d2e2fb,2021-07,Cumbria Constabulary,Cumbria Constabulary,-2.941773,54.884913,On or near Dale Street,E01019217,Carlisle 010D,Violence and sexual offences,Unable to prosecute suspect,
ddba02eda12eabfb8005af099377b25a474260eb5dfc662f3ed3975ad0576adc,2021-07,Cumbria Constabulary,Cumbria Constabulary,-2.938231,54.881427,On or near Maryport Court,E01019217,Carlisle 010D,Violence and sexual offences,Further investigation is not in the public interest,
9b824ac72978fd233b77cb76bd6804dc4cc9c3f5f068d5cad99245238afd3d77,2021-07,Cumbria Constabulary,Cumbria Constabulary,-2.941230,54.882356,On or near North Street,E01019217,Carlisle 010D,Violence and sexual offences,Unable to prosecute suspect,
,2021-07,Cumbria Constabulary,Cumbria Constabulary,-2.918909,54.885080,On or near Chertsey Mount,E01019220,Carlisle 010E,Anti-social behaviour,,
,2021-07,Cumbria Constabulary,Cumbria Constabulary,-2.914208,54.882644,On or near Petrol Station,E01019220,Carlisle 010E,Anti-social behaviour,,
,2021-07,Cumbria Constabulary,Cumbria Constabulary,-2.911144,54.879467,On or near Grange Road,E01019220,Carlisle 010E,Anti-social behaviour,,
,2021-07,Cumbria Constabulary,Cumbria Constabulary,-2.918909,54.885080,On or near Chertsey Mount,E01019220,Carlisle 010E,Anti-social behaviour,,
10d277ef89a19b350e8c4b3d81e3e7a6931b54f170fc2cc96e709dcffb66a936,2021-07,Cumbria Constabulary,Cumbria Constabulary,-2.912987,54.878258,On or near Carliol Drive,E01019220,Carlisle 010E,Bicycle theft,Unable to prosecute suspect,
11af960b4f1617241b131a9a432ffe2a048fbb49af8267d3467e60e0d2d4b3a7,2021-07,Cumbria Constabulary,Cumbria Constabulary,-2.912987,54.878258,On or near Carliol Drive,E01019220,Carlisle 010E,Burglary,Investigation complete; no suspect identified,
951be03869c597a406fb28ea53dfdf0fab961166da2f8090851ff5198324a619,2021-07,Cumbria Constabulary,Cumbria Constabulary,-2.911144,54.879467,On or near Grange Road,E01019220,Carlisle 010E,Burglary,Investigation complete; no suspect identified,
96184121ae898ba901627c86e2c177c099907267f42864c34e397bff5d273f64,2021-07,Cumbria Constabulary,Cumbria Constabulary,-2.915844,54.880555,On or near Johnston Drive,E01019220,Carlisle 010E,Criminal damage and arson,Investigation complete; no suspect identified,
081711c6ac434b47dd3ec4bfe55b1967079981cba7df148c6dc1e5ef4d3535ca,2021-07,Cumbria Constabulary,Cumbria Constabulary,-2.911556,54.874944,On or near Holmacres Drive,E01019220,Carlisle 010E,Criminal damage and arson,Investigation complete; no suspect identified,
1b76b774441dbf13f40c2f2031b2d24f06095e9e443be7dc3ce15994717feaa2,2021-07,Cumbria Constabulary,Cumbria Constabulary,-2.914208,54.882644,On or near Petrol Station,E01019220,Carlisle 010E,Other theft,Further investigation is not in the public interest,
fbe6f3adfd3248434cb2df7eb6783522c6e8610605855700d0c220ddd7a3b11c,2021-07,Cumbria Constabulary,Cumbria Constabulary,-2.909989,54.878739,On or near Carliol Close,E01019220,Carlisle 010E,Other theft,Investigation complete; no suspect identified,
ac0facb3a3a836c8f794676b827233312335226375f02f49ac59e52c05e58d38,2021-07,Cumbria Constabulary,Cumbria Constabulary,-2.918909,54.885080,On or near Chertsey Mount,E01019220,Carlisle 010E,Public order,Unable to prosecute suspect,
97038b0f00dff7785a928d7a524c1da5e41820198618665f042c26fc3ea159f2,2021-07,Cumbria Constabulary,Cumbria Constabulary,-2.910605,54.880460,On or near Harraby Gardens,E01019220,Carlisle 010E,Vehicle crime,Investigation complete; no suspect identified,
b27892d79dbfa9d294afe32713710898a232a9e4294ffcbdf3502a2165e901cf,2021-07,Cumbria Constabulary,Cumbria Constabulary,-2.918909,54.885080,On or near Chertsey Mount,E01019220,Carlisle 010E,Vehicle crime,Investigation complete; no suspect identified,
1ecc9a2ae74942427ccd90f24467aae0da210620c8d8d8da93137586b5c386c7,2021-07,Cumbria Constabulary,Cumbria Constabulary,-2.912770,54.880381,On or near Chertsey Grove,E01019220,Carlisle 010E,Vehicle crime,Investigation complete; no suspect identified,
fb9468d5f16aa8b31c63e5058eb6a29a8fe50c646766534e52cbeaed6a1a9b56,2021-07,Cumbria Constabulary,Cumbria Constabulary,-2.914905,54.881776,On or near Herbert Street,E01019220,Carlisle 010E,Vehicle crime,Investigation complete; no suspect identified,
0c0c0b1bc76ff223caf2d060d54cef98b081105055f49db02e6eccc97ad0bb8d,2021-07,Cumbria Constabulary,Cumbria Constabulary,-2.911200,54.878523,On or near Broome Court,E01019220,Carlisle 010E,Violence and sexual offences,Unable to prosecute suspect,
d826a9a7d28fc7494f548ffc5e87620ae6ce84933f547e70f73d96965f57805c,2021-07,Cumbria Constabulary,Cumbria Constabulary,-2.912987,54.878258,On or near Carliol Drive,E01019220,Carlisle 010E,Violence and sexual offences,Unable to prosecute suspect,
005d0f8e910f6c58c758c735c4fb63a4e6f14fad474c5c2dc3a1426d5eac4a08,2021-07,Cumbria Constabulary,Cumbria Constabulary,-2.912987,54.878258,On or near Carliol Drive,E01019220,Carlisle 010E,Violence and sexual offences,Unable to prosecute suspect,
ec51a88ad6e2c85e89bbbbe96bb838a8239791323b1b09fd864d4482a4ac35bc,2021-07,Cumbria Constabulary,Cumbria Constabulary,-2.911200,54.878523,On or near Broome Court,E01019220,Carlisle 010E,Violence and sexual offences,Awaiting court outcome,
452701cadd5a98e9944719430c1297a87c87dbc9ca950da42e8d6a236168c0ed,2021-07,Cumbria Constabulary,Cumbria Constabulary,-2.916044,54.881120,On or near Richard James Avenue,E01019220,Carlisle 010E,Violence and sexual offences,Unable to prosecute suspect,
b97025d1bdab888f45dec6b682d040b5222d536951b7637d7ddd6ab9e0a8eb27,2021-07,Cumbria Constabulary,Cumbria Constabulary,-2.910605,54.880460,On or near Harraby Gardens,E01019220,Carlisle 010E,Violence and sexual offences,Unable to prosecute suspect,
0b68d69c83d3f914eeca89335a057111e88b86de32124002d999fc8fb7ff4861,2021-07,Cumbria Constabulary,Cumbria Constabulary,-2.910605,54.880460,On or near Harraby Gardens,E01019220,Carlisle 010E,Violence and sexual offences,Unable to prosecute suspect,
55777e90007221fb592705c252b113ce386d19f9954bfc3e77ae22a4b3e92ccb,2021-07,Cumbria Constabulary,Cumbria Constabulary,-2.911556,54.874944,On or near Holmacres Drive,E01019220,Carlisle 010E,Violence and sexual offences,Investigation complete; no suspect identified,
,2021-07,Cumbria Constabulary,Cumbria Constabulary,-2.920073,54.887614,On or near Oswald Street,E01019236,Carlisle 010F,Anti-social behaviour,,
205cc27d84069a49f4eb9399a1402e2deaaab8f59a2e2953ca3d14a879965e0e,2021-07,Cumbria Constabulary,Cumbria Constabulary,-2.921634,54.888393,On or near Brook Street,E01019236,Carlisle 010F,Criminal damage and arson,Unable to prosecute suspect,
0548e78a5033235260670820b40e4599cdf68289502f5395ae4d95daeed2584e,2021-07,Cumbria Constabulary,Cumbria Constabulary,-2.916910,54.889076,On or near Adelaide Street,E01019236,Carlisle 010F,Criminal damage and arson,Investigation complete; no suspect identified,
991776f47c8a1d2484284d74e8bb70bb39f8fe24c99d781631e06c44937f021d,2021-07,Cumbria Constabulary,Cumbria Constabulary,-2.916910,54.889076,On or near Adelaide Street,E01019236,Carlisle 010F,Criminal damage and arson,Unable to prosecute suspect,
66df2909205fca9ceda8e70829c8312278606783691d2bc7448f5b791b651ed6,2021-07,Cumbria Constabulary,Cumbria Constabulary,-2.925955,54.888486,On or near Blake Street,E01019236,Carlisle 010F,Criminal damage and arson,Unable to prosecute suspect,
302fc5237d6568ce41d4a1469c322f9bde1b693cfdd1f61cd169b662f8c8f51d,2021-07,Cumbria Constabulary,Cumbria Constabulary,-2.923746,54.888718,On or near Flower Street,E01019236,Carlisle 010F,Vehicle crime,Investigation complete; no suspect identified,
2b7867b6a7e4e2c3a4cd29d5329e7cc19bc04748c5b42a956089c70cf497b008,2021-07,Cumbria Constabulary,Cumbria Constabulary,-2.923780,54.888152,On or near Garden Street,E01019236,Carlisle 010F,Violence and sexual offences,Unable to prosecute suspect,
84e38fb18928888631127fe5d3601934112589d1696af624bb40235112b89711,2021-07,Cumbria Constabulary,Cumbria Constabulary,-2.923780,54.888152,On or near Garden Street,E01019236,Carlisle 010F,Violence and sexual offences,Unable to prosecute suspect,
e1a9eb7f0a07520c1c1794712defe539caeb794d044d70114dc62b6631c756e8,2021-07,Cumbria Constabulary,Cumbria Constabulary,-2.920073,54.887614,On or near Oswald Street,E01019236,Carlisle 010F,Violence and sexual offences,Unable to prosecute suspect,
4abcfdfafbb895db2bf0269d68781f6f8cb696b0fe732d0adbd551ee1e5a5b38,2021-07,Cumbria Constabulary,Cumbria Constabulary,-2.923780,54.888152,On or near Garden Street,E01019236,Carlisle 010F,Violence and sexual offences,Court result unavailable,
b3b13ed592933edfca0cc70074bc72567e4a63c4140b65747b206532c676b586,2021-07,Cumbria Constabulary,Cumbria Constabulary,-2.922687,54.889445,On or near Howe Street,E01019236,Carlisle 010F,Violence and sexual offences,Unable to prosecute suspect,
e65633319ef8eec0f72b6b7424c3a741642135345eff9b523aa2cd212d6ee1c5,2021-07,Cumbria Constabulary,Cumbria Constabulary,-2.922687,54.889445,On or near Howe Street,E01019236,Carlisle 010F,Violence and sexual offences,Unable to prosecute suspect,
6afc0a24065e70a04a5f63533d97d75023150786a84f6f62ab2e363d67b294c6,2021-07,Cumbria Constabulary,Cumbria Constabulary,-2.923780,54.888152,On or near Garden Street,E01019236,Carlisle 010F,Violence and sexual offences,Court result unavailable,
d795d3f8fcdd38ab4614fb12ceeb36c40a1eebae8cd751de7fcb4e86a149feea,2021-07,Cumbria Constabulary,Cumbria Constabulary,-2.921525,54.887720,On or near Alexander Street,E01019236,Carlisle 010F,Violence and sexual offences,Unable to prosecute suspect,
b8823f53050ca28ae0c7132a3f1b77322adf8c1ddae7a7a2e00f20276ccd63ba,2021-07,Cumbria Constabulary,Cumbria Constabulary,-2.921634,54.888393,On or near Brook Street,E01019236,Carlisle 010F,Violence and sexual offences,Status update unavailable,
ea24688b2160fe303c6afe82ac2e25e893f5878b0748a3af3701b6e6b7c55a40,2021-07,Cumbria Constabulary,Cumbria Constabulary,-2.921634,54.888393,On or near Brook Street,E01019236,Carlisle 010F,Violence and sexual offences,Status update unavailable,
7dec368d16ac59630bd3b75686b10220955dcd78f2279d2995638271d4da52ef,2021-07,Cumbria Constabulary,Cumbria Constabulary,-2.921525,54.887720,On or near Alexander Street,E01019236,Carlisle 010F,Violence and sexual offences,Unable to prosecute suspect,
8bace508e40c482f203fbbae9096b68832d95dacb14ae282b8315db6e9b6cb46,2021-07,Cumbria Constabulary,Cumbria Constabulary,-2.918604,54.887463,On or near Tramside Way,E01019236,Carlisle 010F,Violence and sexual offences,Unable to prosecute suspect,
f8cd7ace0cd9bbe2ca33fb3e856110d0507cafc0ebe7a31a06070e64a41633e1,2021-07,Cumbria Constabulary,Cumbria Constabulary,-2.918676,54.887876,On or near Lindisfarne Court,E01019236,Carlisle 010F,Violence and sexual offences,Unable to prosecute suspect,
23e379e4d185b6656c4ceb3f09ea26a8ded64f5cf5a9e134e81fd3db835593cd,2021-07,Cumbria Constabulary,Cumbria Constabulary,-2.920073,54.887614,On or near Oswald Street,E01019236,Carlisle 010F,Violence and sexual offences,Investigation complete; no suspect identified,
a3f192e4bb155dada98764cc15519371ef96bf1ad42166b39f17c2ea70090857,2021-07,Cumbria Constabulary,Cumbria Constabulary,-2.920073,54.887614,On or near Oswald Street,E01019236,Carlisle 010F,Violence and sexual offences,Unable to prosecute suspect,
ab7a84483e3a0de071a1f087c6d9969a2bfc4b8d61da833165e304640cbcf3a2,2021-07,Cumbria Constabulary,Cumbria Constabulary,-2.920073,54.887614,On or near Oswald Street,E01019236,Carlisle 010F,Violence and sexual offences,Investigation complete; no suspect identified,
56b70cc77af61c4767589843dc048c3f614e0bf3b793129ee2c468e3b9f3a630,2021-07,Cumbria Constabulary,Cumbria Constabulary,-2.920073,54.887614,On or near Oswald Street,E01019236,Carlisle 010F,Violence and sexual offences,Investigation complete; no suspect identified,
0bbcbb37dbeff85a1ee7e2825c80f34ec2777ce4a056f28127b3a585361cd083,2021-07,Cumbria Constabulary,Cumbria Constabulary,-2.919355,54.887584,On or near Lindisfarne Street,E01019236,Carlisle 010F,Violence and sexual offences,Unable to prosecute suspect,
9c10b9f28c85c0dd2553bdf103142675e9f26cc047f847b4d0bb391c0755dc81,2021-07,Cumbria Constabulary,Cumbria Constabulary,-2.920073,54.887614,On or near Oswald Street,E01019236,Carlisle 010F,Violence and sexual offences,Unable to prosecute suspect,
ea1f77175744e4df3b87a81ac37d34c0f9019f6aae68cad96721c3aee0878ee1,2021-07,Cumbria Constabulary,Cumbria Constabulary,-2.923696,54.889231,On or near Edward Street,E01019236,Carlisle 010F,Other crime,Further investigation is not in the public interest,
,2021-07,Cumbria Constabulary,Cumbria Constabulary,-2.906004,54.890766,On or near Botcherby Avenue,E01019197,Carlisle 011A,Anti-social behaviour,,
,2021-07,Cumbria Constabulary,Cumbria Constabulary,-2.902055,54.887758,On or near Holywell Crescent,E01019197,Carlisle 011A,Anti-social behaviour,,
,2021-07,Cumbria Constabulary,Cumbria Constabulary,-2.904829,54.888412,On or near Borland Avenue,E01019197,Carlisle 011A,Anti-social behaviour,,
,2021-07,Cumbria Constabulary,Cumbria Constabulary,-2.903736,54.889723,On or near Merith Avenue,E01019197,Carlisle 011A,Anti-social behaviour,,
,2021-07,Cumbria Constabulary,Cumbria Constabulary,-2.902055,54.887758,On or near Holywell Crescent,E01019197,Carlisle 011A,Anti-social behaviour,,
,2021-07,Cumbria Constabulary,Cumbria Constabulary,-2.914161,54.888126,On or near Sports/Recreation Area,E01019197,Carlisle 011A,Anti-social behaviour,,
5615b79f50c60564040ce6d93d3821bc9a8739001376f0c0cff24a636d7c823f,2021-07,Cumbria Constabulary,Cumbria Constabulary,-2.903736,54.889723,On or near Merith Avenue,E01019197,Carlisle 011A,Bicycle theft,Investigation complete; no suspect identified,
67e690d2b108fd17da20633992a9c6b8fde3a4f0b5f2428393fb8f2e873bf517,2021-07,Cumbria Constabulary,Cumbria Constabulary,-2.903736,54.889723,On or near Merith Avenue,E01019197,Carlisle 011A,Burglary,Unable to prosecute suspect,
bc1c51124b0de3707064fcf16950cdb92ed87a7c94c94b1d49825bf17a3188b0,2021-07,Cumbria Constabulary,Cumbria Constabulary,-2.903736,54.889723,On or near Merith Avenue,E01019197,Carlisle 011A,Burglary,Investigation complete; no suspect identified,
d903801acf646a93571058ed510f2bd163f4f92b1070457e1f9b3461e8df902a,2021-07,Cumbria Constabulary,Cumbria Constabulary,-2.906929,54.889609,On or near Ennerdale Avenue,E01019197,Carlisle 011A,Burglary,Unable to prosecute suspect,
7b681b7929f2543945c36371c2d70c7f1c97029b53693f16741b3ade19c48649,2021-07,Cumbria Constabulary,Cumbria Constabulary,-2.895062,54.887352,On or near Pasture Walk,E01019197,Carlisle 011A,Criminal damage and arson,Investigation complete; no suspect identified,
f6b7dce27693b38ced656d8c8640fc037de3dfaeaa00d6c6e8a19840d4bf0aba,2021-07,Cumbria Constabulary,Cumbria Constabulary,-2.906929,54.889609,On or near Ennerdale Avenue,E01019197,Carlisle 011A,Criminal damage and arson,Investigation complete; no suspect identified,
66d6281130103212dd778aa373dc715845acfecdbd37d3d7105f9217d94694f0,2021-07,Cumbria Constabulary,Cumbria Constabulary,-2.906004,54.890766,On or near Botcherby Avenue,E01019197,Carlisle 011A,Criminal damage and arson,Investigation complete; no suspect identified,
eee0c29afacb0a5ff7566f58d41e8bc559a9383366fa16e4fce34404e99eeccb,2021-07,Cumbria Constabulary,Cumbria Constabulary,-2.902055,54.887758,On or near Holywell Crescent,E01019197,Carlisle 011A,Criminal damage and arson,Investigation complete; no suspect identified,
848866ea831433c31b733612e90c2d9cd5772665fbcac0c554af1badab293f99,2021-07,Cumbria Constabulary,Cumbria Constabulary,-2.914161,54.888126,On or near Sports/Recreation Area,E01019197,Carlisle 011A,Other theft,Investigation complete; no suspect identified,
f67306237de56015da34c07e8609ec4b325f370cad0540a40e5dd6b3020b0155,2021-07,Cumbria Constabulary,Cumbria Constabulary,-2.903736,54.889723,On or near Merith Avenue,E01019197,Carlisle 011A,Public order,Further investigation is not in the public interest,
3d533392c6ea7d9f7a7f4660b884d5efc50fbd3413114a35354f8614d81a614a,2021-07,Cumbria Constabulary,Cumbria Constabulary,-2.903736,54.889723,On or near Merith Avenue,E01019197,Carlisle 011A,Public order,Investigation complete; no suspect identified,
0631bafff8dd70ac3abd2ced3c8143ae609c8bbd3f90b9bc7b2ea03371e366de,2021-07,Cumbria Constabulary,Cumbria Constabulary,-2.893099,54.890952,On or near Wingate Road,E01019197,Carlisle 011A,Public order,Unable to prosecute suspect,
3dd45e9fda8f8cb28a7a3153b15362cd159abe59302092c74ba1721d3ed58bd7,2021-07,Cumbria Constabulary,Cumbria Constabulary,-2.903736,54.889723,On or near Merith Avenue,E01019197,Carlisle 011A,Public order,Unable to prosecute suspect,
f0f0e407ce069873ee6dc580da67a7f6a676a97231848c3210322834b12f3f4b,2021-07,Cumbria Constabulary,Cumbria Constabulary,-2.902055,54.887758,On or near Holywell Crescent,E01019197,Carlisle 011A,Violence and sexual offences,Unable to prosecute suspect,
e2f6e88ac79a09d6a9e9bb63dfb9a85610468d76aba8d4cdd1d2a5604673dbf9,2021-07,Cumbria Constabulary,Cumbria Constabulary,-2.903736,54.889723,On or near Merith Avenue,E01019197,Carlisle 011A,Violence and sexual offences,Further investigation is not in the public interest,
6329c4c161fc62a7abd48d84a5aaa373ce3759319fe935987bd59ae7f7bc1337,2021-07,Cumbria Constabulary,Cumbria Constabulary,-2.906004,54.890766,On or near Botcherby Avenue,E01019197,Carlisle 011A,Violence and sexual offences,Status update unavailable,
52f4c05553fd0610a886cfa8a4005cd9cdfb7234022c3a5e4ad307de5e73c8dc,2021-07,Cumbria Constabulary,Cumbria Constabulary,-2.903233,54.890958,On or near Applewood Close,E01019197,Carlisle 011A,Violence and sexual offences,Unable to prosecute suspect,
984f31cc7e6a4cca50609aa602b6b95673e375b73aff6312bb144d1c23a0bae4,2021-07,Cumbria Constabulary,Cumbria Constabulary,-2.902055,54.887758,On or near Holywell Crescent,E01019197,Carlisle 011A,Violence and sexual offences,Unable to prosecute suspect,
81a06e7a18a6aa1e479c1f579c4b32f00e96a34b86033a3a9bd369c8b5ba486f,2021-07,Cumbria Constabulary,Cumbria Constabulary,-2.902055,54.887758,On or near Holywell Crescent,E01019197,Carlisle 011A,Violence and sexual offences,Unable to prosecute suspect,
cbbdd02c39dda7f33e541a834886dcd382cb7009dd21d8daad42ce61cd39d1d2,2021-07,Cumbria Constabulary,Cumbria Constabulary,-2.902055,54.887758,On or near Holywell Crescent,E01019197,Carlisle 011A,Violence and sexual offences,Unable to prosecute suspect,
097abb3aa2ca33c262e991936f4797e6b7a557d61c13d83e258cfd664ebb11a2,2021-07,Cumbria Constabulary,Cumbria Constabulary,-2.902055,54.887758,On or near Holywell Crescent,E01019197,Carlisle 011A,Violence and sexual offences,Unable to prosecute suspect,
ae8bd733e7037c97ebbe4300f7a6e4a0a531080cc201b129eef1af52e76f766c,2021-07,Cumbria Constabulary,Cumbria Constabulary,-2.902055,54.887758,On or near Holywell Crescent,E01019197,Carlisle 011A,Violence and sexual offences,Unable to prosecute suspect,
de64ea39a4805739eb580645c085e2626eaf8923b80cf7c8008fb298f4113a46,2021-07,Cumbria Constabulary,Cumbria Constabulary,-2.902055,54.887758,On or near Holywell Crescent,E01019197,Carlisle 011A,Violence and sexual offences,Unable to prosecute suspect,
f469763cdb8008ebd5747447851a0255d6947edd5d9f74128a4220861c25df94,2021-07,Cumbria Constabulary,Cumbria Constabulary,-2.902055,54.887758,On or near Holywell Crescent,E01019197,Carlisle 011A,Violence and sexual offences,Unable to prosecute suspect,
def5aee56fa1e74aea110a3aa1e7b6904a7da4e151b4401b23c65281398ea1ca,2021-07,Cumbria Constabulary,Cumbria Constabulary,-2.906004,54.890766,On or near Botcherby Avenue,E01019197,Carlisle 011A,Violence and sexual offences,Unable to prosecute suspect,
5a38f714ee08af7176ddc89bd70ac709505c98fc9c4049a2129b7cdc216e6636,2021-07,Cumbria Constabulary,Cumbria Constabulary,-2.902055,54.887758,On or near Holywell Crescent,E01019197,Carlisle 011A,Violence and sexual offences,Unable to prosecute suspect,
7dfc32b851dfd2f574b2cc1febca8d315dd8d083d537fcf2ef68d000fedf4eec,2021-07,Cumbria Constabulary,Cumbria Constabulary,-2.903233,54.890958,On or near Applewood Close,E01019197,Carlisle 011A,Other crime,Unable to prosecute suspect,
35b0df2ded5d639fbb69b15388c21d6ff66421d0dd36fed0f3a1eb15dc5ffdfb,2021-07,Cumbria Constabulary,Cumbria Constabulary,-2.895352,54.881472,On or near Allandale Road,E01019198,Carlisle 011B,Criminal damage and arson,Investigation complete; no suspect identified,
8ae9b3aa70dd7808e27be7189fbd44df93e3d77ba3a0db8b288fc9441b41ae30,2021-07,Cumbria Constabulary,Cumbria Constabulary,-2.895525,54.882235,On or near Lyngarth,E01019198,Carlisle 011B,Criminal damage and arson,Unable to prosecute suspect,
70fce6d69d01e8407172529606161fac9f649570b47ca635c88cb440fc25f368,2021-07,Cumbria Constabulary,Cumbria Constabulary,-2.893010,54.881283,On or near Edgehill Road,E01019198,Carlisle 011B,Public order,Further investigation is not in the public interest,
b196f1479900064624365a90fd2edbe3f95f3e0c8d3c45f9b337a984cf6f8592,2021-07,Cumbria Constabulary,Cumbria Constabulary,-2.898204,54.880022,On or near Edgehill Road,E01019198,Carlisle 011B,Violence and sexual offences,Awaiting court outcome,
d4b130059854aa7bc3bd4c82e1709f259af4f752783392d5fc3ff66c2c0599b4,2021-07,Cumbria Constabulary,Cumbria Constabulary,-2.898204,54.880022,On or near Edgehill Road,E01019198,Carlisle 011B,Violence and sexual offences,Unable to prosecute suspect,
de151ddb160b1d1800f148822e30e35e7805501653f9d394a8ca248301434cd4,2021-07,Cumbria Constabulary,Cumbria Constabulary,-2.895869,54.883679,On or near Pennine Way,E01019198,Carlisle 011B,Violence and sexual offences,Unable to prosecute suspect,
f8934ed9c7c16b7704868accc84e5c8bf5a3da08be939e37e0b85fd121850798,2021-07,Cumbria Constabulary,Cumbria Constabulary,-2.900828,54.883768,On or near Pennine Gardens,E01019198,Carlisle 011B,Violence and sexual offences,Unable to prosecute suspect,
9f889388e93530dc68429346f9aaaf68eed502e3137f1422ed4ff8e896d3faa0,2021-07,Cumbria Constabulary,Cumbria Constabulary,-2.900828,54.883768,On or near Pennine Gardens,E01019198,Carlisle 011B,Violence and sexual offences,Unable to prosecute suspect,
63780dad04caedb34a4a5635351160d6b575b5d911a1e47b38dbbbeed6c0a9df,2021-07,Cumbria Constabulary,Cumbria Constabulary,-2.898204,54.880022,On or near Edgehill Road,E01019198,Carlisle 011B,Violence and sexual offences,Unable to prosecute suspect,
739e3b8a5e3f3e82be4f5096b572763babc767deba7bc0bc23c6df35765e5b2f,2021-07,Cumbria Constabulary,Cumbria Constabulary,-2.895352,54.881472,On or near Allandale Road,E01019198,Carlisle 011B,Violence and sexual offences,Unable to prosecute suspect,
dc1430de83ccba3dbbfc80c28a2495688e9732c03786512ed83965929f90426e,2021-07,Cumbria Constabulary,Cumbria Constabulary,-2.895352,54.881472,On or near Allandale Road,E01019198,Carlisle 011B,Violence and sexual offences,Unable to prosecute suspect,
,2021-07,Cumbria Constabulary,Cumbria Constabulary,-2.887517,54.883803,On or near Beverley Rise,E01019199,Carlisle 011C,Anti-social behaviour,,
,2021-07,Cumbria Constabulary,Cumbria Constabulary,-2.891230,54.883237,On or near Brantwood Avenue,E01019199,Carlisle 011C,Anti-social behaviour,,
,2021-07,Cumbria Constabulary,Cumbria Constabulary,-2.887517,54.883803,On or near Beverley Rise,E01019199,Carlisle 011C,Anti-social behaviour,,
e2992b15fc8495e549ac0203e54d7dec5ed5778a9f471c399bf6a41ed5632fa1,2021-07,Cumbria Constabulary,Cumbria Constabulary,-2.889992,54.882967,On or near Eldon Drive,E01019199,Carlisle 011C,Criminal damage and arson,Investigation complete; no suspect identified,
d3d1fdfd90e82947da1777a7d2e9eb2b8509c50a44dbb7707c2dd241f83f4eb3,2021-07,Cumbria Constabulary,Cumbria Constabulary,-2.887517,54.883803,On or near Beverley Rise,E01019199,Carlisle 011C,Public order,Unable to prosecute suspect,
b1d3d90efaa431ff3bfbad376bf1ed172f190e150cfe63bebaa0c85857dc1d66,2021-07,Cumbria Constabulary,Cumbria Constabulary,-2.887517,54.883803,On or near Beverley Rise,E01019199,Carlisle 011C,Public order,Action to be taken by another organisation,
6834a6a0dce3b28cd43002b9651d96824172a39a475d9712b7e883556ba27d91,2021-07,Cumbria Constabulary,Cumbria Constabulary,-2.887517,54.883803,On or near Beverley Rise,E01019199,Carlisle 011C,Public order,Action to be taken by another organisation,
a50c65796f41371aad59f251c13e5a20e39d35ce71e2d4e8c5f226eed18cd098,2021-07,Cumbria Constabulary,Cumbria Constabulary,-2.887517,54.883803,On or near Beverley Rise,E01019199,Carlisle 011C,Public order,Unable to prosecute suspect,
8b1b1c5c28dce5ab9ead4d86e3a832f95030b144f4f47a035f1350c9f78c5f8e,2021-07,Cumbria Constabulary,Cumbria Constabulary,-2.887517,54.883803,On or near Beverley Rise,E01019199,Carlisle 011C,Public order,Unable to prosecute suspect,
48dc403c2d2063682d8f2c430c68d82be11f3768c1ab6d4a1b0fb1fe3268b9b4,2021-07,Cumbria Constabulary,Cumbria Constabulary,-2.887517,54.883803,On or near Beverley Rise,E01019199,Carlisle 011C,Public order,Action to be taken by another organisation,
8cb39a3105ab821f171a084c68c57eb41a119ce343be63aa4177f99b4cb76800,2021-07,Cumbria Constabulary,Cumbria Constabulary,-2.887517,54.883803,On or near Beverley Rise,E01019199,Carlisle 011C,Public order,Action to be taken by another organisation,
2d13eae76e2c1157d16a79012e6d6804c8ace8a655ae8e25c450eda69347b79e,2021-07,Cumbria Constabulary,Cumbria Constabulary,-2.887517,54.883803,On or near Beverley Rise,E01019199,Carlisle 011C,Violence and sexual offences,Action to be taken by another organisation,
5feab4939af4b140d1d425ec67d76036e23529f8fb925b3b1632cca07e1ab1cc,2021-07,Cumbria Constabulary,Cumbria Constabulary,-2.892165,54.883230,On or near Cresswell Avenue,E01019199,Carlisle 011C,Violence and sexual offences,Unable to prosecute suspect,
d72a59cbaef41d428196ba08a1e21430ea84981682fa2555419b37b310032af7,2021-07,Cumbria Constabulary,Cumbria Constabulary,-2.889992,54.882967,On or near Eldon Drive,E01019199,Carlisle 011C,Violence and sexual offences,Unable to prosecute suspect,
d6ced60bfb7f5f7e002ffffa84c72cca2a69803fc3264d45a92a5399f2a4355a,2021-07,Cumbria Constabulary,Cumbria Constabulary,-2.891230,54.883237,On or near Brantwood Avenue,E01019199,Carlisle 011C,Violence and sexual offences,Further investigation is not in the public interest,
f05e5f535442ccdcf305eb73b4d90a9790dc991e1ab5615c493476767cc5ed32,2021-07,Cumbria Constabulary,Cumbria Constabulary,-2.887517,54.883803,On or near Beverley Rise,E01019199,Carlisle 011C,Other crime,Action to be taken by another organisation,
06202c67cdb2920365a50a2db67c717f2b88a02e8d154a1b0f72f640619986a5,2021-07,Cumbria Constabulary,Cumbria Constabulary,-2.887517,54.883803,On or near Beverley Rise,E01019199,Carlisle 011C,Other crime,Investigation complete; no suspect identified,
648f4af846cf7dab79f77eb9a7fa7ad2ce9099c0aa534a7b95a3ace10e98e0a4,2021-07,Cumbria Constabulary,Cumbria Constabulary,-2.897782,54.877869,On or near Hillary Grove,E01019221,Carlisle 011D,Burglary,Unable to prosecute suspect,
52d712a2ad2e42158aaae14e1dbead46e932a379d4e94a70c8e8ee295afdeb94,2021-07,Cumbria Constabulary,Cumbria Constabulary,-2.897782,54.877869,On or near Hillary Grove,E01019221,Carlisle 011D,Other theft,Unable to prosecute suspect,
06ab4ee6c680ce825c6d2dfb8325d8b3e4d8758213d1b0e2393fa11fdf5a2839,2021-07,Cumbria Constabulary,Cumbria Constabulary,-2.896833,54.876554,On or near Longholme Road,E01019221,Carlisle 011D,Public order,Investigation complete; no suspect identified,
f6a1397cfca8591b133826ccb438221bac1c8aed08f522d8c00b036666ab68f7,2021-07,Cumbria Constabulary,Cumbria Constabulary,-2.896833,54.876554,On or near Longholme Road,E01019221,Carlisle 011D,Public order,Unable to prosecute suspect,
a2fc0b60bb610193ec8efba1ca26219510ba51e4fc2f6e5ea8a04597ec107992,2021-07,Cumbria Constabulary,Cumbria Constabulary,-2.896755,54.878640,On or near Meadow View,E01019221,Carlisle 011D,Violence and sexual offences,Unable to prosecute suspect,
,2021-07,Cumbria Constabulary,Cumbria Constabulary,-2.908137,54.878133,On or near London Road,E01019222,Carlisle 011E,Anti-social behaviour,,
ca2b5df1343228b6c91611f2e05276eaa84c935f0a569ef8a11476efa67177b4,2021-07,Cumbria Constabulary,Cumbria Constabulary,-2.905689,54.880200,On or near Mayfield Avenue,E01019222,Carlisle 011E,Burglary,Unable to prosecute suspect,
977ef2a7e94e318950f9fe744a037f7f089562df2196c5524ae3d825188a8f9b,2021-07,Cumbria Constabulary,Cumbria Constabulary,-2.904972,54.876719,On or near Supermarket,E01019222,Carlisle 011E,Criminal damage and arson,Unable to prosecute suspect,
ad46afc791d884ece5ac5b38e30a2c497fd47cf7df9ad02ad8c742d54d967568,2021-07,Cumbria Constabulary,Cumbria Constabulary,-2.909417,54.877566,On or near Cavaghan Gardens,E01019222,Carlisle 011E,Public order,Unable to prosecute suspect,
e03148c1514ed4a39aaeb5991109d7446dbf260998abc46e481c1160a6564484,2021-07,Cumbria Constabulary,Cumbria Constabulary,-2.902712,54.880887,On or near Arnside Road,E01019222,Carlisle 011E,Public order,Unable to prosecute suspect,
32144636ebbd54a19b9c72abfafca5ddf3852424ee1af4ae02d8ec16eed1bee6,2021-07,Cumbria Constabulary,Cumbria Constabulary,-2.909417,54.877566,On or near Cavaghan Gardens,E01019222,Carlisle 011E,Public order,Unable to prosecute suspect,
1eb3798eaf414c9f4e5b230b3d1a3d582374c0b6a1d170d6ce4f094033a5b035,2021-07,Cumbria Constabulary,Cumbria Constabulary,-2.902712,54.880887,On or near Arnside Road,E01019222,Carlisle 011E,Public order,Unable to prosecute suspect,
f07f67f34255b1e3793b37e25576a73dd79c6e8775b371ca670eed23e5977249,2021-07,Cumbria Constabulary,Cumbria Constabulary,-2.905290,54.876977,On or near Lingside Crescent,E01019222,Carlisle 011E,Public order,Unable to prosecute suspect,
10cd97de73313687642e6e962a4a5793628b6dd40c6729753e48809bc0883c45,2021-07,Cumbria Constabulary,Cumbria Constabulary,-2.900984,54.881691,On or near Supermarket,E01019222,Carlisle 011E,Shoplifting,Awaiting court outcome,
40e469e53ab48ac1391d040834af42025499e2f1e7e1c5e8b0a822ba61343eba,2021-07,Cumbria Constabulary,Cumbria Constabulary,-2.908744,54.882981,On or near Brunel Way,E01019222,Carlisle 011E,Violence and sexual offences,Court result unavailable,
c0f29a9b2d0ab60ffa2f7d3619d9680539b15d9eef666e5c93c28118a7084be2,2021-07,Cumbria Constabulary,Cumbria Constabulary,-2.899841,54.881430,On or near Whinsmoor Drive,E01019222,Carlisle 011E,Violence and sexual offences,Unable to prosecute suspect,
0bc59653662cd6e50a8f9e6a0000060d224a6a7a7427fafe44b3f7d8e5012f56,2021-07,Cumbria Constabulary,Cumbria Constabulary,-2.905251,54.881489,On or near Eastern Way,E01019222,Carlisle 011E,Violence and sexual offences,Unable to prosecute suspect,
5235417d2bcfb70f79840a24c1ec304675493c30de7f015312380889f8dd318e,2021-07,Cumbria Constabulary,Cumbria Constabulary,-2.908744,54.882981,On or near Brunel Way,E01019222,Carlisle 011E,Violence and sexual offences,Court result unavailable,
d338c83c2aab0765a0870b09ccecdde0ed240189dbc63435ad29cc03ee1a2b8c,2021-07,Cumbria Constabulary,Cumbria Constabulary,-2.905290,54.876977,On or near Lingside Crescent,E01019222,Carlisle 011E,Violence and sexual offences,Unable to prosecute suspect,
e44eb775e02a33d51a1b655bbd3ff5f218450f2ca035da9bfbcf7edff930c761,2021-07,Cumbria Constabulary,Cumbria Constabulary,-2.904972,54.876719,On or near Supermarket,E01019222,Carlisle 011E,Violence and sexual offences,Unable to prosecute suspect,
77e0af520d4d9e8ed6682e3af4f12e6b0841d03e338bcc6be0a499723c7b6c50,2021-07,Cumbria Constabulary,Cumbria Constabulary,-2.909417,54.877566,On or near Cavaghan Gardens,E01019222,Carlisle 011E,Violence and sexual offences,Unable to prosecute suspect,
9b1ff8105ce30a127416806a25a7e3b14c9ff97df05a56051c3604f4c690b9ab,2021-07,Cumbria Constabulary,Cumbria Constabulary,-2.899841,54.881430,On or near Whinsmoor Drive,E01019222,Carlisle 011E,Violence and sexual offences,Unable to prosecute suspect,
3fe945062153a3600226b7915b4ce5612f1d20609f77af106f20908ed2e1b550,2021-07,Cumbria Constabulary,Cumbria Constabulary,-2.908744,54.882981,On or near Brunel Way,E01019222,Carlisle 011E,Violence and sexual offences,Court result unavailable,
b8a81ba5154ee1907e3c39adc29d357aaf73fbc6175504f7b2c3bdb2bff78716,2021-07,Cumbria Constabulary,Cumbria Constabulary,-2.905251,54.881489,On or near Eastern Way,E01019222,Carlisle 011E,Violence and sexual offences,Unable to prosecute suspect,
c77cdb40ea10f070160726cf732a342bfec380f592ee2b62aae925392a869c7a,2021-07,Cumbria Constabulary,Cumbria Constabulary,-2.908744,54.882981,On or near Brunel Way,E01019222,Carlisle 011E,Violence and sexual offences,Court result unavailable,
f46deaf2e0393626000add28ad0ad81fc5c8f9434c5a785791f6e4781323c64a,2021-07,Cumbria Constabulary,Cumbria Constabulary,-2.902712,54.880887,On or near Arnside Road,E01019222,Carlisle 011E,Violence and sexual offences,Unable to prosecute suspect,
188cc59eb166adf8866eb6329b7a8f9b5549ac5baabc39ff12367acba0346555,2021-07,Cumbria Constabulary,Cumbria Constabulary,-2.908744,54.882981,On or near Brunel Way,E01019222,Carlisle 011E,Violence and sexual offences,Court result unavailable,
3aafbca3520a43183be979dabbd241d4145af034581b56f76c98d700cd70b4b2,2021-07,Cumbria Constabulary,Cumbria Constabulary,-2.908744,54.882981,On or near Brunel Way,E01019222,Carlisle 011E,Violence and sexual offences,Court result unavailable,
9a8c924fbca21e071a0dc45022e2c298c4a786b2689bf4910f5079d3aa5d0e9d,2021-07,Cumbria Constabulary,Cumbria Constabulary,-2.901652,54.881569,On or near Central Avenue,E01019222,Carlisle 011E,Violence and sexual offences,Unable to prosecute suspect,
9e3a30bea823283d14e106a1a81415283493cb186aa11d1053cc39a3914b1895,2021-07,Cumbria Constabulary,Cumbria Constabulary,-2.908744,54.882981,On or near Brunel Way,E01019222,Carlisle 011E,Violence and sexual offences,Court result unavailable,
583f4cfb90c998dda491ee1f3b8d16e9d02b5142609157b422f7035105ecb301,2021-07,Cumbria Constabulary,Cumbria Constabulary,-2.908744,54.882981,On or near Brunel Way,E01019222,Carlisle 011E,Violence and sexual offences,Court result unavailable,
aac20a853ff19c7fa59e1e85911b7eb00411767555dce228fe62e985d010e7c9,2021-07,Cumbria Constabulary,Cumbria Constabulary,-2.905290,54.876977,On or near Lingside Crescent,E01019222,Carlisle 011E,Violence and sexual offences,Unable to prosecute suspect,
8049bc724adcfee25b61c66a9e2cc287c8b2972c64ba7c55ac878f1a492485cb,2021-07,Cumbria Constabulary,Cumbria Constabulary,-2.908744,54.882981,On or near Brunel Way,E01019222,Carlisle 011E,Other crime,Court result unavailable,
,2021-07,Cumbria Constabulary,Cumbria Constabulary,-2.909723,54.875919,On or near Atkinson Crescent,E01019245,Carlisle 011F,Anti-social behaviour,,
,2021-07,Cumbria Constabulary,Cumbria Constabulary,-2.905134,54.871406,On or near Dale End Road,E01019245,Carlisle 011F,Anti-social behaviour,,
,2021-07,Cumbria Constabulary,Cumbria Constabulary,-2.904222,54.873130,On or near Semple Road,E01019245,Carlisle 011F,Anti-social behaviour,,
,2021-07,Cumbria Constabulary,Cumbria Constabulary,-2.909723,54.875919,On or near Atkinson Crescent,E01019245,Carlisle 011F,Anti-social behaviour,,
,2021-07,Cumbria Constabulary,Cumbria Constabulary,-2.903437,54.872893,On or near Blundell Road,E01019245,Carlisle 011F,Anti-social behaviour,,
096e0e23d128c6d965b12fc064cb9295351688a7a5d32b8e247720e4ff274cd2,2021-07,Cumbria Constabulary,Cumbria Constabulary,-2.905138,54.875082,On or near Welsh Road,E01019245,Carlisle 011F,Criminal damage and arson,Unable to prosecute suspect,
82b13a2c16b82eb730212e6dde5a18e6f750abbc3811aa7eba91b62b45127640,2021-07,Cumbria Constabulary,Cumbria Constabulary,-2.909493,54.876757,On or near Baird Road,E01019245,Carlisle 011F,Criminal damage and arson,Investigation complete; no suspect identified,
bebcd22e4815485eaf572049023a7362b0cb8862088e2e421dab855579877c67,2021-07,Cumbria Constabulary,Cumbria Constabulary,-2.909723,54.875919,On or near Atkinson Crescent,E01019245,Carlisle 011F,Criminal damage and arson,Investigation complete; no suspect identified,
b7a08f8cc3a3b3a6a8ed7f05f3b878bdb26d3237c94750d3187f4dcfa5764eae,2021-07,Cumbria Constabulary,Cumbria Constabulary,-2.909723,54.875919,On or near Atkinson Crescent,E01019245,Carlisle 011F,Public order,Investigation complete; no suspect identified,
4e1e40b3cb39aa485144f37c310beaa6964417707b05cf0143acd7f5fde5491e,2021-07,Cumbria Constabulary,Cumbria Constabulary,-2.909723,54.875919,On or near Atkinson Crescent,E01019245,Carlisle 011F,Public order,Investigation complete; no suspect identified,
352fcdd5cad47d9898eb06ba6fdf0afba44160a980598bed7813b4bb5d5be665,2021-07,Cumbria Constabulary,Cumbria Constabulary,-2.909723,54.875919,On or near Atkinson Crescent,E01019245,Carlisle 011F,Public order,Unable to prosecute suspect,
37eaec8841deffaedcb76a1745c66736eab19dc766efd873222500d5fea4b741,2021-07,Cumbria Constabulary,Cumbria Constabulary,-2.906770,54.874881,On or near Haig Road,E01019245,Carlisle 011F,Public order,Unable to prosecute suspect,
49cff5a612fb3ef9ef2f161f191d28aea308d9b6db175ed4c9f6c9319b3b90c5,2021-07,Cumbria Constabulary,Cumbria Constabulary,-2.905134,54.871406,On or near Dale End Road,E01019245,Carlisle 011F,Public order,Unable to prosecute suspect,
5a029189ff2aa5bc3a4c56faf4d17b3523556378289a6a33f07a7bdb6a7b5e05,2021-07,Cumbria Constabulary,Cumbria Constabulary,-2.904798,54.873125,On or near Harris Crescent,E01019245,Carlisle 011F,Public order,Unable to prosecute suspect,
923bbe0166774d5fa99b5331ac2e586b24d9f1d4d0508dfb4259b5f46f13b242,2021-07,Cumbria Constabulary,Cumbria Constabulary,-2.905134,54.871406,On or near Dale End Road,E01019245,Carlisle 011F,Public order,Unable to prosecute suspect,
61e2e050f0b1ac2624f08f756ab042f0728b8da8289b2c621add92f58443fdaa,2021-07,Cumbria Constabulary,Cumbria Constabulary,-2.907419,54.871848,On or near Woodsghyll Drive,E01019245,Carlisle 011F,Robbery,Court result unavailable,
6f116e77f1c15f5bc1d4c1bf98e7fee397f49ee4110f5f00ee8c69db55058ef7,2021-07,Cumbria Constabulary,Cumbria Constabulary,-2.909493,54.876757,On or near Baird Road,E01019245,Carlisle 011F,Robbery,Unable to prosecute suspect,
a7517081c7909f4613631f6dfcef39e4b31d873f05861a10be5c495bfa6b9009,2021-07,Cumbria Constabulary,Cumbria Constabulary,-2.909723,54.875919,On or near Atkinson Crescent,E01019245,Carlisle 011F,Shoplifting,Local resolution,
e6368d99c33451958e5ca1607dd1cbe6c717d8581d4614a1dfa522fd832dad93,2021-07,Cumbria Constabulary,Cumbria Constabulary,-2.905134,54.871406,On or near Dale End Road,E01019245,Carlisle 011F,Violence and sexual offences,Local resolution,
062d14b682237bfd898eeeae5795dca66b1318c42795ab56f330bd3fb81bc0ea,2021-07,Cumbria Constabulary,Cumbria Constabulary,-2.904222,54.873130,On or near Semple Road,E01019245,Carlisle 011F,Violence and sexual offences,Court result unavailable,
597305a4e9ba5bb0f4134a00c504775190b93aefc5e2b4e7227f7977bd28b026,2021-07,Cumbria Constabulary,Cumbria Constabulary,-2.904222,54.873130,On or near Semple Road,E01019245,Carlisle 011F,Violence and sexual offences,Unable to prosecute suspect,
9febff42c4a64798458128b2128707236d3710c3f43d5cbcb0e89b02464c16bc,2021-07,Cumbria Constabulary,Cumbria Constabulary,-2.906770,54.874881,On or near Haig Road,E01019245,Carlisle 011F,Violence and sexual offences,Unable to prosecute suspect,
5038ac6f6485d45ac8150fc032ff7d2831167207486a0003dea3be3f09f7c97d,2021-07,Cumbria Constabulary,Cumbria Constabulary,-2.904222,54.873130,On or near Semple Road,E01019245,Carlisle 011F,Violence and sexual offences,Unable to prosecute suspect,
b994f39f911a4fe2055c6321688342ba7fa40ef7b46ad1d91e34a0d6b6ed5bbe,2021-07,Cumbria Constabulary,Cumbria Constabulary,-2.909723,54.875919,On or near Atkinson Crescent,E01019245,Carlisle 011F,Violence and sexual offences,Unable to prosecute suspect,
b89acb9a723d5b3733cf3bf9ba0371d51e10cee5fba0504d3994015c78a4b115,2021-07,Cumbria Constabulary,Cumbria Constabulary,-2.904222,54.873130,On or near Semple Road,E01019245,Carlisle 011F,Violence and sexual offences,Court result unavailable,
5e0982075a9419682e9527d3d039920aaa07a7fdccca0b3ac7ea2f479f6d632e,2021-07,Cumbria Constabulary,Cumbria Constabulary,-2.904798,54.873125,On or near Harris Crescent,E01019245,Carlisle 011F,Violence and sexual offences,Further investigation is not in the public interest,
5eb34ff89711a6991178f188b4e428aeeaccc23cd4157d62b25126204e2ec506,2021-07,Cumbria Constabulary,Cumbria Constabulary,-2.907073,54.873126,On or near Meade Road,E01019245,Carlisle 011F,Violence and sexual offences,Court result unavailable,
5e7606bef6c8800ef61f760d0f5a642c97c601a12f6eb067c99a3e08e95f0274,2021-07,Cumbria Constabulary,Cumbria Constabulary,-2.907363,54.872837,On or near Burnett Road,E01019245,Carlisle 011F,Violence and sexual offences,Local resolution,
cf72a2ba5ad60b8021516611a3316abb6fb8486b9d724dcabcbea9b0f0352626,2021-07,Cumbria Constabulary,Cumbria Constabulary,-2.909493,54.876757,On or near Baird Road,E01019245,Carlisle 011F,Violence and sexual offences,Unable to prosecute suspect,
,2021-07,Cumbria Constabulary,Cumbria Constabulary,-2.935785,54.876773,On or near Marina Crescent,E01019208,Carlisle 012A,Anti-social behaviour,,
91ddc4045c4c03950203ede328939e46285958fba7e59a2036b5fe2219f7ef72,2021-07,Cumbria Constabulary,Cumbria Constabulary,-2.933380,54.878589,On or near Currock Park Avenue,E01019208,Carlisle 012A,Criminal damage and arson,Further action is not in the public interest,
bf44c804cc9fa53b33b408796cbdd8653163ec5086bc2d8590b64de3146e4930,2021-07,Cumbria Constabulary,Cumbria Constabulary,-2.933380,54.878589,On or near Currock Park Avenue,E01019208,Carlisle 012A,Criminal damage and arson,Unable to prosecute suspect,
fac7465ef27a8f1a3d2248c6ecc3adccea419d85a8245cfbcb527edbd06a68db,2021-07,Cumbria Constabulary,Cumbria Constabulary,-2.933380,54.878589,On or near Currock Park Avenue,E01019208,Carlisle 012A,Criminal damage and arson,Investigation complete; no suspect identified,
a96fbd0f78e16b6b625579849efda1b68d57197d60202a7d04ececc9784e7860,2021-07,Cumbria Constabulary,Cumbria Constabulary,-2.933380,54.878589,On or near Currock Park Avenue,E01019208,Carlisle 012A,Public order,Further investigation is not in the public interest,
745214a3c4614cb792a2407c8a15ca81e017edc90400c07f40b9ee760573706a,2021-07,Cumbria Constabulary,Cumbria Constabulary,-2.937123,54.879342,On or near Lund Crescent,E01019208,Carlisle 012A,Public order,Unable to prosecute suspect,
d63eb1531383c16e964852f8c51cc6ed286b9f231c204462b5eb89c9492f2a26,2021-07,Cumbria Constabulary,Cumbria Constabulary,-2.937123,54.879342,On or near Lund Crescent,E01019208,Carlisle 012A,Public order,Unable to prosecute suspect,
cc6f52c51cff77b7a9c11def18622063b2a7de51ed72ffa772c134541cb9c147,2021-07,Cumbria Constabulary,Cumbria Constabulary,-2.933380,54.878589,On or near Currock Park Avenue,E01019208,Carlisle 012A,Public order,Unable to prosecute suspect,
7d855efd3eff6ae1f4b94c1f33e72b61185d7b71a708f42f986ee965374abebb,2021-07,Cumbria Constabulary,Cumbria Constabulary,-2.933380,54.878589,On or near Currock Park Avenue,E01019208,Carlisle 012A,Public order,Unable to prosecute suspect,
4793af9f95d054dc847a1ba4771705af8e09a117dc298048ba7761f8ba3453ee,2021-07,Cumbria Constabulary,Cumbria Constabulary,-2.935785,54.876773,On or near Marina Crescent,E01019208,Carlisle 012A,Public order,Unable to prosecute suspect,
9de30d41a6d544d7ae7805bc49e0ef43eac5e680c2317357c65b5718cdd5ab97,2021-07,Cumbria Constabulary,Cumbria Constabulary,-2.937123,54.879342,On or near Lund Crescent,E01019208,Carlisle 012A,Public order,Unable to prosecute suspect,
bf70fc5227e8b988b66b9469478897370d4c3e19273024349f9450f185c44bf4,2021-07,Cumbria Constabulary,Cumbria Constabulary,-2.934831,54.877292,On or near Jubilee Road,E01019208,Carlisle 012A,Violence and sexual offences,Local resolution,
2382deffb5c5b43f27240738ae0be3b059fbae509997fbb0d5852a8a271c0fb3,2021-07,Cumbria Constabulary,Cumbria Constabulary,-2.934831,54.877292,On or near Jubilee Road,E01019208,Carlisle 012A,Violence and sexual offences,Local resolution,
1bd2f64f4ae62cfc60016b96679179f8d0f4cb965bdf0fde233d3262ab8a76fc,2021-07,Cumbria Constabulary,Cumbria Constabulary,-2.933380,54.878589,On or near Currock Park Avenue,E01019208,Carlisle 012A,Violence and sexual offences,Status update unavailable,
07dd683212cb20a2798da3566aefff170de94596306ad3e97f667d8303197895,2021-07,Cumbria Constabulary,Cumbria Constabulary,-2.933380,54.878589,On or near Currock Park Avenue,E01019208,Carlisle 012A,Violence and sexual offences,Status update unavailable,
51667a36ba229b7bfbcb39988604d216fe8f9ebc5131acf77ee50866f0472458,2021-07,Cumbria Constabulary,Cumbria Constabulary,-2.933380,54.878589,On or near Currock Park Avenue,E01019208,Carlisle 012A,Violence and sexual offences,Status update unavailable,
4bdf1414f09fa712528310ef8cc4b17b9540406f1fbc89cba2a290797447aab7,2021-07,Cumbria Constabulary,Cumbria Constabulary,-2.932216,54.878121,On or near Blackwell Road,E01019208,Carlisle 012A,Violence and sexual offences,Unable to prosecute suspect,
a0be15fe55504d90e77bf13d80abe03c5bd717cc68c9e7e6053616f52977cb01,2021-07,Cumbria Constabulary,Cumbria Constabulary,-2.933380,54.878589,On or near Currock Park Avenue,E01019208,Carlisle 012A,Violence and sexual offences,Court result unavailable,
3f96050928c24868743941538343e3496c09fc293a0e0d9f262b5863bfca19cf,2021-07,Cumbria Constabulary,Cumbria Constabulary,-2.933380,54.878589,On or near Currock Park Avenue,E01019208,Carlisle 012A,Violence and sexual offences,Unable to prosecute suspect,
ff23a97d3371d2700df4d4e436c047b801e7f7ecc7de64b8d7d2ae0d7b530fec,2021-07,Cumbria Constabulary,Cumbria Constabulary,-2.933380,54.878589,On or near Currock Park Avenue,E01019208,Carlisle 012A,Violence and sexual offences,Unable to prosecute suspect,
52a312175cb02ad106075d7f03117dfa025fec6ad69ef84c58e6ce5638da6cac,2021-07,Cumbria Constabulary,Cumbria Constabulary,-2.933380,54.878589,On or near Currock Park Avenue,E01019208,Carlisle 012A,Violence and sexual offences,Unable to prosecute suspect,
067bb4945f62762bb41c1f76a5e5c543877b31761218118393d95b66b63638a8,2021-07,Cumbria Constabulary,Cumbria Constabulary,-2.937123,54.879342,On or near Lund Crescent,E01019208,Carlisle 012A,Violence and sexual offences,Unable to prosecute suspect,
24d398dfc4f32bee79e0b7983b1cea48aa03746f71ad723b345f57921d8c9714,2021-07,Cumbria Constabulary,Cumbria Constabulary,-2.937123,54.879342,On or near Lund Crescent,E01019208,Carlisle 012A,Violence and sexual offences,Unable to prosecute suspect,
8f0d513e83796c4faef7a7292ff644497f2d4df75e3a36f8f2153951682b42ec,2021-07,Cumbria Constabulary,Cumbria Constabulary,-2.937123,54.879342,On or near Lund Crescent,E01019208,Carlisle 012A,Violence and sexual offences,Unable to prosecute suspect,
d460824f9075e7145af755dd2884fa046192283aaeca4f30510c99f832c34af0,2021-07,Cumbria Constabulary,Cumbria Constabulary,-2.937123,54.879342,On or near Lund Crescent,E01019208,Carlisle 012A,Violence and sexual offences,Unable to prosecute suspect,
40b9bd53a15a2c4746ccf362171322dc0ab4a8d617a872253922bcecb666d676,2021-07,Cumbria Constabulary,Cumbria Constabulary,-2.935785,54.876773,On or near Marina Crescent,E01019208,Carlisle 012A,Violence and sexual offences,Unable to prosecute suspect,
,2021-07,Cumbria Constabulary,Cumbria Constabulary,-2.930000,54.875263,On or near Mount Pleasant Road,E01019210,Carlisle 012B,Anti-social behaviour,,
,2021-07,Cumbria Constabulary,Cumbria Constabulary,-2.932946,54.871933,On or near Durdar Road,E01019210,Carlisle 012B,Anti-social behaviour,,
,2021-07,Cumbria Constabulary,Cumbria Constabulary,-2.931110,54.878822,On or near Boston Avenue,E01019210,Carlisle 012B,Anti-social behaviour,,
9aa0b7892a01319d8707bee8761884c5f6294717a1a5edfe32b50f9e4f69fe62,2021-07,Cumbria Constabulary,Cumbria Constabulary,-2.929865,54.874176,On or near Henderson Road,E01019210,Carlisle 012B,Criminal damage and arson,Investigation complete; no suspect identified,
e0f054291b9f64935b35a465baee3161dcf6e227b890ae5b01cf7446f585b0da,2021-07,Cumbria Constabulary,Cumbria Constabulary,-2.933227,54.876002,On or near Currock Mount,E01019210,Carlisle 012B,Criminal damage and arson,Investigation complete; no suspect identified,
3851cf3169eb4a2a0ecac1a18069dab09331ed258dd0f51cfb5173e20df4b3cd,2021-07,Cumbria Constabulary,Cumbria Constabulary,-2.933227,54.876002,On or near Currock Mount,E01019210,Carlisle 012B,Criminal damage and arson,Investigation complete; no suspect identified,
b6e29cbd71bcb22ac0280091d8ccaf89a63316f19caee6d20128c8464e3da789,2021-07,Cumbria Constabulary,Cumbria Constabulary,-2.932946,54.871933,On or near Durdar Road,E01019210,Carlisle 012B,Public order,Unable to prosecute suspect,
dcd88f3d6fcf0d19e4bffae54548ec6eac87c4caad707443ddac756ac148917f,2021-07,Cumbria Constabulary,Cumbria Constabulary,-2.929593,54.876542,On or near Leabourne Road,E01019210,Carlisle 012B,Violence and sexual offences,Unable to prosecute suspect,
a22238e551a4f5103da642c0d4b2032a9be75f1b1f54cda7586a1b68bde75b2a,2021-07,Cumbria Constabulary,Cumbria Constabulary,-2.929865,54.874176,On or near Henderson Road,E01019210,Carlisle 012B,Violence and sexual offences,Unable to prosecute suspect,
025fb14593ff73287b570a437d1340eb45a2df81a32026a5c8988da8a7e22cb8,2021-07,Cumbria Constabulary,Cumbria Constabulary,-2.930000,54.875263,On or near Mount Pleasant Road,E01019210,Carlisle 012B,Violence and sexual offences,Unable to prosecute suspect,
f0f2dad548fbf9064a426393022071ba974a4acfaba617503e4cf1a129467330,2021-07,Cumbria Constabulary,Cumbria Constabulary,-2.929865,54.874176,On or near Henderson Road,E01019210,Carlisle 012B,Violence and sexual offences,Unable to prosecute suspect,
6afe644a2d3e11febd867489feeac850d8a19dce5cbe5281a114647260fa94b2,2021-07,Cumbria Constabulary,Cumbria Constabulary,-2.929593,54.876542,On or near Leabourne Road,E01019210,Carlisle 012B,Violence and sexual offences,Unable to prosecute suspect,
5345bde9d25d2570f79483cb063afeead6fcaae3217ca2605e66ddef1165d16b,2021-07,Cumbria Constabulary,Cumbria Constabulary,-2.929388,54.877828,On or near Ridley Road,E01019210,Carlisle 012B,Violence and sexual offences,Further action is not in the public interest,
8f203d02890ff28fa7da69d1e84186d5c7fb080ce22cdaa81f49e2fabadd9b47,2021-07,Cumbria Constabulary,Cumbria Constabulary,-2.929865,54.874176,On or near Henderson Road,E01019210,Carlisle 012B,Violence and sexual offences,Further investigation is not in the public interest,
a4599c73083413e2a9bcea27a4c7426c07e5b9ef8560512f65cf1ac90d2133e7,2021-07,Cumbria Constabulary,Cumbria Constabulary,-2.932946,54.871933,On or near Durdar Road,E01019210,Carlisle 012B,Violence and sexual offences,Unable to prosecute suspect,
a41e57d99780d398a9da56e24dcf144cc2625cb1b32966a171e075ed38f98cce,2021-07,Cumbria Constabulary,Cumbria Constabulary,-2.929593,54.876542,On or near Leabourne Road,E01019210,Carlisle 012B,Other crime,Unable to prosecute suspect,
1f32e314982268d56a47615ebeac2d22680b936ad0b6947c30d68db13bf7a8dd,2021-07,Cumbria Constabulary,Cumbria Constabulary,-2.928846,54.877302,On or near Buchanan Place,E01019210,Carlisle 012B,Other crime,Awaiting court outcome,
1293b67c49ac2aed87de1b398bcbf4598477ed755b7a06d9b47e14ad0578d19e,2021-07,Cumbria Constabulary,Cumbria Constabulary,-2.921854,54.872089,On or near Scaleby Close,E01019246,Carlisle 012C,Other theft,Investigation complete; no suspect identified,
c86ffce83d171eac5e866d3e0418c582575af5e50080facb23c132c2443e50da,2021-07,Cumbria Constabulary,Cumbria Constabulary,-2.922707,54.869836,On or near Tarnside,E01019246,Carlisle 012C,Other theft,Unable to prosecute suspect,
083b61469aac9c890ca2cd9f30fa2ad270222a26cbf49e78a3e2301380393667,2021-07,Cumbria Constabulary,Cumbria Constabulary,-2.921854,54.872089,On or near Scaleby Close,E01019246,Carlisle 012C,Violence and sexual offences,Unable to prosecute suspect,
b217f61e72199c66ee0911dec5a855a7799201fe6e794315ddd4ed9c05984318,2021-07,Cumbria Constabulary,Cumbria Constabulary,-2.922707,54.869836,On or near Tarnside,E01019246,Carlisle 012C,Violence and sexual offences,Unable to prosecute suspect,
dd7b3ee26363bef0d555ad8537e699c87b6cd2c0555bf81d657a0099dcf83bd8,2021-07,Cumbria Constabulary,Cumbria Constabulary,-2.922066,54.869068,On or near Oaklands Drive,E01019246,Carlisle 012C,Violence and sexual offences,Unable to prosecute suspect,
3f2c71214b5bb3630c2137aedc69ef87a2dcf28c42df58a06df3b4179f36bdd3,2021-07,Cumbria Constabulary,Cumbria Constabulary,-2.922066,54.869068,On or near Oaklands Drive,E01019246,Carlisle 012C,Violence and sexual offences,Further investigation is not in the public interest,
90766f66747a93dbfc905bddd638c0ccf1e477fa41301348867ba54a054a51d6,2021-07,Cumbria Constabulary,Cumbria Constabulary,-2.922707,54.869836,On or near Tarnside,E01019246,Carlisle 012C,Violence and sexual offences,Unable to prosecute suspect,
,2021-07,Cumbria Constabulary,Cumbria Constabulary,-2.916108,54.870219,On or near Cammock Road,E01019247,Carlisle 012D,Anti-social behaviour,,
70ad55f4f555aedf47ab0187e2ed41a10a324a0d0950b68515d9cd12b22a36ef,2021-07,Cumbria Constabulary,Cumbria Constabulary,-2.919169,54.873907,On or near Hugh Little Garth,E01019247,Carlisle 012D,Burglary,Offender given a caution,
9a8c14a298004c1219fe31bcd25658477c1ded26a3e75914645e07866a9bcd5f,2021-07,Cumbria Constabulary,Cumbria Constabulary,-2.919169,54.873907,On or near Hugh Little Garth,E01019247,Carlisle 012D,Burglary,Offender given a caution,
8e941cec84cafbbaee89dad763f2be679537f5d7249b1c39f01efef8a0b987ee,2021-07,Cumbria Constabulary,Cumbria Constabulary,-2.919908,54.872859,On or near Upperby Court,E01019247,Carlisle 012D,Criminal damage and arson,Investigation complete; no suspect identified,
8859113501176324e94798c0ca1714f7fdae582e5c771d2d24936a708c7733af,2021-07,Cumbria Constabulary,Cumbria Constabulary,-2.909609,54.874986,On or near Petteril Bank Road,E01019247,Carlisle 012D,Criminal damage and arson,Unable to prosecute suspect,
43b8154f1ba81ddc451d906401a809457822f2a77f99c0a4a5ef0732ad32fbaa,2021-07,Cumbria Constabulary,Cumbria Constabulary,-2.909609,54.874986,On or near Petteril Bank Road,E01019247,Carlisle 012D,Criminal damage and arson,Unable to prosecute suspect,
7c102b420d43a46d039c18ce0fca3435dd41c3314e2560419f4bd4ebb1fdd51a,2021-07,Cumbria Constabulary,Cumbria Constabulary,-2.909609,54.874986,On or near Petteril Bank Road,E01019247,Carlisle 012D,Other theft,Unable to prosecute suspect,
12a2a6eb96073ede31101d52d3671f92fd1047769f9db51e7d9d5bfa698d0eb9,2021-07,Cumbria Constabulary,Cumbria Constabulary,-2.909609,54.874986,On or near Petteril Bank Road,E01019247,Carlisle 012D,Other theft,Further investigation is not in the public interest,
0fcc48eebe606b253d31ecead8452b51075412e944b63b324aaa883c17045468,2021-07,Cumbria Constabulary,Cumbria Constabulary,-2.909086,54.873911,On or near Gillford Crescent,E01019247,Carlisle 012D,Public order,Unable to prosecute suspect,
3c57b4962f0014243a542e8bf6bc9d35ff5e680ab0fedcfe53f0694ece71ed3f,2021-07,Cumbria Constabulary,Cumbria Constabulary,-2.909609,54.874986,On or near Petteril Bank Road,E01019247,Carlisle 012D,Public order,Awaiting court outcome,
41819e2f9b18e68d26144cecbd260e9f4331ed7c6baac606cc4d25f8dfc5dc47,2021-07,Cumbria Constabulary,Cumbria Constabulary,-2.922067,54.872546,On or near Greengarth,E01019247,Carlisle 012D,Vehicle crime,Investigation complete; no suspect identified,
5a7ba79eb143d7c225277d02f29227343abfa9e435a79fb1bff6b887b6c60e3b,2021-07,Cumbria Constabulary,Cumbria Constabulary,-2.917080,54.873878,On or near Manor Place,E01019247,Carlisle 012D,Violence and sexual offences,Unable to prosecute suspect,
f7b791019b77ce9d0e7a2766ea9cb57e8386c206d6500454c8854087df155d94,2021-07,Cumbria Constabulary,Cumbria Constabulary,-2.917080,54.873878,On or near Manor Place,E01019247,Carlisle 012D,Violence and sexual offences,Unable to prosecute suspect,
8889df2fe8cbc2a99ec70e59531a5ed4bf3c05d6ffb2407d9964b4d20a68eb69,2021-07,Cumbria Constabulary,Cumbria Constabulary,-2.917080,54.873878,On or near Manor Place,E01019247,Carlisle 012D,Violence and sexual offences,Unable to prosecute suspect,
8b172539ceb2854667855c43534cc12f28c34f83b316c13e8b1a1935249efc84,2021-07,Cumbria Constabulary,Cumbria Constabulary,-2.917521,54.872715,On or near St Ninian'S Avenue,E01019247,Carlisle 012D,Violence and sexual offences,Unable to prosecute suspect,
635aeac4bb8cc457042db2af59b5494b3ca2ee5f64335188905006fde3dc3e49,2021-07,Cumbria Constabulary,Cumbria Constabulary,-2.917080,54.873878,On or near Manor Place,E01019247,Carlisle 012D,Violence and sexual offences,Unable to prosecute suspect,
41862d0c11df6eab40db7e2986b75fe1f71f2e05517f39705383ee3e792723db,2021-07,Cumbria Constabulary,Cumbria Constabulary,-2.909086,54.873911,On or near Gillford Crescent,E01019247,Carlisle 012D,Violence and sexual offences,Unable to prosecute suspect,
b8512aa1300c0c70464c79345387d0dba86b9dfd8b23523aad3d6ed2d165287c,2021-07,Cumbria Constabulary,Cumbria Constabulary,-2.909086,54.873911,On or near Gillford Crescent,E01019247,Carlisle 012D,Violence and sexual offences,Court result unavailable,
2e69f5ef36e3cab57c9889ec612153375281318b69d2903540405fe2a95da92a,2021-07,Cumbria Constabulary,Cumbria Constabulary,-2.909609,54.874986,On or near Petteril Bank Road,E01019247,Carlisle 012D,Violence and sexual offences,Court result unavailable,
,2021-07,Cumbria Constabulary,Cumbria Constabulary,-2.928285,54.872544,On or near Park/Open Space,E01019248,Carlisle 012E,Anti-social behaviour,,
,2021-07,Cumbria Constabulary,Cumbria Constabulary,-2.925823,54.877325,On or near Newlands Road,E01019248,Carlisle 012E,Anti-social behaviour,,
,2021-07,Cumbria Constabulary,Cumbria Constabulary,-2.928285,54.872544,On or near Park/Open Space,E01019248,Carlisle 012E,Anti-social behaviour,,
,2021-07,Cumbria Constabulary,Cumbria Constabulary,-2.928285,54.872544,On or near Park/Open Space,E01019248,Carlisle 012E,Anti-social behaviour,,
,2021-07,Cumbria Constabulary,Cumbria Constabulary,-2.926724,54.875144,On or near Buchanan Road,E01019248,Carlisle 012E,Anti-social behaviour,,
,2021-07,Cumbria Constabulary,Cumbria Constabulary,-2.928285,54.872544,On or near Park/Open Space,E01019248,Carlisle 012E,Anti-social behaviour,,
,2021-07,Cumbria Constabulary,Cumbria Constabulary,-2.928285,54.872544,On or near Park/Open Space,E01019248,Carlisle 012E,Anti-social behaviour,,
,2021-07,Cumbria Constabulary,Cumbria Constabulary,-2.928285,54.872544,On or near Park/Open Space,E01019248,Carlisle 012E,Anti-social behaviour,,
aebdbb1918a687b88b8a675d33c9d530e55c29821ac606721de55b495853a38c,2021-07,Cumbria Constabulary,Cumbria Constabulary,-2.921838,54.876826,On or near Cant Crescent,E01019248,Carlisle 012E,Criminal damage and arson,Investigation complete; no suspect identified,
64d4547786205a832b89f2174de5f45539a359af70bce91d6022f1972813930e,2021-07,Cumbria Constabulary,Cumbria Constabulary,-2.928377,54.874493,On or near Henderson Road,E01019248,Carlisle 012E,Drugs,Awaiting court outcome,
1b4ed91c7b5aa131f1d6194a2a799158468b163467ca128229d6f9d353175cad,2021-07,Cumbria Constabulary,Cumbria Constabulary,-2.928285,54.872544,On or near Park/Open Space,E01019248,Carlisle 012E,Other theft,Unable to prosecute suspect,
a07ed240388b446894fe4d205d9c3106b124090ef9cc594056f30e3470d6cb19,2021-07,Cumbria Constabulary,Cumbria Constabulary,-2.925823,54.877325,On or near Newlands Road,E01019248,Carlisle 012E,Other theft,Investigation complete; no suspect identified,
754b3118e3b96c520c0956c558686a2cf57cd7eecf450b0c471fd73979a51079,2021-07,Cumbria Constabulary,Cumbria Constabulary,-2.928285,54.872544,On or near Park/Open Space,E01019248,Carlisle 012E,Public order,Investigation complete; no suspect identified,
e47556b9850eb0c5d0481df746f4c237cab2fc9f9350de254536185002a008c0,2021-07,Cumbria Constabulary,Cumbria Constabulary,-2.921838,54.876826,On or near Cant Crescent,E01019248,Carlisle 012E,Public order,Unable to prosecute suspect,
e538dceaffd2292d12da3eff9d145e0e880df23eebcfab0288c32a09ef7b3bb7,2021-07,Cumbria Constabulary,Cumbria Constabulary,-2.921838,54.876826,On or near Cant Crescent,E01019248,Carlisle 012E,Vehicle crime,Unable to prosecute suspect,
c4a96925baf608c0c9e3b308975ca164771b31bbaf62f563f3c5e7ada83308ae,2021-07,Cumbria Constabulary,Cumbria Constabulary,-2.921838,54.876826,On or near Cant Crescent,E01019248,Carlisle 012E,Violence and sexual offences,Unable to prosecute suspect,
1a7947bc1ce883ff0b6929e7be8d59b12bdf46d658815c0493267cc290fa6571,2021-07,Cumbria Constabulary,Cumbria Constabulary,-2.921838,54.876826,On or near Cant Crescent,E01019248,Carlisle 012E,Violence and sexual offences,Court result unavailable,
643a7a81255f3098c3c5ff68aa5932b33fbdb10596dcb5d521c0fb6a0e3c9888,2021-07,Cumbria Constabulary,Cumbria Constabulary,-2.921838,54.876826,On or near Cant Crescent,E01019248,Carlisle 012E,Violence and sexual offences,Unable to prosecute suspect,
8662cfb8c0407175066d6b1590d93057c86ffcfad6d267896af156570368d55f,2021-07,Cumbria Constabulary,Cumbria Constabulary,-2.928285,54.872544,On or near Park/Open Space,E01019248,Carlisle 012E,Violence and sexual offences,Investigation complete; no suspect identified,
9e8e7bdaa2ea15780c10f0c776c7b22a6f1bdb1d15364069989b62bf53f3e966,2021-07,Cumbria Constabulary,Cumbria Constabulary,-2.985241,54.824555,On or near B5299,E01019212,Carlisle 013A,Burglary,Investigation complete; no suspect identified,
36f4cf2be043c233d5a3c986c957f73639af682f8989547b6063a88a82a6efac,2021-07,Cumbria Constabulary,Cumbria Constabulary,-2.979519,54.831844,On or near The Forge,E01019212,Carlisle 013A,Criminal damage and arson,Local resolution,
86dd6992dae54525fc3a92b8101ebcde0d0fb92064707d793b72097a6983dcc1,2021-07,Cumbria Constabulary,Cumbria Constabulary,-2.985035,54.840993,On or near Parking Area,E01019212,Carlisle 013A,Public order,Investigation complete; no suspect identified,
936c1de450bf1c460aa6710f7c82be04b19f89e6db03ce739d881b0d1d330496,2021-07,Cumbria Constabulary,Cumbria Constabulary,-2.980861,54.832642,On or near Bishop'S Mill,E01019212,Carlisle 013A,Violence and sexual offences,Local resolution,
14e5a65a538f65646b850efc7cbe64574f355cd5a2ae936e73d21cd857c25b37,2021-07,Cumbria Constabulary,Cumbria Constabulary,-2.981799,54.833435,On or near Walk Mill,E01019212,Carlisle 013A,Violence and sexual offences,Further investigation is not in the public interest,
e279bf8326fcf209085e3d8b7ee3e090076db038683640a557ab3442e671e2fc,2021-07,Cumbria Constabulary,Cumbria Constabulary,-2.983949,54.836688,On or near The Green,E01019212,Carlisle 013A,Violence and sexual offences,Unable to prosecute suspect,
330ce50547317547a3d4b226728d430a2cad15269fa0cfca2957774f768c9eb6,2021-07,Cumbria Constabulary,Cumbria Constabulary,-2.979519,54.831844,On or near The Forge,E01019212,Carlisle 013A,Violence and sexual offences,Local resolution,
d3f81203104b19f8bf5522fd156d0f269c352b8eff65de065a21ee53bc456170,2021-07,Cumbria Constabulary,Cumbria Constabulary,-2.980861,54.832642,On or near Bishop'S Mill,E01019212,Carlisle 013A,Violence and sexual offences,Local resolution,
,2021-07,Cumbria Constabulary,Cumbria Constabulary,-2.895432,54.869600,On or near Carleton Road,E01019213,Carlisle 013B,Anti-social behaviour,,
,2021-07,Cumbria Constabulary,Cumbria Constabulary,-2.885532,54.877896,On or near Pennine View,E01019213,Carlisle 013B,Anti-social behaviour,,
,2021-07,Cumbria Constabulary,Cumbria Constabulary,-2.887829,54.878166,On or near Valley Drive,E01019213,Carlisle 013B,Anti-social behaviour,,
,2021-07,Cumbria Constabulary,Cumbria Constabulary,-2.901694,54.873005,On or near Sports/Recreation Area,E01019213,Carlisle 013B,Anti-social behaviour,,
,2021-07,Cumbria Constabulary,Cumbria Constabulary,-2.895432,54.869600,On or near Carleton Road,E01019213,Carlisle 013B,Anti-social behaviour,,
a959659f01ce4300d57e55848bb6391ad2159bd33f0c06e169429a580443e8e9,2021-07,Cumbria Constabulary,Cumbria Constabulary,-2.886781,54.875154,On or near Twickenham Court,E01019213,Carlisle 013B,Burglary,Investigation complete; no suspect identified,
2199715433a67bc01df8bdb1e9caf2097bbdc0f9c40f4604acf614ad8fcc5468,2021-07,Cumbria Constabulary,Cumbria Constabulary,-2.882671,54.833279,On or near Sports/Recreation Area,E01019213,Carlisle 013B,Burglary,Investigation complete; no suspect identified,
b0e20f23a8670097c89bbca705e432dd76976e08576e145aede53d3e699a8fe4,2021-07,Cumbria Constabulary,Cumbria Constabulary,-2.891504,54.875902,On or near Garlands Road,E01019213,Carlisle 013B,Criminal damage and arson,Investigation complete; no suspect identified,
47ae913d77d5813b2d6eea603cf26787ef524efc5912e530c902e07813dfcd9a,2021-07,Cumbria Constabulary,Cumbria Constabulary,-2.879428,54.832332,On or near Wreay Gardens,E01019213,Carlisle 013B,Criminal damage and arson,Unable to prosecute suspect,
3d3c486d2268b37b8ca96f1a12f54122af7774a8d53d5178fa3d3c0c26d05766,2021-07,Cumbria Constabulary,Cumbria Constabulary,-2.886781,54.875154,On or near Twickenham Court,E01019213,Carlisle 013B,Criminal damage and arson,Unable to prosecute suspect,
e69f0901250fe6747343872861b3b0b3fa8795887ad759e97dfa51bc1f75d1ef,2021-07,Cumbria Constabulary,Cumbria Constabulary,-2.879428,54.832332,On or near Wreay Gardens,E01019213,Carlisle 013B,Criminal damage and arson,Unable to prosecute suspect,
a6e7af12f3f673bbd041c08a00f4a7160ed7fad5620f3af730c3ef02c23dea92,2021-07,Cumbria Constabulary,Cumbria Constabulary,-2.886781,54.875154,On or near Twickenham Court,E01019213,Carlisle 013B,Criminal damage and arson,Unable to prosecute suspect,
75735d29d8c2ffdcbfc1671dec0b4f47affdfc48dbf714538e601077afb55ba9,2021-07,Cumbria Constabulary,Cumbria Constabulary,-2.920549,54.868154,On or near Scalegate Road,E01019213,Carlisle 013B,Criminal damage and arson,Unable to prosecute suspect,
c487b5a87cd6eb7aeb032279c56978942bad70f0c502755232a72190658c791d,2021-07,Cumbria Constabulary,Cumbria Constabulary,-2.875083,54.857428,On or near Petrol Station,E01019213,Carlisle 013B,Drugs,Court result unavailable,
24bde25540c3bca4320b4e1ce3dd6a79b72921289ab1f22180b857bb654d7275,2021-07,Cumbria Constabulary,Cumbria Constabulary,-2.882671,54.833279,On or near Sports/Recreation Area,E01019213,Carlisle 013B,Other theft,Investigation complete; no suspect identified,
02909577c15d93ee063340b7ed7706c6c9cc3006eac151a7597c1abb5ec9b658,2021-07,Cumbria Constabulary,Cumbria Constabulary,-2.935845,54.868576,On or near Lowry Street,E01019213,Carlisle 013B,Public order,Local resolution,
7fbede09d125f08ac409244fa3f3f1c12f54f98c79722e48c9628efffec5b231,2021-07,Cumbria Constabulary,Cumbria Constabulary,-2.895432,54.869600,On or near Carleton Road,E01019213,Carlisle 013B,Public order,Unable to prosecute suspect,
dbb66c3b5fd11965c49177ea2af90012c16e44eb2123416b7f9ab2841f0ac513,2021-07,Cumbria Constabulary,Cumbria Constabulary,-2.895432,54.869600,On or near Carleton Road,E01019213,Carlisle 013B,Public order,Investigation complete; no suspect identified,
ed88d57c240ed72545f1acdae78941ae00d4dbef9744b7ab57c50b318dd81559,2021-07,Cumbria Constabulary,Cumbria Constabulary,-2.875083,54.857428,On or near Petrol Station,E01019213,Carlisle 013B,Public order,Investigation complete; no suspect identified,
013085378905b93f857bc11b598d8a57d860a19903c5d15e881314f7864fd7ff,2021-07,Cumbria Constabulary,Cumbria Constabulary,-2.879428,54.832332,On or near Wreay Gardens,E01019213,Carlisle 013B,Vehicle crime,Investigation complete; no suspect identified,
112941bc158388a52b1115f72013df147077a493d4f3e30ffcffe0294652a597,2021-07,Cumbria Constabulary,Cumbria Constabulary,-2.886781,54.875154,On or near Twickenham Court,E01019213,Carlisle 013B,Violence and sexual offences,Unable to prosecute suspect,
b5b4b67807c0c1c21248daaf3adaa27140b2ec5e43c5b31c2433adbfb9ab6ba4,2021-07,Cumbria Constabulary,Cumbria Constabulary,-2.885262,54.876235,On or near Cherry Lane,E01019213,Carlisle 013B,Violence and sexual offences,Unable to prosecute suspect,
fe9805167c263e96693c58f3f1f4fd4bb43bbd725015d2d54b091e534f4953b2,2021-07,Cumbria Constabulary,Cumbria Constabulary,-2.920549,54.868154,On or near Scalegate Road,E01019213,Carlisle 013B,Violence and sexual offences,Unable to prosecute suspect,
588f3dbf9e09d9fd9ab4c29ed557b3fe494ae2bb964c7afad79b23ec8f44580d,2021-07,Cumbria Constabulary,Cumbria Constabulary,-2.886781,54.875154,On or near Twickenham Court,E01019213,Carlisle 013B,Violence and sexual offences,Unable to prosecute suspect,
3b7128c2018a96948c60912f6845222791be7ab1a601ecdc9766030e9d9998e9,2021-07,Cumbria Constabulary,Cumbria Constabulary,-2.886781,54.875154,On or near Twickenham Court,E01019213,Carlisle 013B,Violence and sexual offences,Unable to prosecute suspect,
62ade6b59a424082b7262acbc4488f4d88c92fd7b8f8d811681129d4901b8eb3,2021-07,Cumbria Constabulary,Cumbria Constabulary,-2.927686,54.870886,On or near Sports/Recreation Area,E01019213,Carlisle 013B,Violence and sexual offences,Action to be taken by another organisation,
4989f1c3ea2b42a98f8c5539bf93566a867d725b04b74d8a5dbe373c278686b7,2021-07,Cumbria Constabulary,Cumbria Constabulary,-2.886781,54.875154,On or near Twickenham Court,E01019213,Carlisle 013B,Violence and sexual offences,Unable to prosecute suspect,
7972106ea1e30d82bd88f3af58e8418d7a7c26276620fb59bb0bbc994324c90c,2021-07,Cumbria Constabulary,Cumbria Constabulary,-2.895432,54.869600,On or near Carleton Road,E01019213,Carlisle 013B,Violence and sexual offences,Unable to prosecute suspect,
db65699aae0deaf345d144d538b62e1e48718227dc949a266dfc72b0c73b2c74,2021-07,Cumbria Constabulary,Cumbria Constabulary,-2.920549,54.868154,On or near Scalegate Road,E01019213,Carlisle 013B,Violence and sexual offences,Unable to prosecute suspect,
42f48d43377bf5655adefd6700e46ab0af0178d3892116f4abfddde5f996f061,2021-07,Cumbria Constabulary,Cumbria Constabulary,-2.920549,54.868154,On or near Scalegate Road,E01019213,Carlisle 013B,Violence and sexual offences,Unable to prosecute suspect,
c32147e33651c8cf064b6e0b37905538dff58d814d4cd1db559aa17123b0bd39,2021-07,Cumbria Constabulary,Cumbria Constabulary,-2.920549,54.868154,On or near Scalegate Road,E01019213,Carlisle 013B,Violence and sexual offences,Unable to prosecute suspect,
2281d681522c4498184d7b5f904b26915cf3c104b34b6843b54a99ae4a1fe743,2021-07,Cumbria Constabulary,Cumbria Constabulary,-2.920549,54.868154,On or near Scalegate Road,E01019213,Carlisle 013B,Violence and sexual offences,Unable to prosecute suspect,
2dcd836bfa0b0da1d3a8551f55db9653d8c8166dcd70065a8b142a0f7aadd014,2021-07,Cumbria Constabulary,Cumbria Constabulary,-2.886781,54.875154,On or near Twickenham Court,E01019213,Carlisle 013B,Violence and sexual offences,Unable to prosecute suspect,
ba0a617251916ebdb2f898663a30272d8edd0ce0192b6a2ce5aef7b2de0565f6,2021-07,Cumbria Constabulary,Cumbria Constabulary,-2.886781,54.875154,On or near Twickenham Court,E01019213,Carlisle 013B,Violence and sexual offences,Unable to prosecute suspect,
4451707a63071f093611f402d06a5db4431e146391f1f519869daa711ce3eb1c,2021-07,Cumbria Constabulary,Cumbria Constabulary,-2.886781,54.875154,On or near Twickenham Court,E01019213,Carlisle 013B,Violence and sexual offences,Unable to prosecute suspect,
93dfbc94d12cbfb7b0943748eb1f0eefbd969572cca8c6ac4623c537d480e34e,2021-07,Cumbria Constabulary,Cumbria Constabulary,-2.886781,54.875154,On or near Twickenham Court,E01019213,Carlisle 013B,Violence and sexual offences,Unable to prosecute suspect,
73d252322dda2db9bb027ad8060ed756699f6510c5ab2bfd6c553a5d4286ca13,2021-07,Cumbria Constabulary,Cumbria Constabulary,-2.886781,54.875154,On or near Twickenham Court,E01019213,Carlisle 013B,Violence and sexual offences,Unable to prosecute suspect,
b12361b7198ce40f9a8e6c94dde1e0c978c6dc977402ea24be4b151b66c37abe,2021-07,Cumbria Constabulary,Cumbria Constabulary,-2.885262,54.876235,On or near Cherry Lane,E01019213,Carlisle 013B,Violence and sexual offences,Unable to prosecute suspect,
32690af66c6b6ebdf6030f04dcfc05712f0e13e69b426c12869b23beffbf8273,2021-07,Cumbria Constabulary,Cumbria Constabulary,-2.886781,54.875154,On or near Twickenham Court,E01019213,Carlisle 013B,Violence and sexual offences,Unable to prosecute suspect,
2adc2c33c7505f2867aa732756464e43a227ca77929b7070feab6d1198da4c84,2021-07,Cumbria Constabulary,Cumbria Constabulary,-2.885262,54.876235,On or near Cherry Lane,E01019213,Carlisle 013B,Violence and sexual offences,Unable to prosecute suspect,
,2021-07,Cumbria Constabulary,Cumbria Constabulary,-2.979198,54.861045,On or near Sowerby Wood Road,E01019214,Carlisle 013C,Anti-social behaviour,,
c78e3af1220c24812c6d6965248af74af07e81d55912509a560d51d161fd3aa6,2021-07,Cumbria Constabulary,Cumbria Constabulary,-2.987041,54.882361,On or near Orton Road,E01019214,Carlisle 013C,Criminal damage and arson,Investigation complete; no suspect identified,
cef5845439d5f5c38eb669eebe51c397f166aa12814105bd978c3d9839c778ea,2021-07,Cumbria Constabulary,Cumbria Constabulary,-2.983100,54.845952,On or near Caldew Drive,E01019214,Carlisle 013C,Criminal damage and arson,Investigation complete; no suspect identified,
de1f38f4991699ed657e9756cc5d262275ec4bf89975e8e2823c0a68c24b11a5,2021-07,Cumbria Constabulary,Cumbria Constabulary,-2.982802,54.845217,On or near Bus/Coach Station,E01019214,Carlisle 013C,Possession of weapons,Further action is not in the public interest,
63899557c9a5ae6d176f51eace30cf22342f71c2c22c6bba0aafecc6367f0702,2021-07,Cumbria Constabulary,Cumbria Constabulary,-2.982802,54.845217,On or near Bus/Coach Station,E01019214,Carlisle 013C,Public order,Unable to prosecute suspect,
b40b5dac2a08001a5a80cfbdf6d49d50d56e72461a8e99fff5f212b8ea6fb947,2021-07,Cumbria Constabulary,Cumbria Constabulary,-3.005989,54.860188,On or near A595,E01019214,Carlisle 013C,Shoplifting,Court result unavailable,
d2b88c2e228261ce50c535d9e1e750bc4929409bbfdf136142f7ecfaff79d2a3,2021-07,Cumbria Constabulary,Cumbria Constabulary,-2.964994,54.869696,On or near Dalston Road,E01019214,Carlisle 013C,Violence and sexual offences,Unable to prosecute suspect,
,2021-07,Cumbria Constabulary,Cumbria Constabulary,-2.895417,54.871730,On or near Farbrow Road,E01019223,Carlisle 013D,Anti-social behaviour,,
e0e4e8154fa47e011d09aa7cfecd84a268ede916e7d0739a8fb8c8eb671fef57,2021-07,Cumbria Constabulary,Cumbria Constabulary,-2.902504,54.873655,On or near Police Station,E01019223,Carlisle 013D,Burglary,Investigation complete; no suspect identified,
00f731d396ed0ab3a3d815cfd18d1fc2c8a3f65eeaf843fd85a0ac678149f84b,2021-07,Cumbria Constabulary,Cumbria Constabulary,-2.905155,54.875136,On or near Welsh Road,E01019223,Carlisle 013D,Public order,Unable to prosecute suspect,
bcda0e70bacbd44e74706031161dcce4c882bd7cd45d0f12084652bf7a149426,2021-07,Cumbria Constabulary,Cumbria Constabulary,-2.897942,54.872448,On or near Mallyclose Drive,E01019223,Carlisle 013D,Violence and sexual offences,Unable to prosecute suspect,
cf7fe5bd012bf5f068048e12b7d373b3c0952bfe8fd803e3c635a8e95e39f950,2021-07,Cumbria Constabulary,Cumbria Constabulary,-2.902080,54.875626,On or near Highwood Crescent,E01019223,Carlisle 013D,Violence and sexual offences,Unable to prosecute suspect,
a0fe1e8d5a0316cdddaef9cc5ec9a982fa689bc1f0941cc1b9b6f272c804cbd3,2021-07,Cumbria Constabulary,Cumbria Constabulary,-2.898426,54.874611,On or near Hopes Hill Drive,E01019223,Carlisle 013D,Other crime,Unable to prosecute suspect,
,2021-07,Cumbria Constabulary,Cumbria Constabulary,-2.970485,54.883546,On or near Suttle Close,E01019253,Carlisle 013E,Anti-social behaviour,,
51381fe2add80b4f82a1006ce0e8dced0b3c9b2403d87d09819545a4ba95af2d,2021-07,Cumbria Constabulary,Cumbria Constabulary,-2.975756,54.880403,On or near Helvellyn Rise,E01019253,Carlisle 013E,Criminal damage and arson,Investigation complete; no suspect identified,
a4af401cfe91c2b8a4ff52feee4e411ed9c8bb4762e779049671dc9814d48a93,2021-07,Cumbria Constabulary,Cumbria Constabulary,-2.973728,54.884230,On or near Queensway,E01019253,Carlisle 013E,Criminal damage and arson,Investigation complete; no suspect identified,
8ac15b401908f2e37a853cd1b3ba2f20182e7ff58ff9c7ce9cf1dfe467e6109f,2021-07,Cumbria Constabulary,Cumbria Constabulary,-2.969341,54.885227,On or near Ness Way,E01019253,Carlisle 013E,Public order,Unable to prosecute suspect,
a87b860d9d8c8d3f9af15a48109800711f695df72e57174b5554f19ff07a9e53,2021-07,Cumbria Constabulary,Cumbria Constabulary,-2.969341,54.885227,On or near Ness Way,E01019253,Carlisle 013E,Public order,Unable to prosecute suspect,
cb76dfe47aeeca133005f30bbe4942c5155a7295ebbbe091b1ccae2b826b8606,2021-07,Cumbria Constabulary,Cumbria Constabulary,-2.978293,54.884122,On or near Hebden Avenue,E01019253,Carlisle 013E,Violence and sexual offences,Unable to prosecute suspect,
53c26ab09d668fbadf9317aebae7a54a740cee6417c96bfd63098351c66e9951,2021-07,Cumbria Constabulary,Cumbria Constabulary,-2.975756,54.880403,On or near Helvellyn Rise,E01019253,Carlisle 013E,Violence and sexual offences,Unable to prosecute suspect,
064050e24774cd16916545001b5d1e992a93f728558f528226012b3297b949cf,2021-07,Cumbria Constabulary,Cumbria Constabulary,-2.980109,54.885716,On or near Railton Gardens,E01019253,Carlisle 013E,Violence and sexual offences,Unable to prosecute suspect,
b7e3b677e583f9cd92b8b86e728f1bd7dffe28e1930973360af4fe466a6ed6ca,2021-07,Cumbria Constabulary,Cumbria Constabulary,-2.975756,54.880403,On or near Helvellyn Rise,E01019253,Carlisle 013E,Violence and sexual offences,Unable to prosecute suspect,
36982d62447f2f27f8b9e6ac113155d973824d38983fa645659a56a08263e8a7,2021-07,Cumbria Constabulary,Cumbria Constabulary,-2.975756,54.880403,On or near Helvellyn Rise,E01019253,Carlisle 013E,Violence and sexual offences,Unable to prosecute suspect,
,2021-07,Cumbria Constabulary,Cumbria Constabulary,-3.539242,54.595602,On or near Parking Area,E01019268,Copeland 001A,Anti-social behaviour,,
02e17c541a6ecc3811701f406db25c90b3251ea84e60e195d18f59257bc90224,2021-07,Cumbria Constabulary,Cumbria Constabulary,-3.503059,54.594088,On or near The Avenue,E01019268,Copeland 001A,Violence and sexual offences,Unable to prosecute suspect,
f55609651541f224b0524f190bc284dd1826b6d3250be5b41563e4fd4b694074,2021-07,Cumbria Constabulary,Cumbria Constabulary,-3.541319,54.588717,On or near Belle Vue Crescent,E01019268,Copeland 001A,Violence and sexual offences,Further action is not in the public interest,
,2021-07,Cumbria Constabulary,Cumbria Constabulary,-3.537926,54.600517,On or near Rectory Place,E01019269,Copeland 001B,Anti-social behaviour,,
,2021-07,Cumbria Constabulary,Cumbria Constabulary,-3.544868,54.594982,On or near West View Road,E01019269,Copeland 001B,Anti-social behaviour,,
,2021-07,Cumbria Constabulary,Cumbria Constabulary,-3.544244,54.593210,On or near Barnghyll Place,E01019269,Copeland 001B,Anti-social behaviour,,
8e1f79fff61efdb5c4ae207c66579b452bb7e444a28da059b697aa1876fbc79b,2021-07,Cumbria Constabulary,Cumbria Constabulary,-3.544868,54.594982,On or near West View Road,E01019269,Copeland 001B,Criminal damage and arson,Investigation complete; no suspect identified,
dafc07846365e43e501cd064229d0d719c2a2f3aac9db8c1c09f282a1cd61fee,2021-07,Cumbria Constabulary,Cumbria Constabulary,-3.544868,54.594982,On or near West View Road,E01019269,Copeland 001B,Criminal damage and arson,Investigation complete; no suspect identified,
51d2680bcdab4aea499ddf40bf18b0850bb4b1b61f0209f26fc65a27bf7bb4d9,2021-07,Cumbria Constabulary,Cumbria Constabulary,-3.537288,54.598790,On or near Glebe Lane,E01019269,Copeland 001B,Violence and sexual offences,Unable to prosecute suspect,
1302531ddc27fda2e24a8febd02fea4e233da3a26b2dbb683e209d081a35b515,2021-07,Cumbria Constabulary,Cumbria Constabulary,-3.544244,54.593210,On or near Barnghyll Place,E01019269,Copeland 001B,Violence and sexual offences,Unable to prosecute suspect,
a6f72d1ff5ea0234b9d784bb9d340085cc86dedfc373d8998315c17a89acae47,2021-07,Cumbria Constabulary,Cumbria Constabulary,-3.537288,54.598790,On or near Glebe Lane,E01019269,Copeland 001B,Violence and sexual offences,Unable to prosecute suspect,
cca482d3d796f031ea2cbc65b1da381deec1d747f5f65194606fb014f302c84f,2021-07,Cumbria Constabulary,Cumbria Constabulary,-3.544244,54.593210,On or near Barnghyll Place,E01019269,Copeland 001B,Violence and sexual offences,Unable to prosecute suspect,
,2021-07,Cumbria Constabulary,Cumbria Constabulary,-3.576806,54.570680,On or near Brewery Brow,E01019270,Copeland 001C,Anti-social behaviour,,
37d6abccc9025a4dbb60e60465779b16e3de5cbffe2217c33496b5a2fcdefb4d,2021-07,Cumbria Constabulary,Cumbria Constabulary,-3.581650,54.569943,On or near Pedestrian Subway,E01019270,Copeland 001C,Public order,Unable to prosecute suspect,
4bf8fc1b7696a49d03d0343d935b7c22d49ac32122b3621ed1816bae05fff8d4,2021-07,Cumbria Constabulary,Cumbria Constabulary,-3.583029,54.568801,On or near Pedestrian Subway,E01019270,Copeland 001C,Public order,Investigation complete; no suspect identified,
6777266110da193eed36dda6d408b4c425ef362774d04466b6c160b6606ac2da,2021-07,Cumbria Constabulary,Cumbria Constabulary,-3.580290,54.565574,On or near Screel View,E01019270,Copeland 001C,Public order,Unable to prosecute suspect,
2568218fbd7e6abc56ebabf513351f4908f7f3d256c3304f7645496e1e569a32,2021-07,Cumbria Constabulary,Cumbria Constabulary,-3.576806,54.570680,On or near Brewery Brow,E01019270,Copeland 001C,Violence and sexual offences,Unable to prosecute suspect,
9fb46a54b565e3027c234caa13347a82865f32d15d0aaa2974fe212e1325bb3f,2021-07,Cumbria Constabulary,Cumbria Constabulary,-3.577943,54.568095,On or near Ramsey Drive,E01019270,Copeland 001C,Violence and sexual offences,Court result unavailable,
ca6edf557c793e95b34f72ccfcfd9cecb8aceb6d3eee27e52dd902bffb166d9c,2021-07,Cumbria Constabulary,Cumbria Constabulary,-3.577943,54.568095,On or near Ramsey Drive,E01019270,Copeland 001C,Violence and sexual offences,Unable to prosecute suspect,
b44d6266ff609859233ecddd440a97d19257c4d42d1b950a37cde59504177657,2021-07,Cumbria Constabulary,Cumbria Constabulary,-3.551498,54.559691,On or near Moresby Parks Road,E01019297,Copeland 001D,Criminal damage and arson,Unable to prosecute suspect,
ea3e12de0e1727eac051a5b745a531876779bc86496a6d16078ab4c477caf0f6,2021-07,Cumbria Constabulary,Cumbria Constabulary,-3.551498,54.559691,On or near Moresby Parks Road,E01019297,Copeland 001D,Criminal damage and arson,Court result unavailable,
c808605dc5705daafd39173a562d1276529aaee783e21b43530c544c084b81ee,2021-07,Cumbria Constabulary,Cumbria Constabulary,-3.552063,54.561140,On or near Winston Terrace,E01019297,Copeland 001D,Violence and sexual offences,Unable to prosecute suspect,
8afe2ad926189767cb9dc7534101290d47196693e0c00c7ded672914a879a962,2021-07,Cumbria Constabulary,Cumbria Constabulary,-3.551498,54.559691,On or near Moresby Parks Road,E01019297,Copeland 001D,Violence and sexual offences,Court result unavailable,
fc99731072ce1b75dd4f4d3d46748946b28004d126d38f0cedfbabe3706d2021,2021-07,Cumbria Constabulary,Cumbria Constabulary,-3.551498,54.559691,On or near Moresby Parks Road,E01019297,Copeland 001D,Violence and sexual offences,Court result unavailable,
721bdd8c67b62425264565f443b3adc0d368a006035f69b91ce0a66284736c14,2021-07,Cumbria Constabulary,Cumbria Constabulary,-3.549115,54.558850,On or near Solway Road,E01019297,Copeland 001D,Violence and sexual offences,Status update unavailable,
,2021-07,Cumbria Constabulary,Cumbria Constabulary,-3.581987,54.559863,On or near Haig Avenue,E01019260,Copeland 002A,Anti-social behaviour,,
9a513a36c238a90a1ca3803b752c4e8a02f1e0959364febde53c4a5fac3a84a8,2021-07,Cumbria Constabulary,Cumbria Constabulary,-3.584819,54.553543,On or near Commodore Street,E01019260,Copeland 002A,Criminal damage and arson,Investigation complete; no suspect identified,
8ea2a0a91abfe615520f3d725b7af96dc9e34496765a915180bcfe1d8a2849f6,2021-07,Cumbria Constabulary,Cumbria Constabulary,-3.587025,54.551420,On or near Bransty Row,E01019260,Copeland 002A,Drugs,Unable to prosecute suspect,
8b3ae5109fcd0306c0c75bc60f361be27abaad0910324014e7dd5cf1d1b1ede5,2021-07,Cumbria Constabulary,Cumbria Constabulary,-3.580659,54.560329,On or near Brayton Road,E01019260,Copeland 002A,Drugs,Court result unavailable,
dd060fd86c2441b5045791e441118368ec9b53ad8d7653a22066b56781454be4,2021-07,Cumbria Constabulary,Cumbria Constabulary,-3.580659,54.560329,On or near Brayton Road,E01019260,Copeland 002A,Drugs,Court result unavailable,
42e2d1143d1024670241aed1826d0f98371fed3feecc03dabb8d894865e8ff23,2021-07,Cumbria Constabulary,Cumbria Constabulary,-3.582646,54.558119,On or near Beatty Road,E01019260,Copeland 002A,Other theft,Further investigation is not in the public interest,
16b8885ac5c793f96af8920e868de45c3bc3ed70a37491cfa4d9b238a180ab3f,2021-07,Cumbria Constabulary,Cumbria Constabulary,-3.587903,54.552909,On or near Supermarket,E01019260,Copeland 002A,Shoplifting,Court result unavailable,
6a95cb3b25b99c5755c6f2f2f4b7c065b3a7d5a09d918ff918c2dbe093a27e8a,2021-07,Cumbria Constabulary,Cumbria Constabulary,-3.587903,54.552909,On or near Supermarket,E01019260,Copeland 002A,Shoplifting,Investigation complete; no suspect identified,
93565584dd2d780bcbd9351ee8c8407e525fd9671b40e7184153c03b2006ae2a,2021-07,Cumbria Constabulary,Cumbria Constabulary,-3.587903,54.552909,On or near Supermarket,E01019260,Copeland 002A,Shoplifting,Local resolution,
5bb205888f23928185924799560f6922b640554bdfea039c28e5c79ead16b78c,2021-07,Cumbria Constabulary,Cumbria Constabulary,-3.587903,54.552909,On or near Supermarket,E01019260,Copeland 002A,Shoplifting,Further investigation is not in the public interest,
0f237b6e6e873612e393dc9f1760764a83de76f7243a01c98163e34e25b87672,2021-07,Cumbria Constabulary,Cumbria Constabulary,-3.587025,54.551420,On or near Bransty Row,E01019260,Copeland 002A,Violence and sexual offences,Unable to prosecute suspect,
6cbdaeb332d4b16310beafc4d6e309cef80646f31c1427993c95b5fb0bc9f22d,2021-07,Cumbria Constabulary,Cumbria Constabulary,-3.587025,54.551420,On or near Bransty Row,E01019260,Copeland 002A,Violence and sexual offences,Unable to prosecute suspect,
ca67d888c4021a373e6b2292124c19e2e54228aa94d63de4a46c690af20c8db3,2021-07,Cumbria Constabulary,Cumbria Constabulary,-3.587903,54.552909,On or near Supermarket,E01019260,Copeland 002A,Violence and sexual offences,Unable to prosecute suspect,
1a7c1407aef7dca46465577bee59014a299bfc638ef5c6e33bf543af78f0b2f1,2021-07,Cumbria Constabulary,Cumbria Constabulary,-3.587025,54.551420,On or near Bransty Row,E01019260,Copeland 002A,Violence and sexual offences,Unable to prosecute suspect,
8fdb28143141b1bdb032b2435650d30266a207f0562e4c72241d6b6fd8b71814,2021-07,Cumbria Constabulary,Cumbria Constabulary,-3.587903,54.552909,On or near Supermarket,E01019260,Copeland 002A,Violence and sexual offences,Local resolution,
07cfa5cdc0314c40e950668bc1e96a556d776a844c995d1ae66e04e4f8bded48,2021-07,Cumbria Constabulary,Cumbria Constabulary,-3.580659,54.560329,On or near Brayton Road,E01019260,Copeland 002A,Violence and sexual offences,Unable to prosecute suspect,
ab3f858bec9e58198679ef8cbce8bb6ed17307fadf98548af92d153d573b789a,2021-07,Cumbria Constabulary,Cumbria Constabulary,-3.584741,54.552726,On or near Henry Street,E01019260,Copeland 002A,Violence and sexual offences,Unable to prosecute suspect,
,2021-07,Cumbria Constabulary,Cumbria Constabulary,-3.588122,54.550192,On or near Williamson Lane,E01019280,Copeland 002B,Anti-social behaviour,,
,2021-07,Cumbria Constabulary,Cumbria Constabulary,-3.584785,54.548268,On or near Duke Street,E01019280,Copeland 002B,Anti-social behaviour,,
,2021-07,Cumbria Constabulary,Cumbria Constabulary,-3.591036,54.547206,On or near Market Place,E01019280,Copeland 002B,Anti-social behaviour,,
,2021-07,Cumbria Constabulary,Cumbria Constabulary,-3.586689,54.550337,On or near George Street,E01019280,Copeland 002B,Anti-social behaviour,,
,2021-07,Cumbria Constabulary,Cumbria Constabulary,-3.588107,54.547838,On or near Shopping Area,E01019280,Copeland 002B,Anti-social behaviour,,
,2021-07,Cumbria Constabulary,Cumbria Constabulary,-3.587711,54.546791,On or near Carter Lane,E01019280,Copeland 002B,Anti-social behaviour,,
,2021-07,Cumbria Constabulary,Cumbria Constabulary,-3.583687,54.548264,On or near Michael Street,E01019280,Copeland 002B,Anti-social behaviour,,
,2021-07,Cumbria Constabulary,Cumbria Constabulary,-3.583840,54.550617,On or near High Street,E01019280,Copeland 002B,Anti-social behaviour,,
,2021-07,Cumbria Constabulary,Cumbria Constabulary,-3.588122,54.550192,On or near Williamson Lane,E01019280,Copeland 002B,Anti-social behaviour,,
,2021-07,Cumbria Constabulary,Cumbria Constabulary,-3.587326,54.550409,On or near Gregg'S Lane,E01019280,Copeland 002B,Anti-social behaviour,,
,2021-07,Cumbria Constabulary,Cumbria Constabulary,-3.583687,54.548264,On or near Michael Street,E01019280,Copeland 002B,Anti-social behaviour,,
,2021-07,Cumbria Constabulary,Cumbria Constabulary,-3.588107,54.547838,On or near Shopping Area,E01019280,Copeland 002B,Anti-social behaviour,,
,2021-07,Cumbria Constabulary,Cumbria Constabulary,-3.588196,54.548133,On or near Church Street,E01019280,Copeland 002B,Anti-social behaviour,,
,2021-07,Cumbria Constabulary,Cumbria Constabulary,-3.584461,54.549090,On or near George Street,E01019280,Copeland 002B,Anti-social behaviour,,
,2021-07,Cumbria Constabulary,Cumbria Constabulary,-3.591036,54.547206,On or near Market Place,E01019280,Copeland 002B,Anti-social behaviour,,
e7dacba7f71962e41a5f692adc5f07b115b320a3b08e390c945e0880d90049d7,2021-07,Cumbria Constabulary,Cumbria Constabulary,-3.588122,54.550192,On or near Williamson Lane,E01019280,Copeland 002B,Bicycle theft,Investigation complete; no suspect identified,
b7c103ccf1ff05ceb1ae82909730e10786eb839218185f5dbdcaa1612d61e0c2,2021-07,Cumbria Constabulary,Cumbria Constabulary,-3.584461,54.549090,On or near George Street,E01019280,Copeland 002B,Burglary,Unable to prosecute suspect,
ec3d6039cc04d86e84e18bfc85a9f7afbbca86dad5ebbb25cfde683cf2735696,2021-07,Cumbria Constabulary,Cumbria Constabulary,-3.588196,54.548133,On or near Church Street,E01019280,Copeland 002B,Criminal damage and arson,Further action is not in the public interest,
fb956650c11395a05c219361b5093d866164f1f84e809c857a10a2f8d83398d8,2021-07,Cumbria Constabulary,Cumbria Constabulary,-3.584461,54.549090,On or near George Street,E01019280,Copeland 002B,Criminal damage and arson,Unable to prosecute suspect,
2a1f3f0e52c491e72d2a861b6bb580d042a5e6e0319f926a965471ecd5a90656,2021-07,Cumbria Constabulary,Cumbria Constabulary,-3.588717,54.546805,On or near Roper Street,E01019280,Copeland 002B,Criminal damage and arson,Investigation complete; no suspect identified,
bbde7b86750ed6f28b95e8fd8712bd87ff37b775c610ef453707b5e24298bd4f,2021-07,Cumbria Constabulary,Cumbria Constabulary,-3.586654,54.549016,On or near Duke Street,E01019280,Copeland 002B,Criminal damage and arson,Investigation complete; no suspect identified,
659fe99b5b34a4e888164a64a399d950aa6cdc321f2ffbf0d3a3a5c5ba70508d,2021-07,Cumbria Constabulary,Cumbria Constabulary,-3.592227,54.548026,On or near Hamilton Lane,E01019280,Copeland 002B,Criminal damage and arson,Unable to prosecute suspect,
bfe6e05e1ab3c172de7218eeeebe2e2da37c9559ba76d4289fddd7afb34f7ff8,2021-07,Cumbria Constabulary,Cumbria Constabulary,-3.588256,54.548465,On or near Addison Street,E01019280,Copeland 002B,Drugs,Court result unavailable,
f08d4be42fac0ff7880d65579dca6545ab1e4c5d1027750909bae284f95369ee,2021-07,Cumbria Constabulary,Cumbria Constabulary,-3.588271,54.548851,On or near New Street,E01019280,Copeland 002B,Other theft,Unable to prosecute suspect,
7b9460cce43312ad9fce50a12aa73ac9dce781959c08f4d6193d968f5ee9786e,2021-07,Cumbria Constabulary,Cumbria Constabulary,-3.586886,54.548240,On or near Queen Street,E01019280,Copeland 002B,Public order,Local resolution,
1ea0623adeee39a574a3c239eacf3eb1b1fc86253fe571280e7654811c472392,2021-07,Cumbria Constabulary,Cumbria Constabulary,-3.587711,54.546791,On or near Carter Lane,E01019280,Copeland 002B,Public order,Unable to prosecute suspect,
fd4919cd3df61429468e977eb0d7b815bb4b1be8df65f440071fea9105aa30a4,2021-07,Cumbria Constabulary,Cumbria Constabulary,-3.584257,54.549416,On or near Windmill Brow,E01019280,Copeland 002B,Public order,Unable to prosecute suspect,
a6d551ad4653afbf2581752a592f70675c224916098807fd873180964e1b8ec0,2021-07,Cumbria Constabulary,Cumbria Constabulary,-3.587568,54.549858,On or near Hicks Lane,E01019280,Copeland 002B,Public order,Unable to prosecute suspect,
87a7ca3f7a61d6d1b0416362501c3f786ba08bb269a774853ef8e1fb01bb3af2,2021-07,Cumbria Constabulary,Cumbria Constabulary,-3.588196,54.548133,On or near Church Street,E01019280,Copeland 002B,Public order,Investigation complete; no suspect identified,
534497698e7b323b804a1be9b1e070a0fa77b016978a8739911401eff7158e97,2021-07,Cumbria Constabulary,Cumbria Constabulary,-3.588717,54.546805,On or near Roper Street,E01019280,Copeland 002B,Public order,Further investigation is not in the public interest,
abd6f28c3128701f2be42eede0e1866af235f9830e9074daf5e36c690bfbc43d,2021-07,Cumbria Constabulary,Cumbria Constabulary,-3.584785,54.548268,On or near Duke Street,E01019280,Copeland 002B,Public order,Unable to prosecute suspect,
b9ad2027a611b669f983dc217ae2eaa7b976446974d0466d0f99b3aaec5937ab,2021-07,Cumbria Constabulary,Cumbria Constabulary,-3.588122,54.550192,On or near Williamson Lane,E01019280,Copeland 002B,Public order,Local resolution,
66924d23b748a77c0b329645f3e55b8c2a425a9339bcdc5202a1f2b4eb58b4ce,2021-07,Cumbria Constabulary,Cumbria Constabulary,-3.590366,54.548266,On or near Strand Street,E01019280,Copeland 002B,Shoplifting,Investigation complete; no suspect identified,
ed19562288473ef65efd9239b1b637ccdf6df1b66d117ac2cc29569ef2201dc3,2021-07,Cumbria Constabulary,Cumbria Constabulary,-3.585784,54.546133,On or near Catherine Street,E01019280,Copeland 002B,Vehicle crime,Status update unavailable,
0f5538b6e77e1d3d94664294838800ef805b604c4b32df12c3730779bed65e9c,2021-07,Cumbria Constabulary,Cumbria Constabulary,-3.588107,54.547838,On or near Shopping Area,E01019280,Copeland 002B,Violence and sexual offences,Unable to prosecute suspect,
feaca0b024b8341b2fd8a56f85026426cdfb8257c83f23b0cab65e6074985983,2021-07,Cumbria Constabulary,Cumbria Constabulary,-3.588107,54.547838,On or near Shopping Area,E01019280,Copeland 002B,Violence and sexual offences,Awaiting court outcome,
d1f0059134e165616ea5bcdcefbffab0c5ecb2dfb2dc905a204ade250d85a03f,2021-07,Cumbria Constabulary,Cumbria Constabulary,-3.587159,54.549693,On or near Senhouse Street,E01019280,Copeland 002B,Violence and sexual offences,Court result unavailable,
1724e60ec145f5530745384c5e2c281eedd540578e4ff3604c9a29bdb872fc94,2021-07,Cumbria Constabulary,Cumbria Constabulary,-3.587159,54.549693,On or near Senhouse Street,E01019280,Copeland 002B,Violence and sexual offences,Court result unavailable,
1e8f6c0fb406a3cb90f1e2387628f1774cdd0778562a2b6e5239face1bf3f504,2021-07,Cumbria Constabulary,Cumbria Constabulary,-3.589227,54.549198,On or near Strand Street,E01019280,Copeland 002B,Violence and sexual offences,Investigation complete; no suspect identified,
580fd942c1c42334d26f02352dbfdd9771c3100bed137a60e7fad21d91a9487e,2021-07,Cumbria Constabulary,Cumbria Constabulary,-3.586654,54.549016,On or near Duke Street,E01019280,Copeland 002B,Violence and sexual offences,Unable to prosecute suspect,
fe32fb2e211fb2882d48e25fcf3c0ec9706f44a73d390be8b5e10bb64f158c9a,2021-07,Cumbria Constabulary,Cumbria Constabulary,-3.588271,54.548851,On or near New Street,E01019280,Copeland 002B,Violence and sexual offences,Unable to prosecute suspect,
08b492bdc7f8f47f19e7228996e6dab0b6025a5ec53bbe81c77fe71e45f2ab5f,2021-07,Cumbria Constabulary,Cumbria Constabulary,-3.588256,54.548465,On or near Addison Street,E01019280,Copeland 002B,Violence and sexual offences,Investigation complete; no suspect identified,
2cf498c475fd4e5066826adfe73dd1ae082b9ccd2e7df7dde48a3948a69dc299,2021-07,Cumbria Constabulary,Cumbria Constabulary,-3.584785,54.548268,On or near Duke Street,E01019280,Copeland 002B,Violence and sexual offences,Unable to prosecute suspect,
4aa669c94eee3e0511534d568db33231ad380a92852e7f2170ebde4118a9a3c5,2021-07,Cumbria Constabulary,Cumbria Constabulary,-3.589544,54.547810,On or near Chapel Street,E01019280,Copeland 002B,Violence and sexual offences,Unable to prosecute suspect,
aabc4a247ddee647b2f1c9e13fb26a26b902765f8c21ca2bb19ee9424719f41a,2021-07,Cumbria Constabulary,Cumbria Constabulary,-3.583687,54.548264,On or near Michael Street,E01019280,Copeland 002B,Violence and sexual offences,Unable to prosecute suspect,
c62d262d0557026270d032751dc0afe00aac537d21532af409d3747ef95a478b,2021-07,Cumbria Constabulary,Cumbria Constabulary,-3.583687,54.548264,On or near Michael Street,E01019280,Copeland 002B,Violence and sexual offences,Unable to prosecute suspect,
f370609df0c9fd80c5b7079af5b74e13fc23c0d30c76c9e259f8e65d622e5af3,2021-07,Cumbria Constabulary,Cumbria Constabulary,-3.592227,54.548026,On or near Hamilton Lane,E01019280,Copeland 002B,Violence and sexual offences,Unable to prosecute suspect,
562ecf8f05e3978dbe7776c6919b7bd439b9cf175470526fa7360bca7f5c94b9,2021-07,Cumbria Constabulary,Cumbria Constabulary,-3.589544,54.547810,On or near Chapel Street,E01019280,Copeland 002B,Violence and sexual offences,Unable to prosecute suspect,
e1527c99ffba7a95d723c37ba9a987ee6b52068ebdd3c165e20a7616ec2f76ba,2021-07,Cumbria Constabulary,Cumbria Constabulary,-3.588717,54.546805,On or near Roper Street,E01019280,Copeland 002B,Violence and sexual offences,Further investigation is not in the public interest,
f82cb90bfbbd5700e27ce64523d820f68414ca5a1c47b4d3bb7e513a3b9b96ec,2021-07,Cumbria Constabulary,Cumbria Constabulary,-3.585784,54.546133,On or near Catherine Street,E01019280,Copeland 002B,Violence and sexual offences,Court result unavailable,
3dbd8a6bf6dec08d1099ed7031a415ad94853a17fa1aa984f22d45cfdcc1279e,2021-07,Cumbria Constabulary,Cumbria Constabulary,-3.584785,54.548268,On or near Duke Street,E01019280,Copeland 002B,Violence and sexual offences,Unable to prosecute suspect,
827064a4dc81d0746194bc883023de0440fcddff589e0bb893b3d168714ac365,2021-07,Cumbria Constabulary,Cumbria Constabulary,-3.588603,54.545863,On or near Parking Area,E01019280,Copeland 002B,Violence and sexual offences,Unable to prosecute suspect,
414e0fd5884f1b91c2be89f862a9225f80e2740181523f9e491172b1b6878219,2021-07,Cumbria Constabulary,Cumbria Constabulary,-3.588122,54.550192,On or near Williamson Lane,E01019280,Copeland 002B,Violence and sexual offences,Local resolution,
0f64c703b3307666a37f063b2caf143fe2070e31564a54013eaaba9a19692e11,2021-07,Cumbria Constabulary,Cumbria Constabulary,-3.592227,54.548026,On or near Hamilton Lane,E01019280,Copeland 002B,Violence and sexual offences,Court result unavailable,
dab31437ef3fc9e3eea984803f9ad8f4b59316c28b8f1ae5af091aa779b45953,2021-07,Cumbria Constabulary,Cumbria Constabulary,-3.588107,54.547838,On or near Shopping Area,E01019280,Copeland 002B,Violence and sexual offences,Awaiting court outcome,
a792874d56be3d17546b8878c1a8c3dac5362c56f1978d856a33a8146aa42970,2021-07,Cumbria Constabulary,Cumbria Constabulary,-3.588107,54.547838,On or near Shopping Area,E01019280,Copeland 002B,Violence and sexual offences,Awaiting court outcome,
,2021-07,Cumbria Constabulary,Cumbria Constabulary,-3.587894,54.545135,On or near Catherine Mews,E01019281,Copeland 002C,Anti-social behaviour,,
,2021-07,Cumbria Constabulary,Cumbria Constabulary,-3.585145,54.545998,On or near Supermarket,E01019281,Copeland 002C,Anti-social behaviour,,
,2021-07,Cumbria Constabulary,Cumbria Constabulary,-3.585145,54.545998,On or near Supermarket,E01019281,Copeland 002C,Anti-social behaviour,,
7bf2eb5cc957b9ee2074db1270fb1a786dfab525547f082d3c38881ca32d56ab,2021-07,Cumbria Constabulary,Cumbria Constabulary,-3.583865,54.547282,On or near Temple Terrace,E01019281,Copeland 002C,Criminal damage and arson,Investigation complete; no suspect identified,
d142f6b509b50bc26d3d24e9f2d23ef930d38c08ed4f1945115a0265a73222d5,2021-07,Cumbria Constabulary,Cumbria Constabulary,-3.584068,54.544942,On or near Petrol Station,E01019281,Copeland 002C,Criminal damage and arson,Investigation complete; no suspect identified,
64bc83cf689b0020239de669d4cbec0a3b465d00844952fcf26844781ee86d39,2021-07,Cumbria Constabulary,Cumbria Constabulary,-3.589599,54.544843,On or near Richmond Terrace,E01019281,Copeland 002C,Drugs,Further investigation is not in the public interest,
cd749f46327f434bc1885fb3157285d8f2820a0f2e16dd05ca0c8e82cb0a005b,2021-07,Cumbria Constabulary,Cumbria Constabulary,-3.585145,54.545998,On or near Supermarket,E01019281,Copeland 002C,Other theft,Court result unavailable,
eaaa7e4d34d586254fb865192c66ee1bcf4ac863b825608f59c4605599cd1c78,2021-07,Cumbria Constabulary,Cumbria Constabulary,-3.585145,54.545998,On or near Supermarket,E01019281,Copeland 002C,Other theft,Unable to prosecute suspect,
836460d76b403a3a83f19b1e8dcc5e4b9eaa92735bcca51fc31151f9568aa855,2021-07,Cumbria Constabulary,Cumbria Constabulary,-3.585145,54.545998,On or near Supermarket,E01019281,Copeland 002C,Public order,Unable to prosecute suspect,
5796764d34e326ff4e975da923531f82be1c74089f27d487b42189afc67a2a88,2021-07,Cumbria Constabulary,Cumbria Constabulary,-3.584068,54.544942,On or near Petrol Station,E01019281,Copeland 002C,Public order,Court result unavailable,
e3edbb27eeeee1b1c42591126bd2d92fbae6e3b914b73cba301c5ecbe471b090,2021-07,Cumbria Constabulary,Cumbria Constabulary,-3.582330,54.542772,On or near Station Road,E01019281,Copeland 002C,Public order,Unable to prosecute suspect,
fbf67145087871bd8616920f5b3564920553c4974d7600e921cd87b7e1171a06,2021-07,Cumbria Constabulary,Cumbria Constabulary,-3.589983,54.545584,On or near Howgill Street,E01019281,Copeland 002C,Public order,Investigation complete; no suspect identified,
6e9d36b1f9735cf30f98cc1c99e357331d380d36b287722e57dfe7a29f42dd46,2021-07,Cumbria Constabulary,Cumbria Constabulary,-3.585145,54.545998,On or near Supermarket,E01019281,Copeland 002C,Public order,Unable to prosecute suspect,
4053b65e5e179299a3c2a52c84c3133d98395213570acc09b2bf3281085d1602,2021-07,Cumbria Constabulary,Cumbria Constabulary,-3.585145,54.545998,On or near Supermarket,E01019281,Copeland 002C,Shoplifting,Unable to prosecute suspect,
bcf2d5c33da1f5d520c6da9b46e18b8e504c78d3eb16c75a43c14e64336bccbf,2021-07,Cumbria Constabulary,Cumbria Constabulary,-3.583598,54.544778,On or near Flatt Walks,E01019281,Copeland 002C,Shoplifting,Local resolution,
44ce72485e938d6093f87b4a483919a9c53deed44d832d03c833d32b58a9e6f1,2021-07,Cumbria Constabulary,Cumbria Constabulary,-3.585145,54.545998,On or near Supermarket,E01019281,Copeland 002C,Shoplifting,Investigation complete; no suspect identified,
061d738daa5fcae04051ddf7fa323bf3de0772ffc820bdbd55d909038c055499,2021-07,Cumbria Constabulary,Cumbria Constabulary,-3.584068,54.544942,On or near Petrol Station,E01019281,Copeland 002C,Shoplifting,Awaiting court outcome,
0dc038e3d8c000f4378090cda0bfa08adbf111ed382ded70898ce2825dd16d31,2021-07,Cumbria Constabulary,Cumbria Constabulary,-3.584068,54.544942,On or near Petrol Station,E01019281,Copeland 002C,Shoplifting,Court result unavailable,
c258f75f21a2f1492ca504fb6a4ab3181782cf6a127ebcb2a7c71e62d9b51a22,2021-07,Cumbria Constabulary,Cumbria Constabulary,-3.589599,54.544843,On or near Richmond Terrace,E01019281,Copeland 002C,Shoplifting,Investigation complete; no suspect identified,
7c8b64d52cd75e64f63e9f57a8dc1d4f148010b1ea54c50380680a5984b6c192,2021-07,Cumbria Constabulary,Cumbria Constabulary,-3.589599,54.544843,On or near Richmond Terrace,E01019281,Copeland 002C,Shoplifting,Unable to prosecute suspect,
99186e804de927272a4ddb20fe5ece92edec33085ee7259953a18b6f7a848e98,2021-07,Cumbria Constabulary,Cumbria Constabulary,-3.585145,54.545998,On or near Supermarket,E01019281,Copeland 002C,Shoplifting,Awaiting court outcome,
1342109a39e3c6c294629f76b01e384bce5997d5efcb3bef744db9381f2cb291,2021-07,Cumbria Constabulary,Cumbria Constabulary,-3.585145,54.545998,On or near Supermarket,E01019281,Copeland 002C,Shoplifting,Local resolution,
2b3eaec2234d87fd754d6f9c7848a98b72b1a91da78dad4d68affdb27d54434b,2021-07,Cumbria Constabulary,Cumbria Constabulary,-3.584068,54.544942,On or near Petrol Station,E01019281,Copeland 002C,Shoplifting,Local resolution,
b8ee21f2b62e7e58db61c1be680900113d6ac1cdbf5869f2b4ee041dfb4243e4,2021-07,Cumbria Constabulary,Cumbria Constabulary,-3.589599,54.544843,On or near Richmond Terrace,E01019281,Copeland 002C,Theft from the person,Unable to prosecute suspect,
ec3d164fe52a7d7a9acdf43e8f32a3d1c2eee199fce0d00b749d7bee5caccc7f,2021-07,Cumbria Constabulary,Cumbria Constabulary,-3.589983,54.545584,On or near Howgill Street,E01019281,Copeland 002C,Violence and sexual offences,Unable to prosecute suspect,
ef0a90b291053881e8732bf70f7e0d2a95c2b86b3d69035add58ce010790e44c,2021-07,Cumbria Constabulary,Cumbria Constabulary,-3.582330,54.542772,On or near Station Road,E01019281,Copeland 002C,Violence and sexual offences,Unable to prosecute suspect,
435dff01d137a0b862f0065612032777d5a46e026ea3c09d5f90c4a7bf40ae83,2021-07,Cumbria Constabulary,Cumbria Constabulary,-3.583598,54.544778,On or near Flatt Walks,E01019281,Copeland 002C,Violence and sexual offences,Investigation complete; no suspect identified,
1901e7d4d62dfb5e6b8499745894409eb84ca30ffc284cc599cc50e7a61d74fd,2021-07,Cumbria Constabulary,Cumbria Constabulary,-3.583935,54.542697,On or near Coach Road,E01019281,Copeland 002C,Violence and sexual offences,Unable to prosecute suspect,
52ce128befbb887754be7cc931096c23436f3998c154c55eb5e6b91a00f4d0f4,2021-07,Cumbria Constabulary,Cumbria Constabulary,-3.585145,54.545998,On or near Supermarket,E01019281,Copeland 002C,Violence and sexual offences,Unable to prosecute suspect,
,2021-07,Cumbria Constabulary,Cumbria Constabulary,-3.576113,54.536301,On or near Whinlatter Road,E01019282,Copeland 002D,Anti-social behaviour,,
f286f9d980405538f1757b7e18209ecb98605a877492976e0d7a40ef5174c556,2021-07,Cumbria Constabulary,Cumbria Constabulary,-3.576464,54.538588,On or near Maple Grove,E01019282,Copeland 002D,Public order,Unable to prosecute suspect,
1fa41427efafb7e63463f7fe2609d164629fcf0091469e7996a74dbea9f3acb6,2021-07,Cumbria Constabulary,Cumbria Constabulary,-3.576464,54.538588,On or near Maple Grove,E01019282,Copeland 002D,Public order,Unable to prosecute suspect,
d393281136028a21db8513e829c759b2516e360d570bc97109ced1a8b74f95b4,2021-07,Cumbria Constabulary,Cumbria Constabulary,-3.579516,54.538755,On or near Pow Avenue,E01019282,Copeland 002D,Public order,Unable to prosecute suspect,
b10c7c640c945eac5027c8714f5eef51d303b75b1e1c019541ecf87833349c3e,2021-07,Cumbria Constabulary,Cumbria Constabulary,-3.576464,54.538588,On or near Maple Grove,E01019282,Copeland 002D,Public order,Unable to prosecute suspect,
86c86226fa6a6d645e21eef5649ee0e2a219d26e49f7e097dfc3bbd991d87bbe,2021-07,Cumbria Constabulary,Cumbria Constabulary,-3.577851,54.560105,On or near Petrol Station,E01019261,Copeland 003A,Criminal damage and arson,Unable to prosecute suspect,
afcbaf591a9566a706f9e8fad02aa7111b08bc411990f4f1d78260f09d8dfaf2,2021-07,Cumbria Constabulary,Cumbria Constabulary,-3.577851,54.560105,On or near Petrol Station,E01019261,Copeland 003A,Vehicle crime,Unable to prosecute suspect,
662f1bdbf367c0457c8bac1225ed8dab723294aad0ff687a7294c0add941cbca,2021-07,Cumbria Constabulary,Cumbria Constabulary,-3.577851,54.560105,On or near Petrol Station,E01019261,Copeland 003A,Violence and sexual offences,Unable to prosecute suspect,
0962125425b674f7a9a420bf6935dca386c59d7fad0ae876075765dd6ea37c95,2021-07,Cumbria Constabulary,Cumbria Constabulary,-3.571293,54.560083,On or near Sycamore Close,E01019261,Copeland 003A,Violence and sexual offences,Unable to prosecute suspect,
c482661698dd3482645efb35b2efa19fa95185724673810b5df26be611e5b797,2021-07,Cumbria Constabulary,Cumbria Constabulary,-3.577851,54.560105,On or near Petrol Station,E01019261,Copeland 003A,Violence and sexual offences,Unable to prosecute suspect,
13658127f111187be1c2ff0e185792869786789df57fb4da4f3157a8b6781528,2021-07,Cumbria Constabulary,Cumbria Constabulary,-3.579728,54.562652,On or near A595,E01019261,Copeland 003A,Violence and sexual offences,Unable to prosecute suspect,
f4f7339f1cb62c786df1455d9de6a7bf59b7649d1a869263d0bb5203aab130d9,2021-07,Cumbria Constabulary,Cumbria Constabulary,-3.574691,54.559158,On or near Grant Drive,E01019261,Copeland 003A,Violence and sexual offences,Unable to prosecute suspect,
e035d45bca728221dd5675a503bb097d351d976a2c20228a9ab6ce76ee28d55b,2021-07,Cumbria Constabulary,Cumbria Constabulary,-3.571293,54.560083,On or near Sycamore Close,E01019261,Copeland 003A,Violence and sexual offences,Unable to prosecute suspect,
af473db5fbcee87a88c7a40e36b805623b1df0a4c5d199c08cc10a898ae17179,2021-07,Cumbria Constabulary,Cumbria Constabulary,-3.571293,54.560083,On or near Sycamore Close,E01019261,Copeland 003A,Other crime,Investigation complete; no suspect identified,
3e12202af3efd62ee6555fbf8a6d2606c6c132418e46830bf43a7c13200c2df4,2021-07,Cumbria Constabulary,Cumbria Constabulary,-3.579709,54.554563,On or near Oakbank,E01019262,Copeland 003B,Violence and sexual offences,Unable to prosecute suspect,
2d9d57e287392c3b10c113c28d64fa9fc1bafe6e6a3e1c19529da4199c9ac16c,2021-07,Cumbria Constabulary,Cumbria Constabulary,-3.572802,54.548667,On or near Laurel Bank,E01019262,Copeland 003B,Violence and sexual offences,Unable to prosecute suspect,
,2021-07,Cumbria Constabulary,Cumbria Constabulary,-3.560327,54.536569,On or near Wythburn Road,E01019284,Copeland 003C,Anti-social behaviour,,
88419ce5fee86e795962cebd73e38b58b50836904b59fd7bc1f9c8987b3456d2,2021-07,Cumbria Constabulary,Cumbria Constabulary,-3.560327,54.536569,On or near Wythburn Road,E01019284,Copeland 003C,Criminal damage and arson,Unable to prosecute suspect,
5820891e421a5ccdb81ee1df4d78a3d65f54eccfd94d3177af9d96dfa00e971f,2021-07,Cumbria Constabulary,Cumbria Constabulary,-3.560327,54.536569,On or near Wythburn Road,E01019284,Copeland 003C,Criminal damage and arson,Investigation complete; no suspect identified,
6f20f5b7148b05af47ea37544ceb0d640d0208c559087a3d0271577af9205bf1,2021-07,Cumbria Constabulary,Cumbria Constabulary,-3.558401,54.536728,On or near Overend Road,E01019284,Copeland 003C,Criminal damage and arson,Unable to prosecute suspect,
5cef0921cc6d9cf23c00d61c0012232ac30424cb8e407fb3cfd624830f896896,2021-07,Cumbria Constabulary,Cumbria Constabulary,-3.562412,54.532084,On or near Homewood Road,E01019284,Copeland 003C,Public order,Unable to prosecute suspect,
e006d74111b4daac982b970737e1aa5440cf7ddf55b4a6ca513bd09da6e6488e,2021-07,Cumbria Constabulary,Cumbria Constabulary,-3.562023,54.536861,On or near Richmond Hill Road,E01019284,Copeland 003C,Violence and sexual offences,Unable to prosecute suspect,
d54dc00c1b71de94d23391cd4670088d87c5ef75d8aed57136b23d3b9a1dd801,2021-07,Cumbria Constabulary,Cumbria Constabulary,-3.562658,54.532440,On or near Sneckyeat Road,E01019284,Copeland 003C,Violence and sexual offences,Unable to prosecute suspect,
,2021-07,Cumbria Constabulary,Cumbria Constabulary,-3.567487,54.531811,On or near Westmorland Road,E01019285,Copeland 003D,Anti-social behaviour,,
,2021-07,Cumbria Constabulary,Cumbria Constabulary,-3.564038,54.535388,On or near Sports/Recreation Area,E01019285,Copeland 003D,Anti-social behaviour,,
,2021-07,Cumbria Constabulary,Cumbria Constabulary,-3.567646,54.529922,On or near Oxford Close,E01019285,Copeland 003D,Anti-social behaviour,,
,2021-07,Cumbria Constabulary,Cumbria Constabulary,-3.564788,54.530354,On or near Parking Area,E01019285,Copeland 003D,Anti-social behaviour,,
,2021-07,Cumbria Constabulary,Cumbria Constabulary,-3.567487,54.531811,On or near Westmorland Road,E01019285,Copeland 003D,Anti-social behaviour,,
,2021-07,Cumbria Constabulary,Cumbria Constabulary,-3.565435,54.534741,On or near Rosebank,E01019285,Copeland 003D,Anti-social behaviour,,
,2021-07,Cumbria Constabulary,Cumbria Constabulary,-3.567487,54.531811,On or near Westmorland Road,E01019285,Copeland 003D,Anti-social behaviour,,
aeb42cf6a50388c4c704f78492977cf6706736cea50ab2153591f212e47a30b1,2021-07,Cumbria Constabulary,Cumbria Constabulary,-3.564916,54.532887,On or near Devon Road,E01019285,Copeland 003D,Criminal damage and arson,Investigation complete; no suspect identified,
f0161792d9d3dfa80e76c2cf21bdd39d1e3af85f2e4078b0f0c9ee66591fcbab,2021-07,Cumbria Constabulary,Cumbria Constabulary,-3.564714,54.531236,On or near Cambridge Road,E01019285,Copeland 003D,Criminal damage and arson,Court result unavailable,
e4b51cf6de8c345a6c8e5ab19946896811bf94d63e0cb1a09afdb7cf8e99b525,2021-07,Cumbria Constabulary,Cumbria Constabulary,-3.564662,54.527875,On or near Homewood Hill,E01019285,Copeland 003D,Criminal damage and arson,Further investigation is not in the public interest,
54fabc81fe7b42334a737af83bef5fcb462af2a5920072ce4417d0105c388250,2021-07,Cumbria Constabulary,Cumbria Constabulary,-3.564662,54.527875,On or near Homewood Hill,E01019285,Copeland 003D,Criminal damage and arson,Unable to prosecute suspect,
9cd8ec74cc29b76dca753c8e6e96430e4c08b93634fb9a9921d2f6cc40f8292a,2021-07,Cumbria Constabulary,Cumbria Constabulary,-3.564714,54.531236,On or near Cambridge Road,E01019285,Copeland 003D,Drugs,Court result unavailable,
c00d6df36788f8af56569742952363be007067c81346b46f29a05bf8632540d1,2021-07,Cumbria Constabulary,Cumbria Constabulary,-3.567487,54.531811,On or near Westmorland Road,E01019285,Copeland 003D,Public order,Unable to prosecute suspect,
74ff0022d80f1ff49a7f9dd3e026cf5fb805e5bde9cb136550e89785894be6f7,2021-07,Cumbria Constabulary,Cumbria Constabulary,-3.565435,54.534741,On or near Rosebank,E01019285,Copeland 003D,Public order,Unable to prosecute suspect,
737ecb670ed23b0c2874c65aa57e5b7b6305e3a24633c62b5ca4e65c9c05256d,2021-07,Cumbria Constabulary,Cumbria Constabulary,-3.564662,54.527875,On or near Homewood Hill,E01019285,Copeland 003D,Public order,Further investigation is not in the public interest,
07397143fcab29d08e037d4fa9d308e6e09260b20adf8ea425fb036ef94682eb,2021-07,Cumbria Constabulary,Cumbria Constabulary,-3.564344,54.526019,On or near Rutland Avenue,E01019285,Copeland 003D,Violence and sexual offences,Unable to prosecute suspect,
e96223338fffc9cc30a375909d58d918d73398ee45b0ef1ab4e5a358c8b4ad99,2021-07,Cumbria Constabulary,Cumbria Constabulary,-3.564344,54.526019,On or near Rutland Avenue,E01019285,Copeland 003D,Violence and sexual offences,Investigation complete; no suspect identified,
470ff07ccb25501a5e174dcd42127791bb6eb315fab2df38e474b344174a82be,2021-07,Cumbria Constabulary,Cumbria Constabulary,-3.564788,54.530354,On or near Parking Area,E01019285,Copeland 003D,Violence and sexual offences,Unable to prosecute suspect,
5a4fc572e85718a9290d28817266cdca1e739b1da411b5cc31a62d969d5aae20,2021-07,Cumbria Constabulary,Cumbria Constabulary,-3.564344,54.526019,On or near Rutland Avenue,E01019285,Copeland 003D,Violence and sexual offences,Court result unavailable,
a2166f5d556f0345367978fa9ecd714d061568c82635840ad34df34f5622cdaf,2021-07,Cumbria Constabulary,Cumbria Constabulary,-3.564788,54.530354,On or near Parking Area,E01019285,Copeland 003D,Violence and sexual offences,Unable to prosecute suspect,
90e071a74ef587e421ce8a65a9c1adfc3f84ad33ec78fe2dc6124d786b04264d,2021-07,Cumbria Constabulary,Cumbria Constabulary,-3.566872,54.534336,On or near Bedford Street,E01019285,Copeland 003D,Violence and sexual offences,Unable to prosecute suspect,
812155ec53c83d696f37ebaf8daaf07a6a3768e9eb4433117a1dfc3ce15a6d44,2021-07,Cumbria Constabulary,Cumbria Constabulary,-3.564344,54.526019,On or near Rutland Avenue,E01019285,Copeland 003D,Violence and sexual offences,Investigation complete; no suspect identified,
98c2aa42de5aa10c9a5ec6e62e41284c99ee24a28a4d27947279d9b912f61c68,2021-07,Cumbria Constabulary,Cumbria Constabulary,-3.564662,54.527875,On or near Homewood Hill,E01019285,Copeland 003D,Other crime,Further investigation is not in the public interest,
,2021-07,Cumbria Constabulary,Cumbria Constabulary,-3.563317,54.538768,On or near Horsfield Close,E01019286,Copeland 003E,Anti-social behaviour,,
,2021-07,Cumbria Constabulary,Cumbria Constabulary,-3.563317,54.538768,On or near Horsfield Close,E01019286,Copeland 003E,Anti-social behaviour,,
,2021-07,Cumbria Constabulary,Cumbria Constabulary,-3.563333,54.540386,On or near Granville Close,E01019286,Copeland 003E,Anti-social behaviour,,
f23b583c42770aad7e012047b9f34c4b44cf58e1d794560b521e5efe1c67e2cc,2021-07,Cumbria Constabulary,Cumbria Constabulary,-3.567153,54.536822,On or near Garden Villas,E01019286,Copeland 003E,Criminal damage and arson,Further investigation is not in the public interest,
0958c6c88893a1a50ed06365351082f490b4e5169c24a763083e492dd854d930,2021-07,Cumbria Constabulary,Cumbria Constabulary,-3.561439,54.543817,On or near Red Lonning,E01019286,Copeland 003E,Criminal damage and arson,Investigation complete; no suspect identified,
c62caa2f0e57f3fa2901ca6d176be8920aa8dfafee204550c1d4c5d64774b775,2021-07,Cumbria Constabulary,Cumbria Constabulary,-3.563333,54.540386,On or near Granville Close,E01019286,Copeland 003E,Criminal damage and arson,Investigation complete; no suspect identified,
1dfd4c40b3cea0d6c5cfe94a900d00d0548df0932ef139483c9e42ec52e4c511,2021-07,Cumbria Constabulary,Cumbria Constabulary,-3.567802,54.535600,On or near Nursery Place,E01019286,Copeland 003E,Public order,Investigation complete; no suspect identified,
49ec0665cc571227b85768285a0b7449bf609f5cd687a8a47bfe0cb57e39879f,2021-07,Cumbria Constabulary,Cumbria Constabulary,-3.567153,54.536822,On or near Garden Villas,E01019286,Copeland 003E,Violence and sexual offences,Unable to prosecute suspect,
dcca30df4c43dda82ad1d65f56b5511b81a7cad7b08a4d144ab1ee46d2f8c87b,2021-07,Cumbria Constabulary,Cumbria Constabulary,-3.567153,54.536822,On or near Garden Villas,E01019286,Copeland 003E,Violence and sexual offences,Unable to prosecute suspect,
17ac08deaa0515ce07c75f6f5b6e526b682c8ad742d0f36e048f55cb311a1cbb,2021-07,Cumbria Constabulary,Cumbria Constabulary,-3.567802,54.535600,On or near Nursery Place,E01019286,Copeland 003E,Violence and sexual offences,Investigation complete; no suspect identified,
7be8018d6e152e31e014d41c942044cb7290063ee17671ca71a4702ee019dcfc,2021-07,Cumbria Constabulary,Cumbria Constabulary,-3.561439,54.543817,On or near Red Lonning,E01019286,Copeland 003E,Violence and sexual offences,Unable to prosecute suspect,
,2021-07,Cumbria Constabulary,Cumbria Constabulary,-3.567681,54.539305,On or near Gill Close,E01019287,Copeland 003F,Anti-social behaviour,,
f1e18f2f90886a66d9417bd4fb297f697a48f63c6fa03aa2b0d6da61e5805def,2021-07,Cumbria Constabulary,Cumbria Constabulary,-3.569591,54.538318,On or near Springfield Grove,E01019287,Copeland 003F,Violence and sexual offences,Status update unavailable,
358aac85a9a762ce07a6fddf09f39e91b54af6d7e70c856b67da4b0e1b1dbde7,2021-07,Cumbria Constabulary,Cumbria Constabulary,-3.563642,54.544849,On or near Jubilee Road,E01019288,Copeland 003G,Bicycle theft,Investigation complete; no suspect identified,
57da32cd0386f0b4616694fa845cd5f4830594d974ee673d6a5bf0d4fde664b0,2021-07,Cumbria Constabulary,Cumbria Constabulary,-3.572647,54.544238,On or near Headlands Drive,E01019288,Copeland 003G,Other theft,Status update unavailable,
995946c53f504c465129316212308372c6cea8da99fc2f46bbac34a9bbd36f72,2021-07,Cumbria Constabulary,Cumbria Constabulary,-3.558677,54.530586,On or near Sneckyeat Road,E01019256,Copeland 004A,Criminal damage and arson,Investigation complete; no suspect identified,
584d8918c2b1f8d06628c091904a14f69ced5ec1f01913b85c60c312442d9577,2021-07,Cumbria Constabulary,Cumbria Constabulary,-3.451218,54.570463,On or near Asby Road,E01019256,Copeland 004A,Criminal damage and arson,Investigation complete; no suspect identified,
53146cca42511e7a5d739c4f10a0377bbe42661affe07098380019c277bb6fc4,2021-07,Cumbria Constabulary,Cumbria Constabulary,-3.558677,54.530586,On or near Sneckyeat Road,E01019256,Copeland 004A,Violence and sexual offences,Court result unavailable,
af04f3a9ce0bf3a0aa8fd29e84ee46f9921acf9e97be49487aba74ba6585271f,2021-07,Cumbria Constabulary,Cumbria Constabulary,-3.558677,54.530586,On or near Sneckyeat Road,E01019256,Copeland 004A,Violence and sexual offences,Court result unavailable,
bd8cb8612fb66eede407c8e86f6433eee7fb1456d7a73861d2d6c4bd8b6f3879,2021-07,Cumbria Constabulary,Cumbria Constabulary,-3.558677,54.530586,On or near Sneckyeat Road,E01019256,Copeland 004A,Violence and sexual offences,Court result unavailable,
26e91d89c7d70f7787f983b6dacdff2858ffea64a954c9d9b972ba34b3d1d5ba,2021-07,Cumbria Constabulary,Cumbria Constabulary,-3.558677,54.530586,On or near Sneckyeat Road,E01019256,Copeland 004A,Violence and sexual offences,Court result unavailable,
71ac6010721fbecd8dbab568e9e10a7a800d7c1dc6ecbf9280ba59a9bf608cc1,2021-07,Cumbria Constabulary,Cumbria Constabulary,-3.558677,54.530586,On or near Sneckyeat Road,E01019256,Copeland 004A,Violence and sexual offences,Court result unavailable,
4118c3cce2ec84a2dcbf28cc37f45170a820e2f3939db38f8f0d148716ef5d5d,2021-07,Cumbria Constabulary,Cumbria Constabulary,-3.558677,54.530586,On or near Sneckyeat Road,E01019256,Copeland 004A,Violence and sexual offences,Court result unavailable,
3f969658bc410c63ef7a111e0253a7b8c4ab5d7da6df85e8334cb41c371f6848,2021-07,Cumbria Constabulary,Cumbria Constabulary,-3.558677,54.530586,On or near Sneckyeat Road,E01019256,Copeland 004A,Violence and sexual offences,Court result unavailable,
,2021-07,Cumbria Constabulary,Cumbria Constabulary,-3.513931,54.521223,On or near Quarry Road,E01019263,Copeland 004B,Anti-social behaviour,,
,2021-07,Cumbria Constabulary,Cumbria Constabulary,-3.507433,54.518886,On or near Robert Owen Avenue,E01019263,Copeland 004B,Anti-social behaviour,,
70d6e3c4de97884b6da91b520fe7d92d46e428e0fd7f843a6a0ccf6783213682,2021-07,Cumbria Constabulary,Cumbria Constabulary,-3.506380,54.519241,On or near Lansbury Place,E01019263,Copeland 004B,Bicycle theft,Unable to prosecute suspect,
9491eef63a15d5f70ce66e7b9111f7f5d0429712681c0ab2e9078214fa99074a,2021-07,Cumbria Constabulary,Cumbria Constabulary,-3.508755,54.519562,On or near Orchard Place,E01019263,Copeland 004B,Criminal damage and arson,Investigation complete; no suspect identified,
f75502f7720e39065e0a74a8d7aa58535e54e33ccce59a962535c946bd2668b8,2021-07,Cumbria Constabulary,Cumbria Constabulary,-3.510586,54.520195,On or near Aldby Grove,E01019263,Copeland 004B,Criminal damage and arson,Unable to prosecute suspect,
f15bffdc24f1b7aa7154d8cd6939d635773e8270ce4c9371a4efc864b1c3e144,2021-07,Cumbria Constabulary,Cumbria Constabulary,-3.509206,54.518783,On or near Ennerdale Road,E01019263,Copeland 004B,Criminal damage and arson,Investigation complete; no suspect identified,
209d056821bf8f720f846575ada0fb3f1191cdc232496e6525ae751c2ee345de,2021-07,Cumbria Constabulary,Cumbria Constabulary,-3.508755,54.519562,On or near Orchard Place,E01019263,Copeland 004B,Criminal damage and arson,Investigation complete; no suspect identified,
1ec135f17a8eedf30e6a82dd0ce4815baf96301be85e7c6d57717603dbbc548e,2021-07,Cumbria Constabulary,Cumbria Constabulary,-3.506344,54.520374,On or near Ehen Road,E01019263,Copeland 004B,Public order,Court result unavailable,
4eb63f600dae523c7f4c30ece0a958fbaf1e07eace9ba55638ce0925cd764adc,2021-07,Cumbria Constabulary,Cumbria Constabulary,-3.506344,54.520374,On or near Ehen Road,E01019263,Copeland 004B,Public order,Unable to prosecute suspect,
081da2e5f150342f3492d696e6feb32fd31e3dd1812332f09a53286528451538,2021-07,Cumbria Constabulary,Cumbria Constabulary,-3.506344,54.520374,On or near Ehen Road,E01019263,Copeland 004B,Public order,Unable to prosecute suspect,
359aba5a0b4dc278930991b11de43fac1bf461b6acd7e1d744cbf666156e8fcb,2021-07,Cumbria Constabulary,Cumbria Constabulary,-3.510586,54.520195,On or near Aldby Grove,E01019263,Copeland 004B,Violence and sexual offences,Further investigation is not in the public interest,
1bcaedb7ade43d53ab772a08f3823372e0fb465415b37f9c35af01f520b3dcca,2021-07,Cumbria Constabulary,Cumbria Constabulary,-3.508223,54.519371,On or near William Morris Avenue,E01019263,Copeland 004B,Violence and sexual offences,Further investigation is not in the public interest,
246c042d47805f88322e3d6ba2a3f9b9c2f1b7b44fa709e36fc9fa16829548d1,2021-07,Cumbria Constabulary,Cumbria Constabulary,-3.506344,54.520374,On or near Ehen Road,E01019263,Copeland 004B,Violence and sexual offences,Unable to prosecute suspect,
0b2f95de4fe10a787a59709a43267478d1c6bf230aec455d472992fef4e9df2e,2021-07,Cumbria Constabulary,Cumbria Constabulary,-3.507975,54.520614,On or near Aldby Place,E01019263,Copeland 004B,Violence and sexual offences,Further investigation is not in the public interest,
9ff139628ba6a869fbc1a91f53feaeaddcfaa4ed9dde30dc6d3943fe20d8a041,2021-07,Cumbria Constabulary,Cumbria Constabulary,-3.506344,54.520374,On or near Ehen Road,E01019263,Copeland 004B,Violence and sexual offences,Unable to prosecute suspect,
609a968bed1bf0161450786d43c69c5e8cce697b5c12148925cd897624a67cce,2021-07,Cumbria Constabulary,Cumbria Constabulary,-3.508755,54.519562,On or near Orchard Place,E01019263,Copeland 004B,Violence and sexual offences,Further investigation is not in the public interest,
b60c7a9eb4081ead29414c1c99db5fa93fa5e3c1326268b52e6866197f6257f5,2021-07,Cumbria Constabulary,Cumbria Constabulary,-3.508223,54.519371,On or near William Morris Avenue,E01019263,Copeland 004B,Violence and sexual offences,Unable to prosecute suspect,
ef634feb91884d060c2ed001cfabc56ed36ca347705d305ee380a93e85cac8b0,2021-07,Cumbria Constabulary,Cumbria Constabulary,-3.509206,54.518783,On or near Ennerdale Road,E01019263,Copeland 004B,Violence and sexual offences,Investigation complete; no suspect identified,
76c613e3d6ad03cc26010b5dbabe5e8278d3e67556712bb14d0cd9ec23630326,2021-07,Cumbria Constabulary,Cumbria Constabulary,-3.508223,54.519371,On or near William Morris Avenue,E01019263,Copeland 004B,Violence and sexual offences,Court result unavailable,
f6357b098d711d0e3a05d878510aa5170c4046c24e6b7cf927e09839d7564d68,2021-07,Cumbria Constabulary,Cumbria Constabulary,-3.508755,54.519562,On or near Orchard Place,E01019263,Copeland 004B,Violence and sexual offences,Further investigation is not in the public interest,
d228cb0d8e7eae1a1aefb2736da05d8fad6b8db437c13a21f3d2cb182df7d1f0,2021-07,Cumbria Constabulary,Cumbria Constabulary,-3.507975,54.520614,On or near Aldby Place,E01019263,Copeland 004B,Other crime,Further investigation is not in the public interest,
,2021-07,Cumbria Constabulary,Cumbria Constabulary,-3.532265,54.525612,On or near Brantwood Lane,E01019264,Copeland 004C,Anti-social behaviour,,
7815ae1663d17b60b7dbf9c5c0e1887b14d37940f5ccab1464c0ff2cbe31c6ba,2021-07,Cumbria Constabulary,Cumbria Constabulary,-3.525281,54.527686,On or near Chrysler Grove,E01019264,Copeland 004C,Other theft,Investigation complete; no suspect identified,
d9d7a70d9b3cc9d20bf1baa4fc4ada467ade974d726d948485b8162b6d83c897,2021-07,Cumbria Constabulary,Cumbria Constabulary,-3.529259,54.526639,On or near The Crescent,E01019264,Copeland 004C,Other theft,Investigation complete; no suspect identified,
f987a96a21fab6e509e56bd7a50f5fa78185ada326a1b6d3dd15576ab3d1a2b4,2021-07,Cumbria Constabulary,Cumbria Constabulary,-3.530628,54.528113,On or near Mill Hill,E01019264,Copeland 004C,Violence and sexual offences,Unable to prosecute suspect,
,2021-07,Cumbria Constabulary,Cumbria Constabulary,-3.518097,54.520658,On or near Parking Area,E01019265,Copeland 004D,Anti-social behaviour,,
,2021-07,Cumbria Constabulary,Cumbria Constabulary,-3.523424,54.523881,On or near Leconfield Street,E01019265,Copeland 004D,Anti-social behaviour,,
,2021-07,Cumbria Constabulary,Cumbria Constabulary,-3.515286,54.521521,On or near Back Ennerdale Road,E01019265,Copeland 004D,Anti-social behaviour,,
,2021-07,Cumbria Constabulary,Cumbria Constabulary,-3.516853,54.521690,On or near High Street,E01019265,Copeland 004D,Anti-social behaviour,,
16ffedf4f6b6dd6eaf446cba763da1bfbdab0731a39f6025cb80f6b186f49774,2021-07,Cumbria Constabulary,Cumbria Constabulary,-3.518097,54.520658,On or near Parking Area,E01019265,Copeland 004D,Criminal damage and arson,Investigation complete; no suspect identified,
936e240608551a4d1c381e57379d42a8630fcb581b719e34532b9e9502c64204,2021-07,Cumbria Constabulary,Cumbria Constabulary,-3.518611,54.521614,On or near Montreal Street,E01019265,Copeland 004D,Criminal damage and arson,Investigation complete; no suspect identified,
b2b96e16314299b1696da8cbbe58ab273448fc4c1400fbaf355a727f97100c83,2021-07,Cumbria Constabulary,Cumbria Constabulary,-3.527606,54.524583,On or near Norbeck Park,E01019265,Copeland 004D,Criminal damage and arson,Unable to prosecute suspect,
d96bf4cd159569977ed85e3c628e21fda2143bd5f9c06833e87f7ce59bd931c2,2021-07,Cumbria Constabulary,Cumbria Constabulary,-3.516853,54.521690,On or near High Street,E01019265,Copeland 004D,Criminal damage and arson,Investigation complete; no suspect identified,
82e75711b38a34b19efe4efd00d8c7db069902e5e1bc6bcc964819d338e6a902,2021-07,Cumbria Constabulary,Cumbria Constabulary,-3.516853,54.521690,On or near High Street,E01019265,Copeland 004D,Drugs,Local resolution,
bf552664ed1e035bd0c5e96c54579c77498abc8973b84d9584c96edf0faa4b74,2021-07,Cumbria Constabulary,Cumbria Constabulary,-3.515544,54.522227,On or near Aldby Street,E01019265,Copeland 004D,Other theft,Investigation complete; no suspect identified,
a903a6d8bb9ccdbfb5405e9ddbc0f4e051a063c35c3e6616c418e09bf30558cc,2021-07,Cumbria Constabulary,Cumbria Constabulary,-3.516326,54.524581,On or near Heather Bank,E01019265,Copeland 004D,Other theft,Unable to prosecute suspect,
8259290a1ce1cf6009452635c2be2171959aa999c52425758c28366ffb16f78d,2021-07,Cumbria Constabulary,Cumbria Constabulary,-3.516853,54.521690,On or near High Street,E01019265,Copeland 004D,Other theft,Investigation complete; no suspect identified,
9300843fb24ac9d82e9dc0a33d93a81135af86e6cb969185a3ee392716136b30,2021-07,Cumbria Constabulary,Cumbria Constabulary,-3.514199,54.523880,On or near Birks Road,E01019265,Copeland 004D,Public order,Unable to prosecute suspect,
9049346c28ddff3ed264520720bd35477faef1a4626771f4edb1b6ae3cccbb35,2021-07,Cumbria Constabulary,Cumbria Constabulary,-3.514796,54.524142,On or near Henry Street,E01019265,Copeland 004D,Public order,Unable to prosecute suspect,
f16db5b04712adc0c87e792477d6d828f9978147c8d9d5cf9558e442bbfcf23d,2021-07,Cumbria Constabulary,Cumbria Constabulary,-3.518097,54.520658,On or near Parking Area,E01019265,Copeland 004D,Violence and sexual offences,Unable to prosecute suspect,
5e6ef84a617fe8bcbef886bc0fc443105341b16534382be3b9c57620d757ddbd,2021-07,Cumbria Constabulary,Cumbria Constabulary,-3.516853,54.521690,On or near High Street,E01019265,Copeland 004D,Violence and sexual offences,Unable to prosecute suspect,
135f7f33e8269d9f89ddf75174cd98bd9783a724ae25da671117f2cd854f31e8,2021-07,Cumbria Constabulary,Cumbria Constabulary,-3.518097,54.520658,On or near Parking Area,E01019265,Copeland 004D,Violence and sexual offences,Investigation complete; no suspect identified,
d7dd461bd6c3a2c90fd79f8d86c39ee61885fd24b96e49a1d5f76afebef316df,2021-07,Cumbria Constabulary,Cumbria Constabulary,-3.518097,54.520658,On or near Parking Area,E01019265,Copeland 004D,Violence and sexual offences,Investigation complete; no suspect identified,
bf7e81360051650ad8160ee65c541f2e137a42441967d672281ee13f4b394970,2021-07,Cumbria Constabulary,Cumbria Constabulary,-3.516853,54.521690,On or near High Street,E01019265,Copeland 004D,Violence and sexual offences,Unable to prosecute suspect,
227aa65d97db1ee934f1e17c919fab9b4bafd64e48e36b4cf675b45a038d4a1d,2021-07,Cumbria Constabulary,Cumbria Constabulary,-3.515286,54.521521,On or near Back Ennerdale Road,E01019265,Copeland 004D,Violence and sexual offences,Unable to prosecute suspect,
,2021-07,Cumbria Constabulary,Cumbria Constabulary,-3.516754,54.511103,On or near Howthorn Fields,E01019266,Copeland 004E,Anti-social behaviour,,
,2021-07,Cumbria Constabulary,Cumbria Constabulary,-3.507267,54.515221,On or near Trumpet Road,E01019266,Copeland 004E,Anti-social behaviour,,
,2021-07,Cumbria Constabulary,Cumbria Constabulary,-3.503077,54.515975,On or near Sports/Recreation Area,E01019266,Copeland 004E,Anti-social behaviour,,
,2021-07,Cumbria Constabulary,Cumbria Constabulary,-3.512870,54.517614,On or near Todholes Road,E01019266,Copeland 004E,Anti-social behaviour,,
08635f9b0317b663256f362fb4bbcb9cf3ac0b575186c582430a0b37d080f675,2021-07,Cumbria Constabulary,Cumbria Constabulary,-3.520757,54.507008,On or near Kiln Brow,E01019266,Copeland 004E,Burglary,Unable to prosecute suspect,
ba26824e42dbc41903c3afe5ee4f606da8bf6db187c363ee0e625b4ca0fb21a8,2021-07,Cumbria Constabulary,Cumbria Constabulary,-3.513968,54.512217,On or near Brookside,E01019266,Copeland 004E,Other theft,Investigation complete; no suspect identified,
549cf11ed3769db4a61c6aa3c00bb6975e17b54ad174dc9fa46b749b46246f2c,2021-07,Cumbria Constabulary,Cumbria Constabulary,-3.511507,54.517928,On or near Sea View Place,E01019266,Copeland 004E,Other theft,Unable to prosecute suspect,
cde48ec7ff50a55c5fd632825d3bb4ed9570623629fae49fd62010e46aa3adf1,2021-07,Cumbria Constabulary,Cumbria Constabulary,-3.511507,54.517928,On or near Sea View Place,E01019266,Copeland 004E,Violence and sexual offences,Awaiting court outcome,
a932e6ef6f8e0dfc77d5fdb2c47622b926a413d81ed2214233fde47a3e1746dc,2021-07,Cumbria Constabulary,Cumbria Constabulary,-3.510948,54.518285,On or near Croasdale Place,E01019266,Copeland 004E,Violence and sexual offences,Unable to prosecute suspect,
f9f7903e63156025a8d80ebce998b597e36af014c9db29725253248d906875bd,2021-07,Cumbria Constabulary,Cumbria Constabulary,-3.504327,54.515932,On or near Lakeland View,E01019266,Copeland 004E,Violence and sexual offences,Unable to prosecute suspect,
5f330c54f124a44f283ad41aeda4b8a9941941d93272094db3d9db10a3888498,2021-07,Cumbria Constabulary,Cumbria Constabulary,-3.504327,54.515932,On or near Lakeland View,E01019266,Copeland 004E,Violence and sexual offences,Unable to prosecute suspect,
,2021-07,Cumbria Constabulary,Cumbria Constabulary,-3.517262,54.517730,On or near Greenthwaite,E01019267,Copeland 004F,Anti-social behaviour,,
,2021-07,Cumbria Constabulary,Cumbria Constabulary,-3.515489,54.516575,On or near Holden Place,E01019267,Copeland 004F,Anti-social behaviour,,
0e93942e334f245c8b64d4c340c9d227ef8ac1ac82689f7035a38bf4f877226f,2021-07,Cumbria Constabulary,Cumbria Constabulary,-3.515834,54.520876,On or near Market Street,E01019267,Copeland 004F,Violence and sexual offences,Unable to prosecute suspect,
3a07cbdcd20dd4b978f9512233b46094d1895cf1fb13b788d9c9cda5bd433ad8,2021-07,Cumbria Constabulary,Cumbria Constabulary,-3.515590,54.517643,On or near Buckle Avenue,E01019267,Copeland 004F,Violence and sexual offences,Unable to prosecute suspect,
ad73f980a1ff856de420c08bb34f189deb6dfbe34101226663141867766000c9,2021-07,Cumbria Constabulary,Cumbria Constabulary,-3.515590,54.517643,On or near Buckle Avenue,E01019267,Copeland 004F,Violence and sexual offences,Unable to prosecute suspect,
b9f7a87540eda2bc952349824fe13329e247a349bcec9facb3f15c2505b818c7,2021-07,Cumbria Constabulary,Cumbria Constabulary,-3.517542,54.519865,On or near Earl Street,E01019267,Copeland 004F,Violence and sexual offences,Further investigation is not in the public interest,
64fe59d52c12f916dcbf49a89e741c4feded64a6b58612f56a0a0d6738485ba0,2021-07,Cumbria Constabulary,Cumbria Constabulary,-3.515590,54.517643,On or near Buckle Avenue,E01019267,Copeland 004F,Violence and sexual offences,Unable to prosecute suspect,
e00525c30fc5bff345ba6916507c93d1b18eb7047313ade7d0b20d653c5b333e,2021-07,Cumbria Constabulary,Cumbria Constabulary,-3.517194,54.517138,On or near Calder Crescent,E01019267,Copeland 004F,Violence and sexual offences,Unable to prosecute suspect,
,2021-07,Cumbria Constabulary,Cumbria Constabulary,-3.473138,54.546857,On or near Skelsceugh Road,E01019276,Copeland 004G,Anti-social behaviour,,
,2021-07,Cumbria Constabulary,Cumbria Constabulary,-3.446541,54.572487,On or near Asby Road,E01019276,Copeland 004G,Anti-social behaviour,,
,2021-07,Cumbria Constabulary,Cumbria Constabulary,-3.416286,54.565898,On or near Parking Area,E01019276,Copeland 004G,Anti-social behaviour,,
b50fb339f50914e30854d3e4b25ad2e065c73000c2807635dbe2900844141bb3,2021-07,Cumbria Constabulary,Cumbria Constabulary,-3.446541,54.572487,On or near Asby Road,E01019276,Copeland 004G,Violence and sexual offences,Unable to prosecute suspect,
,2021-07,Cumbria Constabulary,Cumbria Constabulary,-3.492413,54.539988,On or near Coronation Drive,E01019277,Copeland 004H,Anti-social behaviour,,
,2021-07,Cumbria Constabulary,Cumbria Constabulary,-3.492413,54.539988,On or near Coronation Drive,E01019277,Copeland 004H,Anti-social behaviour,,
aac7ed292c59e9b3d8bab8199137231ee086bf2d221558db593e3077043ec712,2021-07,Cumbria Constabulary,Cumbria Constabulary,-3.494859,54.540946,On or near Supermarket,E01019277,Copeland 004H,Criminal damage and arson,Unable to prosecute suspect,
b71344b6b04e6aa210e954b68e8d309a91b466fe732df620d777e5dab609a512,2021-07,Cumbria Constabulary,Cumbria Constabulary,-3.494815,54.539733,On or near Parking Area,E01019277,Copeland 004H,Criminal damage and arson,Investigation complete; no suspect identified,
181c84315c197111987f77146160cf4d22de347022d04d755917f4d4ff655453,2021-07,Cumbria Constabulary,Cumbria Constabulary,-3.494815,54.539733,On or near Parking Area,E01019277,Copeland 004H,Criminal damage and arson,Unable to prosecute suspect,
cdb9160cbf0cd9fd2f535e6fe75d22fc19504d7cb228de42df7835b0ee35e2a3,2021-07,Cumbria Constabulary,Cumbria Constabulary,-3.494859,54.540946,On or near Supermarket,E01019277,Copeland 004H,Criminal damage and arson,Unable to prosecute suspect,
2e7f37877c7278aab72b5e9d5aa9223226403df8428e9dd1629fbad3044dcc92,2021-07,Cumbria Constabulary,Cumbria Constabulary,-3.489878,54.545070,On or near Dean Close,E01019277,Copeland 004H,Public order,Unable to prosecute suspect,
95a6999f09e20f5815fb7904e78f620680fbada031c7b815fa23c42633bbfdd4,2021-07,Cumbria Constabulary,Cumbria Constabulary,-3.492413,54.539988,On or near Coronation Drive,E01019277,Copeland 004H,Public order,Unable to prosecute suspect,
6bd508ae7d0a8ac727b0d819229b00018d554fd2323a551372704aa3262dae9a,2021-07,Cumbria Constabulary,Cumbria Constabulary,-3.489878,54.545070,On or near Dean Close,E01019277,Copeland 004H,Violence and sexual offences,Unable to prosecute suspect,
49acd59c37bca87177a88cf86a8e99e0bba3d2eff53a542beedbc2984ba1a3c7,2021-07,Cumbria Constabulary,Cumbria Constabulary,-3.492011,54.540837,On or near Queens Crescent,E01019277,Copeland 004H,Violence and sexual offences,Unable to prosecute suspect,
9dc49495190ab3537c80de690c6246da36431eef5dd126f9c9859b59b2d396d8,2021-07,Cumbria Constabulary,Cumbria Constabulary,-3.489878,54.545070,On or near Dean Close,E01019277,Copeland 004H,Violence and sexual offences,Unable to prosecute suspect,
6b41ff2413c6ee5bf9be82f50df95351542071b7b74e744df8000f7db62b95b2,2021-07,Cumbria Constabulary,Cumbria Constabulary,-3.489452,54.541031,On or near Yeathouse Road,E01019277,Copeland 004H,Violence and sexual offences,Unable to prosecute suspect,
74aec73012766236d1733dd4a96fe9818b10792df8d50cfd67f0f95c732c5aa2,2021-07,Cumbria Constabulary,Cumbria Constabulary,-3.489452,54.541031,On or near Yeathouse Road,E01019277,Copeland 004H,Violence and sexual offences,Further investigation is not in the public interest,
9ae29fa9ebe0c078cd9d325bd6c41997373bbdadcad432f41e1711a9789e7265,2021-07,Cumbria Constabulary,Cumbria Constabulary,-3.494815,54.539733,On or near Parking Area,E01019277,Copeland 004H,Violence and sexual offences,Unable to prosecute suspect,
ea8105362780a8310215fc65c2df9b72e8cc5c46b66d80ae36dbf9676d686da4,2021-07,Cumbria Constabulary,Cumbria Constabulary,-3.489878,54.545070,On or near Dean Close,E01019277,Copeland 004H,Violence and sexual offences,Unable to prosecute suspect,
beba0c36a00f8cdfec9b979fcbf895b850c6ee2b12bf0c8db8c506cccbcc8fe1,2021-07,Cumbria Constabulary,Cumbria Constabulary,-3.500693,54.535211,On or near Lingla Bank,E01019278,Copeland 004I,Burglary,Investigation complete; no suspect identified,
9c6df31b703f82c010c5397441d0cbe62ed7bf1c1e07c40cde8f98801b1b6932,2021-07,Cumbria Constabulary,Cumbria Constabulary,-3.501271,54.536633,On or near Rheda Close,E01019278,Copeland 004I,Burglary,Investigation complete; no suspect identified,
c0d4b7cb3da837c622ca303b939241e98eeac1a94434ba003a3c71fded3d5f2f,2021-07,Cumbria Constabulary,Cumbria Constabulary,-3.492104,54.542544,On or near Lindow Street,E01019278,Copeland 004I,Criminal damage and arson,Further investigation is not in the public interest,
ab2e24d886918fab3bfcf316ec014c7dcfdc26a4160e6d21cfe8c952d2d1b987,2021-07,Cumbria Constabulary,Cumbria Constabulary,-3.496055,54.538567,On or near Church Street,E01019278,Copeland 004I,Criminal damage and arson,Investigation complete; no suspect identified,
bb3102d8734a6cfed0248685b585fd26c6ae11ee54dab6562aad3e45fc67ecb2,2021-07,Cumbria Constabulary,Cumbria Constabulary,-3.492104,54.542544,On or near Lindow Street,E01019278,Copeland 004I,Drugs,Court result unavailable,
1eecf5840f4a3729e546e0c96c392714ae00ac0c80d42146b798cf79111fa6cf,2021-07,Cumbria Constabulary,Cumbria Constabulary,-3.492104,54.542544,On or near Lindow Street,E01019278,Copeland 004I,Public order,Unable to prosecute suspect,
6a1b5525b42e85e12caccb58811630def41869019f7b628e04d946d0631b5ebe,2021-07,Cumbria Constabulary,Cumbria Constabulary,-3.493568,54.525485,On or near Parkside Road,E01019278,Copeland 004I,Vehicle crime,Investigation complete; no suspect identified,
260815158ecee818d55b8beb0535493c5b359e211d82d95317fbd2c1cf0a8c0c,2021-07,Cumbria Constabulary,Cumbria Constabulary,-3.492104,54.542544,On or near Lindow Street,E01019278,Copeland 004I,Violence and sexual offences,Unable to prosecute suspect,
91ef39257b3c7b35b344b864142d2fe9c2cfde321f8761fea104842f8d914b75,2021-07,Cumbria Constabulary,Cumbria Constabulary,-3.501271,54.536633,On or near Rheda Close,E01019278,Copeland 004I,Violence and sexual offences,Unable to prosecute suspect,
,2021-07,Cumbria Constabulary,Cumbria Constabulary,-3.595318,54.536112,On or near Sports/Recreation Area,E01019291,Copeland 005A,Anti-social behaviour,,
d42cfa7583afdfb1a20d6a5a85221ae8923be27718ce56bd3deae9058f075705,2021-07,Cumbria Constabulary,Cumbria Constabulary,-3.598683,54.536373,On or near South Row,E01019291,Copeland 005A,Public order,Local resolution,
0cc69a1f1178c6ae5e61563fc8f4a6af0a829f8e99f50ede8b3d4a3668118e98,2021-07,Cumbria Constabulary,Cumbria Constabulary,-3.597324,54.536005,On or near Lawson Close,E01019291,Copeland 005A,Public order,Investigation complete; no suspect identified,
d0aa69d18cea221772b637b6fbbdb0fb1de77a5a0fc94bafad149581d8f2df9d,2021-07,Cumbria Constabulary,Cumbria Constabulary,-3.591635,54.537967,On or near Monkwray Brow,E01019292,Copeland 005B,Criminal damage and arson,Investigation complete; no suspect identified,
6368a277febb08f530080b2b459132f8ee07b8eded331bc01726ff2c4c805099,2021-07,Cumbria Constabulary,Cumbria Constabulary,-3.586852,54.537805,On or near Low Road,E01019292,Copeland 005B,Violence and sexual offences,Unable to prosecute suspect,
b1e3398ee97fc389d0830deef0e55c7bd49d5a4a9d827632b97d0f8fa38b88b4,2021-07,Cumbria Constabulary,Cumbria Constabulary,-3.595802,54.547700,On or near Harbour View,E01019292,Copeland 005B,Violence and sexual offences,Investigation complete; no suspect identified,
,2021-07,Cumbria Constabulary,Cumbria Constabulary,-3.582033,54.529905,On or near Copeland Avenue,E01019294,Copeland 005C,Anti-social behaviour,,
980cb498078c910752211f891d26110d6e033af3c7a36b4fd1d4b046105c06de,2021-07,Cumbria Constabulary,Cumbria Constabulary,-3.580000,54.530876,On or near Burnmoor Avenue,E01019294,Copeland 005C,Criminal damage and arson,Unable to prosecute suspect,
6f88161a122377e9e75512ec60f61565a06b6234a2f13d2544c75be6a3b89df5,2021-07,Cumbria Constabulary,Cumbria Constabulary,-3.571078,54.528754,On or near Pillar Road,E01019294,Copeland 005C,Public order,Unable to prosecute suspect,
e6eeddd49dfd06ea37763eeb655d2ea575fed07c3f82635850998a8b42182c6b,2021-07,Cumbria Constabulary,Cumbria Constabulary,-3.570891,54.529098,On or near Steeple Close,E01019294,Copeland 005C,Public order,Unable to prosecute suspect,
696981a0b0cd458695038fd09a8234f628a6fbbb5cad011c94a0dd37e0b00881,2021-07,Cumbria Constabulary,Cumbria Constabulary,-3.572138,54.528569,On or near Tomlin Avenue,E01019294,Copeland 005C,Vehicle crime,Awaiting court outcome,
f829729aeb325af3ea7d59893f32be2026d104f24d757a3d742559e8a4a9e0f5,2021-07,Cumbria Constabulary,Cumbria Constabulary,-3.576189,54.534242,On or near Duddon Close,E01019294,Copeland 005C,Violence and sexual offences,Unable to prosecute suspect,
1997e801b13ae69ff413d5afe579ce8ae0d0a7a40fc22dae39b6a98be6ba055c,2021-07,Cumbria Constabulary,Cumbria Constabulary,-3.570891,54.529098,On or near Steeple Close,E01019294,Copeland 005C,Violence and sexual offences,Unable to prosecute suspect,
433f03ce26ab11f8cf4335ba703da3838feff22c42cc1f2d3e87c3560dd0dd39,2021-07,Cumbria Constabulary,Cumbria Constabulary,-3.570891,54.529098,On or near Steeple Close,E01019294,Copeland 005C,Violence and sexual offences,Unable to prosecute suspect,
18168aeb9177fe55b208ebf77370ba6cc4893c63e96d65ad61d9f3f3c601f14f,2021-07,Cumbria Constabulary,Cumbria Constabulary,-3.576189,54.534242,On or near Duddon Close,E01019294,Copeland 005C,Violence and sexual offences,Unable to prosecute suspect,
fe90a0f51f879ce505a95fa3bbd19a29baff64e2c766b48feed78e966e6232f0,2021-07,Cumbria Constabulary,Cumbria Constabulary,-3.575203,54.530327,On or near Whinlatter Road,E01019294,Copeland 005C,Violence and sexual offences,Unable to prosecute suspect,
,2021-07,Cumbria Constabulary,Cumbria Constabulary,-3.578161,54.525678,On or near Kinniside Avenue,E01019295,Copeland 005D,Anti-social behaviour,,
,2021-07,Cumbria Constabulary,Cumbria Constabulary,-3.577156,54.525250,On or near Latrigg Road,E01019295,Copeland 005D,Anti-social behaviour,,
af858206a1056395f42f0efde6238a1e8cac3d8eee7479be10cdcb6e9f1765bb,2021-07,Cumbria Constabulary,Cumbria Constabulary,-3.578161,54.525678,On or near Kinniside Avenue,E01019295,Copeland 005D,Criminal damage and arson,Investigation complete; no suspect identified,
19f8c52ee813bef65591ffac0a97f83084b6fb78ebf2869be327f2fdfc6a0ba2,2021-07,Cumbria Constabulary,Cumbria Constabulary,-3.578161,54.525678,On or near Kinniside Avenue,E01019295,Copeland 005D,Criminal damage and arson,Unable to prosecute suspect,
26f3431545fbc4309c285c453c64ff841be60c1f5c5b4653d500893f7c68a412,2021-07,Cumbria Constabulary,Cumbria Constabulary,-3.578161,54.525678,On or near Kinniside Avenue,E01019295,Copeland 005D,Criminal damage and arson,Unable to prosecute suspect,
b98421d0e83f0556e83973c74b07370ceba3abae41d732e50f58d4d27680344e,2021-07,Cumbria Constabulary,Cumbria Constabulary,-3.580264,54.523727,On or near Ashness Close,E01019295,Copeland 005D,Other theft,Investigation complete; no suspect identified,
c0cd75e7f13cb7db54b0a0bbed16430e8caffc39f81be669467086df49dd3ac2,2021-07,Cumbria Constabulary,Cumbria Constabulary,-3.578161,54.525678,On or near Kinniside Avenue,E01019295,Copeland 005D,Public order,Court result unavailable,
d964e7eeb3f6c2bcfaf2b49aa9267948e7e70a3404e0292952de956a200b0fc1,2021-07,Cumbria Constabulary,Cumbria Constabulary,-3.575874,54.524081,On or near The Oval,E01019295,Copeland 005D,Public order,Unable to prosecute suspect,
3ddaa866093a8b4b5c731bbf8a10bfc025395c72f1dd6c34ecf5dce034792f78,2021-07,Cumbria Constabulary,Cumbria Constabulary,-3.580156,54.526523,On or near Langdale Close,E01019295,Copeland 005D,Violence and sexual offences,Unable to prosecute suspect,
07344b583173db9d9fdd45688117d703b76c52db42436ab514eba30282e344e7,2021-07,Cumbria Constabulary,Cumbria Constabulary,-3.575874,54.524081,On or near The Oval,E01019295,Copeland 005D,Violence and sexual offences,Unable to prosecute suspect,
328fba21ced68579c81d3366f90ac21807bc5b7321c40e827beb12bbe173e19e,2021-07,Cumbria Constabulary,Cumbria Constabulary,-3.580264,54.523727,On or near Ashness Close,E01019295,Copeland 005D,Violence and sexual offences,Unable to prosecute suspect,
3fce96dec8233d54d8299d7ef92be2aa53d147a36a1324ab7940369d65b8d664,2021-07,Cumbria Constabulary,Cumbria Constabulary,-3.578094,54.523135,On or near Castlerigg Close,E01019295,Copeland 005D,Violence and sexual offences,Unable to prosecute suspect,
98cf011a330c80d5fdc1958d6d185fb2ceef5e1022d0c5ed0bc4ecd32637a244,2021-07,Cumbria Constabulary,Cumbria Constabulary,-3.578399,54.527841,On or near Seathwaite Avenue,E01019295,Copeland 005D,Violence and sexual offences,Offender given a caution,
6accdf9c2ba20ec6df0307f92a6969fe35bb5f395d8719566ed176a13cffe8c4,2021-07,Cumbria Constabulary,Cumbria Constabulary,-3.578094,54.523135,On or near Castlerigg Close,E01019295,Copeland 005D,Violence and sexual offences,Unable to prosecute suspect,
e628f59b1e4a2612f5cdb1f4f3b9341b9e1a4cc3118d0b70381a63ecb41f9c1d,2021-07,Cumbria Constabulary,Cumbria Constabulary,-3.580156,54.526523,On or near Langdale Close,E01019295,Copeland 005D,Violence and sexual offences,Further investigation is not in the public interest,
6d52755b97f74d2ba7889e19cdc5a57d53878e837f363aae0208895651bf5ab1,2021-07,Cumbria Constabulary,Cumbria Constabulary,-3.578161,54.525678,On or near Kinniside Avenue,E01019295,Copeland 005D,Violence and sexual offences,Unable to prosecute suspect,
4a6346d05c31abaa12c77b5a76f0684991def3d749e8d9ffa465aa4c5953c238,2021-07,Cumbria Constabulary,Cumbria Constabulary,-3.578289,54.527393,On or near Lorton Close,E01019295,Copeland 005D,Violence and sexual offences,Status update unavailable,
f64a8aa21121bd884a378601ac47379d56863b16d873be682c523934ae5d80df,2021-07,Cumbria Constabulary,Cumbria Constabulary,-3.576624,54.525904,On or near Wasdale Close,E01019295,Copeland 005D,Violence and sexual offences,Investigation complete; no suspect identified,
2a04c752ff7d3ff6981c38de3e7f9b01c38b757f57db05481681f90f73273576,2021-07,Cumbria Constabulary,Cumbria Constabulary,-3.580156,54.526523,On or near Langdale Close,E01019295,Copeland 005D,Violence and sexual offences,Unable to prosecute suspect,
4fa680507588c2d737d23521ca0bcf9a3c6103293c23bf65e7515a34c9cc79e5,2021-07,Cumbria Constabulary,Cumbria Constabulary,-3.578289,54.527393,On or near Lorton Close,E01019295,Copeland 005D,Other crime,Further investigation is not in the public interest,
e27b959610e2c5f759926674f25a5abf254000ad4df1059e25b945eba99e625a,2021-07,Cumbria Constabulary,Cumbria Constabulary,-3.580033,54.522930,On or near Lingmell Close,E01019296,Copeland 005E,Public order,Unable to prosecute suspect,
d900932890fac3a647679ecc4e9b1a3cedfbb614ea2efb9cde0f8d8cc76c5832,2021-07,Cumbria Constabulary,Cumbria Constabulary,-3.572884,54.522268,On or near Stanley View,E01019296,Copeland 005E,Vehicle crime,Investigation complete; no suspect identified,
789efba3f6fc5f92b02a9e560898c04ec2dada47db4176f8f738d9b3df5644ce,2021-07,Cumbria Constabulary,Cumbria Constabulary,-3.572884,54.522268,On or near Stanley View,E01019296,Copeland 005E,Vehicle crime,Investigation complete; no suspect identified,
38be9b2beec6df6fa52b40a185bbe81c381633479529afaf69e764d022b19d01,2021-07,Cumbria Constabulary,Cumbria Constabulary,-3.567152,54.525084,On or near Yewbarrow Close,E01019296,Copeland 005E,Violence and sexual offences,Further investigation is not in the public interest,
6cfce52ad1a5c92fffd7220632ebba3e50829c33ca3d271e292db6abbaecffdf,2021-07,Cumbria Constabulary,Cumbria Constabulary,-3.567152,54.525084,On or near Yewbarrow Close,E01019296,Copeland 005E,Violence and sexual offences,Further investigation is not in the public interest,
501c430f4ad6007abd63e236c6028e17f2304eb626ebaa0c3991f041d7287bb8,2021-07,Cumbria Constabulary,Cumbria Constabulary,-3.574301,54.521746,On or near Mirehouse Road,E01019296,Copeland 005E,Violence and sexual offences,Unable to prosecute suspect,
4f0f23b9fff14337bb197f10b8bb31b502a7a34b81b0ccb4188f66105a5912f4,2021-07,Cumbria Constabulary,Cumbria Constabulary,-3.567734,54.527377,On or near Egremont Road,E01019296,Copeland 005E,Violence and sexual offences,Investigation complete; no suspect identified,
,2021-07,Cumbria Constabulary,Cumbria Constabulary,-3.588372,54.529588,On or near Wastwater Road,E01019301,Copeland 005F,Anti-social behaviour,,
1d00c24ce9b44950c8b3986468763f0a51d9d0b2b9bbb6b9334219eef5a15706,2021-07,Cumbria Constabulary,Cumbria Constabulary,-3.592729,54.533531,On or near Brakeside Gardens,E01019301,Copeland 005F,Criminal damage and arson,Further action is not in the public interest,
0aa81c3913653e018bc6e3c3c4391bc8f3b5cd178cee07a61e82f964a3eded42,2021-07,Cumbria Constabulary,Cumbria Constabulary,-3.593134,54.531620,On or near Loweswater Avenue,E01019301,Copeland 005F,Other theft,Unable to prosecute suspect,
83a2a595ef62975242c81049e002cdf7da115055101817fe45ef829f932531db,2021-07,Cumbria Constabulary,Cumbria Constabulary,-3.584635,54.526860,On or near Gameriggs Road,E01019301,Copeland 005F,Violence and sexual offences,Unable to prosecute suspect,
7104cde14a3cdc63c1d255765e5bd37007b2f8f02fb9e14de45b443281e1c4cc,2021-07,Cumbria Constabulary,Cumbria Constabulary,-3.591234,54.530063,On or near Fleswick Avenue,E01019301,Copeland 005F,Violence and sexual offences,Unable to prosecute suspect,
4adc0443c8dde6eda3f2a2322e82d4295340cb8ea9abe5e754d63a673deccbde,2021-07,Cumbria Constabulary,Cumbria Constabulary,-3.593257,54.529623,On or near Crummock Avenue,E01019301,Copeland 005F,Violence and sexual offences,Status update unavailable,
5684c9c27a453ab5223b4d8601670ae4da6ef396790159da0f3ebf1e60c25368,2021-07,Cumbria Constabulary,Cumbria Constabulary,-3.593581,54.528819,On or near Windermere Road,E01019301,Copeland 005F,Violence and sexual offences,Investigation complete; no suspect identified,
a5de23c37301a6c26362e42c419eaf92573aecec5112279fcc75daab17551feb,2021-07,Cumbria Constabulary,Cumbria Constabulary,-3.592729,54.533531,On or near Brakeside Gardens,E01019301,Copeland 005F,Violence and sexual offences,Unable to prosecute suspect,
5de264ca0ffb57e823ddac63543fec371a18b7e2d29db6772feecf5b07cee69d,2021-07,Cumbria Constabulary,Cumbria Constabulary,-3.593581,54.528819,On or near Windermere Road,E01019301,Copeland 005F,Violence and sexual offences,Investigation complete; no suspect identified,
c676ccbbdfda292ca21a0c1834d99d4319c9ed05adc0be905a1133e078aef7b1,2021-07,Cumbria Constabulary,Cumbria Constabulary,-3.593380,54.534358,On or near Supermarket,E01019301,Copeland 005F,Violence and sexual offences,Court result unavailable,
f7140e9e9419eae119e6bf8c7f91f9cf2f67a80fe95ca21173c080e2e3bceca2,2021-07,Cumbria Constabulary,Cumbria Constabulary,-3.593257,54.529623,On or near Crummock Avenue,E01019301,Copeland 005F,Violence and sexual offences,Unable to prosecute suspect,
b7226fa595a5b08ce26d447d2fe4d223b7381952a03f46068bbe1d1ca79b5082,2021-07,Cumbria Constabulary,Cumbria Constabulary,-3.591876,54.529075,On or near Coniston Road,E01019301,Copeland 005F,Violence and sexual offences,Unable to prosecute suspect,
6ede778736face8b0728721aa1e5c3909beb9669e27824cee9cea85a7029dbcb,2021-07,Cumbria Constabulary,Cumbria Constabulary,-3.584635,54.526860,On or near Gameriggs Road,E01019301,Copeland 005F,Violence and sexual offences,Unable to prosecute suspect,
d0c0776e6e7bf94bed69a9e9929ce6aa3a1e64ccf41a13bfc2fac15a06e822fb,2021-07,Cumbria Constabulary,Cumbria Constabulary,-3.584635,54.526860,On or near Gameriggs Road,E01019301,Copeland 005F,Violence and sexual offences,Unable to prosecute suspect,
5f4d5edb6d2f6f06f8254d414536c39e58b6bb1d2ab6d63ba24a1453928246c1,2021-07,Cumbria Constabulary,Cumbria Constabulary,-3.584635,54.526860,On or near Gameriggs Road,E01019301,Copeland 005F,Violence and sexual offences,Unable to prosecute suspect,
01e9c3dad75adca3f099347ee1c28d3c30385c1a3f32997d3ccfdd17f89ffc49,2021-07,Cumbria Constabulary,Cumbria Constabulary,-3.593380,54.534358,On or near Supermarket,E01019301,Copeland 005F,Violence and sexual offences,Court result unavailable,
62fc6629cef3ca22ab79ebfd521ca97b1604d60b99280357eb2496d53ac03f27,2021-07,Cumbria Constabulary,Cumbria Constabulary,-3.593257,54.529623,On or near Crummock Avenue,E01019301,Copeland 005F,Other crime,Further investigation is not in the public interest,
6c254f35f62df7b88447351c1e5efee0564e531c21cdc7a8c5a48105bde4ab57,2021-07,Cumbria Constabulary,Cumbria Constabulary,-3.584980,54.528581,On or near Bowness Road,E01019301,Copeland 005F,Other crime,Further investigation is not in the public interest,
0c10b6884b10fff4278dbbee8335415b8e72db11152693313b1d09cb7b84ce9a,2021-07,Cumbria Constabulary,Cumbria Constabulary,-3.609793,54.506844,On or near Park/Open Space,E01019302,Copeland 005G,Criminal damage and arson,Investigation complete; no suspect identified,
bd5ff86078e41c79dfc14de7473c06f4e537f63522e0abfaf0d8678b96dc4571,2021-07,Cumbria Constabulary,Cumbria Constabulary,-3.595613,54.533376,On or near Rydal Avenue,E01019302,Copeland 005G,Violence and sexual offences,Further action is not in the public interest,
,2021-07,Cumbria Constabulary,Cumbria Constabulary,-3.536058,54.483401,On or near Whitegate,E01019271,Copeland 006A,Anti-social behaviour,,
,2021-07,Cumbria Constabulary,Cumbria Constabulary,-3.531887,54.488676,On or near North Road,E01019271,Copeland 006A,Anti-social behaviour,,
5d8b70ec306897965cd286ecd3df6bdedc5deec1f742af48180ca8d51ed2154e,2021-07,Cumbria Constabulary,Cumbria Constabulary,-3.533427,54.487353,On or near Beech Avenue,E01019271,Copeland 006A,Public order,Unable to prosecute suspect,
246d78b341232ae6a600f71755e56e7e06b73b48666a2ca253525fb8b694d1e5,2021-07,Cumbria Constabulary,Cumbria Constabulary,-3.532771,54.497878,On or near Park/Open Space,E01019271,Copeland 006A,Violence and sexual offences,Action to be taken by another organisation,
66ed6bd22ff546b7f98d4496fbfa35b90b6c7eb84f28f97b4b46254598e8313e,2021-07,Cumbria Constabulary,Cumbria Constabulary,-3.532019,54.486014,On or near Copeland Avenue,E01019271,Copeland 006A,Violence and sexual offences,Unable to prosecute suspect,
ff85f6aeef8d18a37dcf564a533332181adcafc0624c1f59f795a6a23c1d5faf,2021-07,Cumbria Constabulary,Cumbria Constabulary,-3.536107,54.485531,On or near The Crescent,E01019271,Copeland 006A,Violence and sexual offences,Further action is not in the public interest,
e298baaa2b2dbe65053f050eff951b943d3031b8c4616794666191ff11e57324,2021-07,Cumbria Constabulary,Cumbria Constabulary,-3.535057,54.486362,On or near Smithfield Road,E01019271,Copeland 006A,Violence and sexual offences,Unable to prosecute suspect,
f8e7aa7de33ef1c8296b2fe383da724c3b66949e80e857ad7968ecbe79f65d89,2021-07,Cumbria Constabulary,Cumbria Constabulary,-3.543688,54.500741,On or near Croftlands,E01019271,Copeland 006A,Violence and sexual offences,Unable to prosecute suspect,
4c35854b526b85b12a0e8896381f099bed54b90f85ae2b2aab9692d53f863239,2021-07,Cumbria Constabulary,Cumbria Constabulary,-3.532019,54.486014,On or near Copeland Avenue,E01019271,Copeland 006A,Other crime,Unable to prosecute suspect,
,2021-07,Cumbria Constabulary,Cumbria Constabulary,-3.536944,54.484397,On or near Dryden Way,E01019272,Copeland 006B,Anti-social behaviour,,
5c707a74e8b92526df74c971d997a13777f1285387a5ddfb75d396c48f2216ca,2021-07,Cumbria Constabulary,Cumbria Constabulary,-3.538471,54.484782,On or near Milton Road,E01019272,Copeland 006B,Criminal damage and arson,Investigation complete; no suspect identified,
26b2b7c20c10bd1d6e1241882e8717ee429a4bd0718db72d13b874d9f39e24ac,2021-07,Cumbria Constabulary,Cumbria Constabulary,-3.538471,54.484782,On or near Milton Road,E01019272,Copeland 006B,Criminal damage and arson,Unable to prosecute suspect,
f8a59420c1c3bd438afa9ffff9461e6d5959fc7b1689181cc732bcbb30613e07,2021-07,Cumbria Constabulary,Cumbria Constabulary,-3.538471,54.484782,On or near Milton Road,E01019272,Copeland 006B,Criminal damage and arson,Unable to prosecute suspect,
59cd2fe023926c9cdb5800b4d98f041af18f31cef0fcef7fdbbbcc24cf049223,2021-07,Cumbria Constabulary,Cumbria Constabulary,-3.536944,54.484397,On or near Dryden Way,E01019272,Copeland 006B,Public order,Unable to prosecute suspect,
ecf81d125002bdf43192ecf0b9a3b73a89311606eafc7bd770a74d6fb79ecc57,2021-07,Cumbria Constabulary,Cumbria Constabulary,-3.538471,54.484782,On or near Milton Road,E01019272,Copeland 006B,Violence and sexual offences,Investigation complete; no suspect identified,
a4223e8022a7b03f88fb2f19c4ebebcd7987682aabd81bf788468a321cac090f,2021-07,Cumbria Constabulary,Cumbria Constabulary,-3.536944,54.484397,On or near Dryden Way,E01019272,Copeland 006B,Violence and sexual offences,Unable to prosecute suspect,
e78d22dde3b5cad6488eb8448d1b6f1982224a76e1a4caca87b3430091a0b226,2021-07,Cumbria Constabulary,Cumbria Constabulary,-3.545886,54.482871,On or near Ashlea Road,E01019272,Copeland 006B,Violence and sexual offences,Unable to prosecute suspect,
ecedfeca9a06b397a7e7e416a63d5eefb1d4cf82907b4c4bb6f30a017bf6457c,2021-07,Cumbria Constabulary,Cumbria Constabulary,-3.537807,54.482300,On or near Tennyson Drive,E01019272,Copeland 006B,Violence and sexual offences,Further investigation is not in the public interest,
82ab5999d6f42d4ed1108c704d28a2e0d4ce752f6e928d81424efba0f41c9793,2021-07,Cumbria Constabulary,Cumbria Constabulary,-3.545353,54.505977,On or near Treetops,E01019273,Copeland 006C,Drugs,Court result unavailable,
aae78b927694958db44cdf7118ae796c64495665364ac009c1b0229c01b18187,2021-07,Cumbria Constabulary,Cumbria Constabulary,-3.545353,54.505977,On or near Treetops,E01019273,Copeland 006C,Possession of weapons,Local resolution,
d3e848c05fc92a9985ecfeb81047203bd52e9b6bbc81d59bf8ec3827e88f4a39,2021-07,Cumbria Constabulary,Cumbria Constabulary,-3.545353,54.505977,On or near Treetops,E01019273,Copeland 006C,Possession of weapons,Local resolution,
,2021-07,Cumbria Constabulary,Cumbria Constabulary,-3.524484,54.482236,On or near Church Street,E01019274,Copeland 006D,Anti-social behaviour,,
dabec3eb6f2c3b6761ab10b26366e7cb60c6dbc4951c901e7487c2b48b8f76d5,2021-07,Cumbria Constabulary,Cumbria Constabulary,-3.527962,54.481958,On or near Supermarket,E01019274,Copeland 006D,Criminal damage and arson,Investigation complete; no suspect identified,
b9403b7e653024c149a97492cf2fed3ba788f68a95858e07ccb98a2aec37d56a,2021-07,Cumbria Constabulary,Cumbria Constabulary,-3.527308,54.485552,On or near Petrol Station,E01019274,Copeland 006D,Criminal damage and arson,Unable to prosecute suspect,
0c5202ab2e1d2d8f04425bf0610695aca3e6a45e367b16991e21f8cd5be0f1af,2021-07,Cumbria Constabulary,Cumbria Constabulary,-3.529150,54.487731,On or near Station Close,E01019274,Copeland 006D,Criminal damage and arson,Unable to prosecute suspect,
f96ad55c3b11f8ca922bc43444e0ac858018ce5fe51d814e741eb74db6825a67,2021-07,Cumbria Constabulary,Cumbria Constabulary,-3.527962,54.481958,On or near Supermarket,E01019274,Copeland 006D,Criminal damage and arson,Investigation complete; no suspect identified,
8dbeb6f70499aa955cc331334c7bf4299750425f1b076f55e5d059ac95bad23a,2021-07,Cumbria Constabulary,Cumbria Constabulary,-3.529150,54.487731,On or near Station Close,E01019274,Copeland 006D,Criminal damage and arson,Unable to prosecute suspect,
6cd73ae1c534086bb6f6f67d6b3c96eaaf6f92a44b2b7b979e9b1124c097397f,2021-07,Cumbria Constabulary,Cumbria Constabulary,-3.527308,54.485552,On or near Petrol Station,E01019274,Copeland 006D,Criminal damage and arson,Unable to prosecute suspect,
6db8d67759e91b7251aec8d234d95fa70185254f94b46025e91206b9ecb57623,2021-07,Cumbria Constabulary,Cumbria Constabulary,-3.528306,54.481675,On or near Supermarket,E01019274,Copeland 006D,Criminal damage and arson,Unable to prosecute suspect,
b1b73b0046085a20f051dfc8492d5f24006f3d37f055111213725daad1be693c,2021-07,Cumbria Constabulary,Cumbria Constabulary,-3.528097,54.485165,On or near Pedestrian Subway,E01019274,Copeland 006D,Drugs,Court result unavailable,
85971e36e02043685fa08111c91239c77f52bbbeeaf578d26f9e8907db5e2896,2021-07,Cumbria Constabulary,Cumbria Constabulary,-3.525938,54.490612,On or near Riverside Drive,E01019274,Copeland 006D,Public order,Investigation complete; no suspect identified,
9bcaac924894a3ed09e35e4a4018ff061a2ce59eded0023a73a3abfca481d6b8,2021-07,Cumbria Constabulary,Cumbria Constabulary,-3.527308,54.485552,On or near Petrol Station,E01019274,Copeland 006D,Public order,Unable to prosecute suspect,
0f3532e87164968abc5f9eec4e5c12b5e5574b406462417d8c1cc31366353e43,2021-07,Cumbria Constabulary,Cumbria Constabulary,-3.528306,54.481675,On or near Supermarket,E01019274,Copeland 006D,Public order,Unable to prosecute suspect,
67e6766055439e672021399956484c67d8c64197c4ac5797157547229676e94a,2021-07,Cumbria Constabulary,Cumbria Constabulary,-3.527962,54.481958,On or near Supermarket,E01019274,Copeland 006D,Vehicle crime,Investigation complete; no suspect identified,
6a60f7d4418f55b9db9372d38ea1ab90928040827985f7b6ad9d36aee6c8de41,2021-07,Cumbria Constabulary,Cumbria Constabulary,-3.533218,54.481775,On or near Central Avenue,E01019274,Copeland 006D,Violence and sexual offences,Unable to prosecute suspect,
bc89708ee52a6f7054dab152bfb48b318558c058fcbe17a772e4e94103feed8c,2021-07,Cumbria Constabulary,Cumbria Constabulary,-3.528655,54.483989,On or near Wyndham Way,E01019274,Copeland 006D,Violence and sexual offences,Unable to prosecute suspect,
cedb3c17927137a8d8f09c8e166eeed5f669300ff7f7fb0e90efde8fac38af75,2021-07,Cumbria Constabulary,Cumbria Constabulary,-3.523881,54.489281,On or near Briscoe Road,E01019274,Copeland 006D,Violence and sexual offences,Unable to prosecute suspect,
d9cb3ec834a6adf92b80cae30535d38f2ce7cf8801427f2ef2a5d23b45bf7531,2021-07,Cumbria Constabulary,Cumbria Constabulary,-3.527132,54.489527,On or near Dent View,E01019274,Copeland 006D,Violence and sexual offences,Unable to prosecute suspect,
c28283ebc6e8d56424d19bc6d891509ac81d3e12d508d345ff62d8e4184355cc,2021-07,Cumbria Constabulary,Cumbria Constabulary,-3.527132,54.489527,On or near Dent View,E01019274,Copeland 006D,Violence and sexual offences,Unable to prosecute suspect,
9ca9721d75301103bee1ade64e41de1e1cb80169e01afde19696566614f783e9,2021-07,Cumbria Constabulary,Cumbria Constabulary,-3.528317,54.483221,On or near Main Street,E01019274,Copeland 006D,Violence and sexual offences,Unable to prosecute suspect,
dc8d61c5df2eaf58f4384b87bfb3a0915971e828445d0425888f117853fe4a89,2021-07,Cumbria Constabulary,Cumbria Constabulary,-3.529969,54.482804,On or near Church View,E01019274,Copeland 006D,Violence and sexual offences,Unable to prosecute suspect,
313e72efe9cb94086d9c1188c21c2a9be06b1dd9d8c0df3aabded1980d8e0152,2021-07,Cumbria Constabulary,Cumbria Constabulary,-3.528789,54.482613,On or near Nightclub,E01019274,Copeland 006D,Violence and sexual offences,Unable to prosecute suspect,
1dee684ce8463c5e76b37b431e5aebad4edc75147f47a4a395db8aee91afd504,2021-07,Cumbria Constabulary,Cumbria Constabulary,-3.528306,54.481675,On or near Supermarket,E01019274,Copeland 006D,Violence and sexual offences,Unable to prosecute suspect,
6089b38359242a997893e170a44960fd767fd935eda6ce0a476de8d86ef9333c,2021-07,Cumbria Constabulary,Cumbria Constabulary,-3.523881,54.489281,On or near Briscoe Road,E01019274,Copeland 006D,Violence and sexual offences,Unable to prosecute suspect,
26c074ed41457ab9af2e3549c43042b651e93cf2fb181e7863c73593148cd4b2,2021-07,Cumbria Constabulary,Cumbria Constabulary,-3.528655,54.483989,On or near Wyndham Way,E01019274,Copeland 006D,Other crime,Further investigation is not in the public interest,
7e61fea9d46f6e4d92edf1a75c06fc690727ed38d9472cc9e410c01741a776b1,2021-07,Cumbria Constabulary,Cumbria Constabulary,-3.528655,54.483989,On or near Wyndham Way,E01019274,Copeland 006D,Other crime,Further action is not in the public interest,
,2021-07,Cumbria Constabulary,Cumbria Constabulary,-3.528724,54.479638,On or near Old Bridge,E01019275,Copeland 006E,Anti-social behaviour,,
,2021-07,Cumbria Constabulary,Cumbria Constabulary,-3.536775,54.474961,On or near Royal Drive,E01019275,Copeland 006E,Anti-social behaviour,,
,2021-07,Cumbria Constabulary,Cumbria Constabulary,-3.536775,54.474961,On or near Royal Drive,E01019275,Copeland 006E,Anti-social behaviour,,
,2021-07,Cumbria Constabulary,Cumbria Constabulary,-3.536775,54.474961,On or near Royal Drive,E01019275,Copeland 006E,Anti-social behaviour,,
784753c4371e8bfb00182ebadcb6685d836aad661a131246f6867d7c8801d325,2021-07,Cumbria Constabulary,Cumbria Constabulary,-3.526155,54.480282,On or near Croft Terrace,E01019275,Copeland 006E,Criminal damage and arson,Unable to prosecute suspect,
7c6670500a71916454a68b9dd7419c2aec4ac5a7607c0b60c56a4d2684a1a4f8,2021-07,Cumbria Constabulary,Cumbria Constabulary,-3.543841,54.481019,On or near Fair View,E01019275,Copeland 006E,Other theft,Unable to prosecute suspect,
87475c26543b94e5057551ee9467ca50482fd9b160704405212b2b0f052ce07f,2021-07,Cumbria Constabulary,Cumbria Constabulary,-3.528724,54.479638,On or near Old Bridge,E01019275,Copeland 006E,Public order,Investigation complete; no suspect identified,
80db467e147ccde633bcbf207181367a3c7a7cd20903d7f089f7d1607a64100f,2021-07,Cumbria Constabulary,Cumbria Constabulary,-3.536775,54.474961,On or near Royal Drive,E01019275,Copeland 006E,Public order,Unable to prosecute suspect,
14f391d0cc905ac0a025cdee767ff847b43645006245c4e16a6924b2b135f7b8,2021-07,Cumbria Constabulary,Cumbria Constabulary,-3.536775,54.474961,On or near Royal Drive,E01019275,Copeland 006E,Public order,Unable to prosecute suspect,
37b25421763a0aa571531f9f87375f5f6c146a905c698a804c1340899b1e9349,2021-07,Cumbria Constabulary,Cumbria Constabulary,-3.536775,54.474961,On or near Royal Drive,E01019275,Copeland 006E,Violence and sexual offences,Unable to prosecute suspect,
f00fba22c4cfec57d2fccf4b7bd96d3a665bb335c14bb1cbb636ba781812b999,2021-07,Cumbria Constabulary,Cumbria Constabulary,-3.533261,54.480426,On or near Hagget End Close,E01019275,Copeland 006E,Other crime,Awaiting court outcome,
7b4d20ddc061a316bee7ff7846301e7f3ac7aaa5009a3e85f9ae83df7e97ab61,2021-07,Cumbria Constabulary,Cumbria Constabulary,-3.536775,54.474961,On or near Royal Drive,E01019275,Copeland 006E,Other crime,Action to be taken by another organisation,
,2021-07,Cumbria Constabulary,Cumbria Constabulary,-3.558696,54.454008,On or near Pebbles Rise,E01019257,Copeland 007A,Anti-social behaviour,,
,2021-07,Cumbria Constabulary,Cumbria Constabulary,-3.533227,54.439926,On or near Beck Close,E01019257,Copeland 007A,Anti-social behaviour,,
8898843bfff345c851a5003ef84e2ebc321f0c28b1fbb0ec363ef2d2a5463b8b,2021-07,Cumbria Constabulary,Cumbria Constabulary,-3.533227,54.439926,On or near Beck Close,E01019257,Copeland 007A,Other theft,Unable to prosecute suspect,
ea3a7101a4c354fe7695a6a70dbd54ff8b56574332cddca1ce08f3df6f19aced,2021-07,Cumbria Constabulary,Cumbria Constabulary,-3.525549,54.464408,On or near St John'S Road,E01019257,Copeland 007A,Public order,Unable to prosecute suspect,
3ee16ea7b5bc76eceea1bc4ae69298bdbd557719ba94a088139195bed63208a7,2021-07,Cumbria Constabulary,Cumbria Constabulary,-3.525549,54.464408,On or near St John'S Road,E01019257,Copeland 007A,Public order,Unable to prosecute suspect,
23518099c542b965088a43b494fec603b6958520801d788155d6bbbdd84cf0f7,2021-07,Cumbria Constabulary,Cumbria Constabulary,-3.528948,54.464967,On or near New Road,E01019257,Copeland 007A,Violence and sexual offences,Unable to prosecute suspect,
,2021-07,Cumbria Constabulary,Cumbria Constabulary,-3.478640,54.441191,On or near Petrol Station,E01019258,Copeland 007B,Anti-social behaviour,,
,2021-07,Cumbria Constabulary,Cumbria Constabulary,-3.277058,54.462167,On or near Park/Open Space,E01019279,Copeland 007C,Anti-social behaviour,,
1c025992b1a065eddfdd4f515b95b1eed99692156056048f030f2c67968bd4a5,2021-07,Cumbria Constabulary,Cumbria Constabulary,-3.482244,54.438091,On or near Pelham Drive,E01019279,Copeland 007C,Criminal damage and arson,Investigation complete; no suspect identified,
5fdb8be0084e7ef6925a9eb639bd76f999f4035c4a758bd326d9c8a02c20ac44,2021-07,Cumbria Constabulary,Cumbria Constabulary,-3.482244,54.438091,On or near Pelham Drive,E01019279,Copeland 007C,Other theft,Investigation complete; no suspect identified,
c47653754689dd8193f7df181f186ab819568674dff3d43b91f273910f1b2c15,2021-07,Cumbria Constabulary,Cumbria Constabulary,-3.482244,54.438091,On or near Pelham Drive,E01019279,Copeland 007C,Other theft,Investigation complete; no suspect identified,
d6b34a7aa51182676a72f72fe057cf50ee9486ec8054d2b2b78d9fe2c88fb947,2021-07,Cumbria Constabulary,Cumbria Constabulary,-3.482244,54.438091,On or near Pelham Drive,E01019279,Copeland 007C,Other theft,Investigation complete; no suspect identified,
830320cabbd4addb4be87c38fcfe3ab7f03c15c664e68f95bdc1e8c8b01ea35f,2021-07,Cumbria Constabulary,Cumbria Constabulary,-3.418262,54.424011,On or near Leagate Brow,E01019279,Copeland 007C,Public order,Unable to prosecute suspect,
2c9fd8044f9f4c94e0e263f152aa1c5a99da1d3f530fa1ade73e65bb8114146e,2021-07,Cumbria Constabulary,Cumbria Constabulary,-3.432683,54.396005,On or near Park/Open Space,E01019279,Copeland 007C,Public order,Investigation complete; no suspect identified,
d183cf8b7b2e6f2e41e1d9d72c16a3a86c87ed6e8118dc49a4a1852fd44a80be,2021-07,Cumbria Constabulary,Cumbria Constabulary,-3.482244,54.438091,On or near Pelham Drive,E01019279,Copeland 007C,Vehicle crime,Investigation complete; no suspect identified,
5b366033032d0f9aa53595a35602b14255e53a63407fddcc9ad36f62db6d533e,2021-07,Cumbria Constabulary,Cumbria Constabulary,-3.433194,54.420357,On or near Denton Park Court,E01019279,Copeland 007C,Vehicle crime,Investigation complete; no suspect identified,
19b31e48aca3644fa250b323c042077b82381235e9ac162f7ccdaa5e68191082,2021-07,Cumbria Constabulary,Cumbria Constabulary,-3.438127,54.419067,On or near Parking Area,E01019279,Copeland 007C,Violence and sexual offences,Unable to prosecute suspect,
b7db86d1b203027266629978465bca805ffa02a6b46561a120d063af9f51eb8d,2021-07,Cumbria Constabulary,Cumbria Constabulary,-3.277058,54.462167,On or near Park/Open Space,E01019279,Copeland 007C,Violence and sexual offences,Investigation complete; no suspect identified,
941b13db62debb0296f567832ccfd0c9c8dbc281d84a886927df8f65ca1b9765,2021-07,Cumbria Constabulary,Cumbria Constabulary,-3.440207,54.418179,On or near Sports/Recreation Area,E01019279,Copeland 007C,Violence and sexual offences,Unable to prosecute suspect,
,2021-07,Cumbria Constabulary,Cumbria Constabulary,-3.590861,54.495833,On or near Wood Lane,E01019300,Copeland 007D,Anti-social behaviour,,
e58f973e9a6a1858a02e65fb9f6f52f6dac5b2c58420277a6b8f47af72b141f3,2021-07,Cumbria Constabulary,Cumbria Constabulary,-3.600163,54.490838,On or near Sports/Recreation Area,E01019300,Copeland 007D,Drugs,Investigation complete; no suspect identified,
8f128c26d56ee87b6e8c82c0f2ef48a022b476a0f05df64e849ce382e876ef14,2021-07,Cumbria Constabulary,Cumbria Constabulary,-3.587609,54.490815,On or near The Crofts,E01019300,Copeland 007D,Public order,Investigation complete; no suspect identified,
9a4b0c9558f09923de5bd6d91000b75593eeafe3071b7b8c530d4f54c23dc1b5,2021-07,Cumbria Constabulary,Cumbria Constabulary,-3.603837,54.490439,On or near Parking Area,E01019300,Copeland 007D,Violence and sexual offences,Unable to prosecute suspect,
568dd96505b8aee2108b176c462c4ace89bcc9bab3de77c71b170b96df4b373d,2021-07,Cumbria Constabulary,Cumbria Constabulary,-3.601264,54.491372,On or near Beach Road,E01019300,Copeland 007D,Violence and sexual offences,Unable to prosecute suspect,
,2021-07,Cumbria Constabulary,Cumbria Constabulary,-3.476189,54.397036,On or near Santon Way,E01019303,Copeland 007E,Anti-social behaviour,,
564c302f353da81999148033b6e72dc233754ddeea10c798a72b03f2243ddee5,2021-07,Cumbria Constabulary,Cumbria Constabulary,-3.485243,54.396116,On or near Parking Area,E01019303,Copeland 007E,Violence and sexual offences,Local resolution,
349cae2f69fcf68b15b92102fde492fb1149b158ebde77fccd38f07052dab8cc,2021-07,Cumbria Constabulary,Cumbria Constabulary,-3.478524,54.397295,On or near Gosforth Road,E01019303,Copeland 007E,Violence and sexual offences,Unable to prosecute suspect,
31b28676a3c1119c3c8e5711b0bf71a28d911e5b03b769d820aa91f3860e45b9,2021-07,Cumbria Constabulary,Cumbria Constabulary,-3.455602,54.379867,On or near Park/Open Space,E01019304,Copeland 007F,Public order,Investigation complete; no suspect identified,
96a3c369ce64a7c0d1be8068063ae8d63ed5be62600483fbaf41a5d2d564d1e9,2021-07,Cumbria Constabulary,Cumbria Constabulary,-3.479117,54.391518,On or near Drigg Road,E01019304,Copeland 007F,Violence and sexual offences,Unable to prosecute suspect,
accc02218f704dba0bdaca911ebc77feb38e17030d34b8d7d95cb7e6b6577967,2021-07,Cumbria Constabulary,Cumbria Constabulary,-3.441448,54.377557,On or near Station Road,E01019304,Copeland 007F,Violence and sexual offences,Unable to prosecute suspect,
6d516c18fe8c97d62b09ee44326826938923c6743c9cd5964c4fcb2d646d30ee,2021-07,Cumbria Constabulary,Cumbria Constabulary,-3.375049,54.324727,On or near A595,E01019259,Copeland 008A,Other theft,Investigation complete; no suspect identified,
804df158369b9ae4a9c2ff47e6419a2067543dd13f992245f7e4d267d8f68f20,2021-07,Cumbria Constabulary,Cumbria Constabulary,-3.409152,54.354354,On or near Townfield Close,E01019259,Copeland 008A,Public order,Unable to prosecute suspect,
1d1f1d1b82faa2ec35fdf3f2c9e1bc2e0fada82a3b19fea0a68329a91f6f40b3,2021-07,Cumbria Constabulary,Cumbria Constabulary,-3.375402,54.281859,On or near Chapel Lane,E01019259,Copeland 008A,Violence and sexual offences,Unable to prosecute suspect,
,2021-07,Cumbria Constabulary,Cumbria Constabulary,-3.290173,54.196984,On or near William Street,E01019283,Copeland 008B,Anti-social behaviour,,
1e18dc4c4e205f5981a011895a767ecc45c87cec84bbbeffb8fa6624f4ce58c2,2021-07,Cumbria Constabulary,Cumbria Constabulary,-3.283413,54.210332,On or near Scales View,E01019289,Copeland 008C,Criminal damage and arson,Unable to prosecute suspect,
df4f80f8644bcce7d11c47454b9e74c86f0361afb436d7df5b86376dc924b621,2021-07,Cumbria Constabulary,Cumbria Constabulary,-3.280139,54.214051,On or near Peter'S Drive,E01019289,Copeland 008C,Violence and sexual offences,Unable to prosecute suspect,
fb172148db7882e5c072e2ffaa83c483e8ad31a9b2b3f19f9fb2e38456e7d557,2021-07,Cumbria Constabulary,Cumbria Constabulary,-3.271151,54.211513,On or near Police Station,E01019290,Copeland 008D,Criminal damage and arson,Unable to prosecute suspect,
25eb1233652926f0d049870638411e228d596ec9c7c69c871a112a1c1b000227,2021-07,Cumbria Constabulary,Cumbria Constabulary,-3.275734,54.212444,On or near Kingsland Road,E01019290,Copeland 008D,Violence and sexual offences,Unable to prosecute suspect,
7e7b5e92c4b23eaae67a01dbb9eeddef19d8fc55231a77317eb839066b437fd1,2021-07,Cumbria Constabulary,Cumbria Constabulary,-3.280821,54.211303,On or near A5093,E01019290,Copeland 008D,Violence and sexual offences,Unable to prosecute suspect,
cc3451c660d413cb217e8df3ddbfa2c0b0e64757e3020c8ab21380b383da8313,2021-07,Cumbria Constabulary,Cumbria Constabulary,-3.271151,54.211513,On or near Police Station,E01019290,Copeland 008D,Violence and sexual offences,Unable to prosecute suspect,
78ada84e4aa98ec9c17bc7a25597151a33030f4f0ef66cc084d47f2505e79f65,2021-07,Cumbria Constabulary,Cumbria Constabulary,-3.276619,54.209820,On or near Moor Road,E01019290,Copeland 008D,Violence and sexual offences,Unable to prosecute suspect,
1ba1558fff758af640e2a5d39c827cdbb4a413bcf3d68eb840858d00e0b41163,2021-07,Cumbria Constabulary,Cumbria Constabulary,-3.280821,54.211303,On or near A5093,E01019290,Copeland 008D,Violence and sexual offences,Unable to prosecute suspect,
cc17e53081d23470a227dc1e9819fbafb11c845302879e3802d3142f609a2020,2021-07,Cumbria Constabulary,Cumbria Constabulary,-3.310210,54.246939,On or near A595,E01019293,Copeland 008E,Burglary,Status update unavailable,
,2021-07,Cumbria Constabulary,Cumbria Constabulary,-3.265479,54.207034,On or near Argyle Street,E01019298,Copeland 008F,Anti-social behaviour,,
2a5a6fedca1ac8355d2b3d1248c01ccea3e697e5710307e66188e8aaeaa1ac70,2021-07,Cumbria Constabulary,Cumbria Constabulary,-3.271880,54.205277,On or near Windermere Gardens,E01019298,Copeland 008F,Criminal damage and arson,Unable to prosecute suspect,
aefef1b98165c30336168268c1b795da376685325bb3ffce107b396be8e2c55f,2021-07,Cumbria Constabulary,Cumbria Constabulary,-3.265479,54.207034,On or near Argyle Street,E01019298,Copeland 008F,Drugs,Further action is not in the public interest,
2f7ba6da4913d40ffedbaac06373ad04c60aba9db7ffd89da90048065fc8bbc1,2021-07,Cumbria Constabulary,Cumbria Constabulary,-3.265694,54.206052,On or near Richmond Street,E01019298,Copeland 008F,Public order,Unable to prosecute suspect,
adfc72775148f1d125752b5a04541b05ca39e7751ea02d5a0ddd29a4aa820e0c,2021-07,Cumbria Constabulary,Cumbria Constabulary,-3.263462,54.206776,On or near Cook Road,E01019298,Copeland 008F,Violence and sexual offences,Unable to prosecute suspect,
,2021-07,Cumbria Constabulary,Cumbria Constabulary,-3.263059,54.210142,On or near King Street,E01019299,Copeland 008G,Anti-social behaviour,,
,2021-07,Cumbria Constabulary,Cumbria Constabulary,-3.269435,54.209042,On or near St George'S Road,E01019299,Copeland 008G,Anti-social behaviour,,
,2021-07,Cumbria Constabulary,Cumbria Constabulary,-3.259704,54.207742,On or near Hope Street,E01019299,Copeland 008G,Anti-social behaviour,,
,2021-07,Cumbria Constabulary,Cumbria Constabulary,-3.264874,54.209314,On or near Wellington Street,E01019299,Copeland 008G,Anti-social behaviour,,
,2021-07,Cumbria Constabulary,Cumbria Constabulary,-3.266455,54.209891,On or near Katherine Street,E01019299,Copeland 008G,Anti-social behaviour,,
47b38ab59f4db5d56a6957a55bd018555d4fcf15391edd14df11371d6604d7c1,2021-07,Cumbria Constabulary,Cumbria Constabulary,-3.267415,54.210177,On or near Crown Street,E01019299,Copeland 008G,Criminal damage and arson,Investigation complete; no suspect identified,
8cf26b7859bf82b4c070ec42dba2b976aac2a0a98b37f754a35c1f8d406dac5a,2021-07,Cumbria Constabulary,Cumbria Constabulary,-3.266455,54.209891,On or near Katherine Street,E01019299,Copeland 008G,Public order,Unable to prosecute suspect,
58cb1313a77131e874acb8e3f2ea100b4015921800bfe36abe8be2e47ba91dee,2021-07,Cumbria Constabulary,Cumbria Constabulary,-3.268302,54.209602,On or near Lapstone Road,E01019299,Copeland 008G,Public order,Unable to prosecute suspect,
5adb81e11ac6320d8342bb62d94f107cf069b4aa72a38c83c269671b29221f06,2021-07,Cumbria Constabulary,Cumbria Constabulary,-3.270114,54.209700,On or near Market Square,E01019299,Copeland 008G,Public order,Unable to prosecute suspect,
6914d7281a40902e94fcaa6cffd454cdeac53e3804bc10eaf69ec4d6021a7cd7,2021-07,Cumbria Constabulary,Cumbria Constabulary,-3.270327,54.210650,On or near Supermarket,E01019299,Copeland 008G,Shoplifting,Investigation complete; no suspect identified,
b47fa67716b87c8aaa783a5224d55e2f3128e8260a6ba506fd5580d856feb560,2021-07,Cumbria Constabulary,Cumbria Constabulary,-3.268730,54.209570,On or near Supermarket,E01019299,Copeland 008G,Shoplifting,Further investigation is not in the public interest,
09541b81e9bcd6f5e58868e29b5f867e84e9b8595738ebec1b76bb58afd8937f,2021-07,Cumbria Constabulary,Cumbria Constabulary,-3.270327,54.210650,On or near Supermarket,E01019299,Copeland 008G,Shoplifting,Unable to prosecute suspect,
df62783e8ac64cdf56c39c2512b311c34ea6e27d6cc8795452c260d7e88af9f8,2021-07,Cumbria Constabulary,Cumbria Constabulary,-3.270327,54.210650,On or near Supermarket,E01019299,Copeland 008G,Violence and sexual offences,Action to be taken by another organisation,
d6eaa6eda2e8940bc4e8886bd8f03efa02fcf5cf281cbee1af355f596e94704e,2021-07,Cumbria Constabulary,Cumbria Constabulary,-3.266455,54.209891,On or near Katherine Street,E01019299,Copeland 008G,Violence and sexual offences,Unable to prosecute suspect,
6afb03f8fce2755b7a1fb8d153b4034b81e13635b809103a5848b1830b2529f4,2021-07,Cumbria Constabulary,Cumbria Constabulary,-3.269435,54.209042,On or near St George'S Road,E01019299,Copeland 008G,Violence and sexual offences,Unable to prosecute suspect,
902458e8d90a2f5678d68072d9c85661b0f1f17d0e3a36bffe0ea57124fb5c1f,2021-07,Cumbria Constabulary,Cumbria Constabulary,-3.267371,54.212254,On or near Estuary Close,E01019299,Copeland 008G,Violence and sexual offences,Unable to prosecute suspect,
bad943efb610b5ebba7830ce6ffdf2670a8e8f069dd3f15e656abb5d05212b77,2021-07,Cumbria Constabulary,Cumbria Constabulary,-3.270114,54.209700,On or near Market Square,E01019299,Copeland 008G,Violence and sexual offences,Unable to prosecute suspect,
5261f9c0a4a6b26f35f35c1b77fa53d73cfe43de33d5beab2a38e0d561e12cd5,2021-07,Cumbria Constabulary,Cumbria Constabulary,-3.270808,54.210330,On or near Parking Area,E01019299,Copeland 008G,Violence and sexual offences,Unable to prosecute suspect,
3c31ad559b2dc3f0321b4cc1f5859cee17db6c07f1a78b3dca2718cb0c885a6d,2021-07,Cumbria Constabulary,Cumbria Constabulary,-3.268302,54.209602,On or near Lapstone Road,E01019299,Copeland 008G,Violence and sexual offences,Unable to prosecute suspect,
edc21bc0c3a8669a7a477c0f33c7d85d1ffe84cefb59cb090f5572bda3d12646,2021-07,Cumbria Constabulary,Cumbria Constabulary,-3.264627,54.208265,On or near Rottington Road,E01019299,Copeland 008G,Violence and sexual offences,Unable to prosecute suspect,
1858a905574dcbff5b0662c49a4f6607b053f238cd183096137018883265b305,2021-07,Cumbria Constabulary,Cumbria Constabulary,-4.570251,50.775566,On or near Parking Area,E01018951,Cornwall 002B,Violence and sexual offences,Unable to prosecute suspect,
7a639f10d0ef075cf5c6bf7c309780db36becfbea521ae1726e1363d8772c913,2021-07,Cumbria Constabulary,Cumbria Constabulary,-1.370066,54.845057,On or near Burdon Crescent,E01020786,County Durham 016D,Violence and sexual offences,Status update unavailable,
2cc58969dfab3629ae99fb3f2c94f19b959708338780d4b462f7accfa1716ada,2021-07,Cumbria Constabulary,Cumbria Constabulary,-2.438422,54.811964,On or near Front Street,E01019305,Eden 001A,Criminal damage and arson,Local resolution,
30cb2f6ed7fece8e157ff4ef40c39ddf2f0e427a4ca710a381cb6fc7a0248a61,2021-07,Cumbria Constabulary,Cumbria Constabulary,-2.453139,54.788086,On or near Ameshaugh Road,E01019305,Eden 001A,Other theft,Investigation complete; no suspect identified,
3076f5d66e4b52b50de4eb1f7dc9890c30900d5c020977cbdd20f1f1e3943bea,2021-07,Cumbria Constabulary,Cumbria Constabulary,-2.441522,54.813651,On or near Station Road,E01019305,Eden 001A,Other theft,Investigation complete; no suspect identified,
0d6a969523164970def892f1eb9d216ee25724f5e916bff5f81d2b7618f9d696,2021-07,Cumbria Constabulary,Cumbria Constabulary,-2.386210,54.765241,On or near B6277,E01019305,Eden 001A,Other theft,Investigation complete; no suspect identified,
6ad0101aa90b020499d54550cfdc61269944de1cbe67efc49cbffedca6c30dfb,2021-07,Cumbria Constabulary,Cumbria Constabulary,-2.429074,54.807863,On or near Potters' Lane,E01019305,Eden 001A,Violence and sexual offences,Unable to prosecute suspect,
9880a058d1831bff8aad88f4403c179432d6e479c296a6abaf9bb92aa190e133,2021-07,Cumbria Constabulary,Cumbria Constabulary,-2.429074,54.807863,On or near Potters' Lane,E01019305,Eden 001A,Violence and sexual offences,Unable to prosecute suspect,
2b004414ba0f16d25775d0b89f4d5be7b93bcd95d96fbe2ebe2005710cc13c64,2021-07,Cumbria Constabulary,Cumbria Constabulary,-2.439084,54.812689,On or near Supermarket,E01019305,Eden 001A,Violence and sexual offences,Investigation complete; no suspect identified,
a5de91c2ddb8e820b82bf0f7c41e159b78599202c9f989719618a00f04d40e81,2021-07,Cumbria Constabulary,Cumbria Constabulary,-2.607205,54.729359,On or near A686,E01019314,Eden 001B,Criminal damage and arson,Unable to prosecute suspect,
bd4c240ecb103937c0a68b19db7e6d7a97f17312a170c91c6e2747deb9707a94,2021-07,Cumbria Constabulary,Cumbria Constabulary,-2.595374,54.687054,On or near Church Street,E01019314,Eden 001B,Other theft,Investigation complete; no suspect identified,
7af8a23ef9b473eef640ec8cef3246a88cd7fcf9ec7bf0af38d1e9eafc37dd79,2021-07,Cumbria Constabulary,Cumbria Constabulary,-2.597697,54.729047,On or near Elseghyll Court,E01019314,Eden 001B,Violence and sexual offences,Unable to prosecute suspect,
e2ce3412e43cf4c5afcd09df3ae8d91737fac220b8e15749e884eab4a9e903dd,2021-07,Cumbria Constabulary,Cumbria Constabulary,-2.597697,54.729047,On or near Elseghyll Court,E01019314,Eden 001B,Violence and sexual offences,Unable to prosecute suspect,
ca543488415d71279cedb0b2a40c96a70e1a4b7bbd0a954baad839ced2bfd0fd,2021-07,Cumbria Constabulary,Cumbria Constabulary,-2.717921,54.781120,On or near Park/Open Space,E01019320,Eden 001C,Other theft,Investigation complete; no suspect identified,
e72ed0bfeb789d150f5eb1162c8722dce58afc4a537dfbc8d86da118f1e515bf,2021-07,Cumbria Constabulary,Cumbria Constabulary,-2.728261,54.807973,On or near Broomrigg Crescent,E01019320,Eden 001C,Violence and sexual offences,Unable to prosecute suspect,
02e798bbeab53ae1e0fbdf5ca4a6c6f23ac5f6f1e8815b9df5c228b33270e303,2021-07,Cumbria Constabulary,Cumbria Constabulary,-2.608801,54.770546,On or near Park/Open Space,E01019320,Eden 001C,Violence and sexual offences,Unable to prosecute suspect,
8cfb45f6571566c1f97f6174a3c1896ff3047cd6d62909ee7fb7ab1229cb5f52,2021-07,Cumbria Constabulary,Cumbria Constabulary,-2.691891,54.762740,On or near Petrol Station,E01019320,Eden 001C,Violence and sexual offences,Unable to prosecute suspect,
9a2c3d413f59f91659a77e1a1321790829fe820821f436bfcd85b2e4271750c4,2021-07,Cumbria Constabulary,Cumbria Constabulary,-2.611270,54.750763,On or near Sports/Recreation Area,E01019321,Eden 001D,Criminal damage and arson,Investigation complete; no suspect identified,
78ffc8bbec233fade7a44df749bcfa35926344e82ea999f5b24005041c7bf671,2021-07,Cumbria Constabulary,Cumbria Constabulary,-2.664867,54.697450,On or near Storey Bank,E01019321,Eden 001D,Violence and sexual offences,Unable to prosecute suspect,
69d3290a8993b1c924b7778f5971b7bd7a8e3240f65d2279f188530529a4ff31,2021-07,Cumbria Constabulary,Cumbria Constabulary,-2.872131,54.797876,On or near Motorway Service Area,E01019315,Eden 002A,Other theft,Investigation complete; no suspect identified,
af2a7f989e47ca11298ec96123a59e97591e6d8116a10cb2394ddd326e9827c0,2021-07,Cumbria Constabulary,Cumbria Constabulary,-2.872007,54.799332,On or near Petrol Station,E01019315,Eden 002A,Public order,Investigation complete; no suspect identified,
bfa2c39d612a592cac55f755e483ffeb6e7e2c3ae1d0c81fcccbf685ab567b3f,2021-07,Cumbria Constabulary,Cumbria Constabulary,-2.772017,54.809886,On or near Parking Area,E01019315,Eden 002A,Violence and sexual offences,Unable to prosecute suspect,
e4162fab72f103fb430ae8c18f84af16e89c03ddfd2a93ab381c311668233390,2021-07,Cumbria Constabulary,Cumbria Constabulary,-2.770501,54.807083,On or near Front Street,E01019315,Eden 002A,Violence and sexual offences,Unable to prosecute suspect,
611853b74971771c924be24549d2c7d63be9505d05a9a47b4a779fadfb131775,2021-07,Cumbria Constabulary,Cumbria Constabulary,-2.800247,54.758191,On or near Park/Open Space,E01019316,Eden 002B,Other crime,Investigation complete; no suspect identified,
2e25304137adf297be66cfa324d2812cbaafa6a05515322fe540b8e4803f65e8,2021-07,Cumbria Constabulary,Cumbria Constabulary,-2.721662,54.738015,On or near B6413,E01019322,Eden 002C,Criminal damage and arson,Investigation complete; no suspect identified,
adf507bf15063cebc1840dd6444652ecc77206f49da351113e51ae70a957fb97,2021-07,Cumbria Constabulary,Cumbria Constabulary,-2.723504,54.713254,On or near Salkeld Road,E01019322,Eden 002C,Public order,Unable to prosecute suspect,
15b5272dd1a455fb3ff65dea5557716f809b6b94ec157129453839280bb58d2b,2021-07,Cumbria Constabulary,Cumbria Constabulary,-2.699990,54.751164,On or near Petrol Station,E01019322,Eden 002C,Public order,Unable to prosecute suspect,
1b0767846eb64ce1fda83a7b70262368bbe5b23b7d55731c04b901f1907d04fc,2021-07,Cumbria Constabulary,Cumbria Constabulary,-2.785543,54.767634,On or near Low Plains Court,E01019322,Eden 002C,Violence and sexual offences,Unable to prosecute suspect,
6ff6a0fc7407e3b8a84e504fccd7c734dcb987ef565f0e8496e219ab564d7fb3,2021-07,Cumbria Constabulary,Cumbria Constabulary,-2.692532,54.732954,On or near Mill Gate,E01019322,Eden 002C,Violence and sexual offences,Unable to prosecute suspect,
6e9e5bd7cdec5ea4892da9bee1df860cd320392cc9fd3d3c50ca26c914c4fa98,2021-07,Cumbria Constabulary,Cumbria Constabulary,-2.699990,54.751164,On or near Petrol Station,E01019322,Eden 002C,Violence and sexual offences,Unable to prosecute suspect,
1e71bb420c900f19aca004f45ae43142f903d91c66cac5e2001445a8ac3fe235,2021-07,Cumbria Constabulary,Cumbria Constabulary,-2.721662,54.738015,On or near B6413,E01019322,Eden 002C,Violence and sexual offences,Unable to prosecute suspect,
e7ed802695821b6a2846321b68570190c87194a76643da5c5b52e3353a939963,2021-07,Cumbria Constabulary,Cumbria Constabulary,-2.810190,54.783747,On or near A6,E01019322,Eden 002C,Violence and sexual offences,Further investigation is not in the public interest,
,2021-07,Cumbria Constabulary,Cumbria Constabulary,-2.878749,54.710691,On or near Ellonby Road,E01019338,Eden 002D,Anti-social behaviour,,
e6ee4a88fee3014985a60f7e1470f11aee546285a6af7a68c2df8e957eeced6d,2021-07,Cumbria Constabulary,Cumbria Constabulary,-2.878309,54.711189,On or near Coopers Garth,E01019338,Eden 002D,Burglary,Investigation complete; no suspect identified,
5334b209579134e8dbd35d1d051eb7d8ccb79076f028da53ecd558730e2ed68d,2021-07,Cumbria Constabulary,Cumbria Constabulary,-2.856049,54.738327,On or near Parking Area,E01019338,Eden 002D,Criminal damage and arson,Unable to prosecute suspect,
2a94e7278b1c4d59fe2d2519bf0f64d926755a9bdbf827c626c1d8bf6be8b5df,2021-07,Cumbria Constabulary,Cumbria Constabulary,-2.856049,54.738327,On or near Parking Area,E01019338,Eden 002D,Violence and sexual offences,Unable to prosecute suspect,
e04959a8eadb770a96a42f47e33230e7f64bdcd0b2df8d8439678ccf95daf5b7,2021-07,Cumbria Constabulary,Cumbria Constabulary,-2.856049,54.738327,On or near Parking Area,E01019338,Eden 002D,Violence and sexual offences,Unable to prosecute suspect,
,2021-07,Cumbria Constabulary,Cumbria Constabulary,-2.748902,54.663735,On or near Friargate,E01019327,Eden 003A,Anti-social behaviour,,
c97b869f6f0e3c84ca4ac9c22585842d789d90da3eb201350fb6d07933c585dc,2021-07,Cumbria Constabulary,Cumbria Constabulary,-2.746150,54.664165,On or near Friars Road,E01019327,Eden 003A,Public order,Unable to prosecute suspect,
95bee6f0ad5117a0fd75d33292d5aa047b4cd82fa8082f39b901293d9554b779,2021-07,Cumbria Constabulary,Cumbria Constabulary,-2.748902,54.663735,On or near Friargate,E01019327,Eden 003A,Violence and sexual offences,Awaiting court outcome,
87383fa74529b076a24b09d6990ae2f377203482d85cc9d06a3362102b13292a,2021-07,Cumbria Constabulary,Cumbria Constabulary,-2.751208,54.663532,On or near King Street,E01019327,Eden 003A,Violence and sexual offences,Offender given a caution,
b9bac9917a63f5023bbb3f0ee48a0b0079970195d8ce6c3e273136c1bd7eef24,2021-07,Cumbria Constabulary,Cumbria Constabulary,-2.749499,54.662482,On or near Langton Street,E01019327,Eden 003A,Violence and sexual offences,Unable to prosecute suspect,
,2021-07,Cumbria Constabulary,Cumbria Constabulary,-2.739800,54.658570,On or near Mary Langley Way,E01019332,Eden 003B,Anti-social behaviour,,
,2021-07,Cumbria Constabulary,Cumbria Constabulary,-2.746319,54.659869,On or near Tyne Field Court,E01019332,Eden 003B,Anti-social behaviour,,
,2021-07,Cumbria Constabulary,Cumbria Constabulary,-2.748427,54.661536,On or near Roper Street,E01019332,Eden 003B,Anti-social behaviour,,
90f6e0921e567e21c3e375e9d0423819ba38594a3cdf7b45c7595db235951c0c,2021-07,Cumbria Constabulary,Cumbria Constabulary,-2.747111,54.659945,On or near Petrol Station,E01019332,Eden 003B,Criminal damage and arson,Status update unavailable,
000bb029a7248ac96dc78a92e66567b78707ed6eb88d2cc1e6ed5cbb9cb3e380,2021-07,Cumbria Constabulary,Cumbria Constabulary,-2.740335,54.654711,On or near The Green,E01019332,Eden 003B,Other theft,Investigation complete; no suspect identified,
90968d519683206baf63a746b5c5532728b34eb5ce744647cdf7c68ee7086b60,2021-07,Cumbria Constabulary,Cumbria Constabulary,-2.738342,54.657626,On or near Carleton Hall Road,E01019332,Eden 003B,Public order,Unable to prosecute suspect,
3242c2459211b91bd93cbd7e770c3b315a00bddd529748592477fbeb779bf1c6,2021-07,Cumbria Constabulary,Cumbria Constabulary,-2.740502,54.660498,On or near Prince Charles Close,E01019332,Eden 003B,Public order,Unable to prosecute suspect,
fc3ba6848c25b8f2903bf7769a3538f0f3426d32b17b31508e67e2db007fd047,2021-07,Cumbria Constabulary,Cumbria Constabulary,-2.740502,54.660498,On or near Prince Charles Close,E01019332,Eden 003B,Public order,Unable to prosecute suspect,
094875feb75c0d09551f5f3eb2850c15cac2cdb8ddc07e4e54370231d6ba0ef6,2021-07,Cumbria Constabulary,Cumbria Constabulary,-2.737079,54.656411,On or near Park/Open Space,E01019332,Eden 003B,Public order,Investigation complete; no suspect identified,
561c432ad6ac197c9852fa5b42942ae31570a29775d891fa90e4a1cc05ddefa2,2021-07,Cumbria Constabulary,Cumbria Constabulary,-2.747111,54.659945,On or near Petrol Station,E01019332,Eden 003B,Shoplifting,Court result unavailable,
2f8250f33559cc999d05222368354c3899248023c8141a1514098da9912725a1,2021-07,Cumbria Constabulary,Cumbria Constabulary,-2.739003,54.657361,On or near Pategill Park,E01019332,Eden 003B,Violence and sexual offences,Further investigation is not in the public interest,
28734319b9d2623815475237efe8af1699a9b46aff027736a148d3b454fab865,2021-07,Cumbria Constabulary,Cumbria Constabulary,-2.737079,54.656411,On or near Park/Open Space,E01019332,Eden 003B,Violence and sexual offences,Investigation complete; no suspect identified,
d0790bf2a57509dce2db1fd2e57fb126f945a200aedb95581c1693b8483c05df,2021-07,Cumbria Constabulary,Cumbria Constabulary,-2.742411,54.658913,On or near Pategill Road,E01019332,Eden 003B,Violence and sexual offences,Unable to prosecute suspect,
ea6d60c504633b0a54edaa7beb48242537a6a4057e10e4af11ef887a929e82a0,2021-07,Cumbria Constabulary,Cumbria Constabulary,-2.748427,54.661536,On or near Roper Street,E01019332,Eden 003B,Violence and sexual offences,Unable to prosecute suspect,
9b3585a6e9bae991bbbc3c15fe1559498b3418d07dba8de76afd4bbcb4f58f80,2021-07,Cumbria Constabulary,Cumbria Constabulary,-2.740502,54.660498,On or near Prince Charles Close,E01019332,Eden 003B,Violence and sexual offences,Unable to prosecute suspect,
ac65ff2c9b96cfdde0ab7c70631d7ab6bc259a283c076e5c42b4d119b68ad95d,2021-07,Cumbria Constabulary,Cumbria Constabulary,-2.743868,54.661474,On or near Carleton Road,E01019332,Eden 003B,Violence and sexual offences,Unable to prosecute suspect,
9740081e955490cce72a55615b2f35e1d8a2f68fe6b2fbd816e9e90be502fd49,2021-07,Cumbria Constabulary,Cumbria Constabulary,-2.742411,54.658913,On or near Pategill Road,E01019332,Eden 003B,Violence and sexual offences,Unable to prosecute suspect,
,2021-07,Cumbria Constabulary,Cumbria Constabulary,-2.755877,54.662838,On or near Cromwell Road,E01019333,Eden 003C,Anti-social behaviour,,
,2021-07,Cumbria Constabulary,Cumbria Constabulary,-2.755877,54.662838,On or near Cromwell Road,E01019333,Eden 003C,Anti-social behaviour,,
,2021-07,Cumbria Constabulary,Cumbria Constabulary,-2.756470,54.659707,On or near Castle Drive,E01019333,Eden 003C,Anti-social behaviour,,
,2021-07,Cumbria Constabulary,Cumbria Constabulary,-2.754786,54.663357,On or near Castlegate,E01019333,Eden 003C,Anti-social behaviour,,
b2136fd3c43190bd95166c9c5a99c67aa5725b12df195905ee9b7241cb8227fb,2021-07,Cumbria Constabulary,Cumbria Constabulary,-2.755877,54.662838,On or near Cromwell Road,E01019333,Eden 003C,Burglary,Investigation complete; no suspect identified,
b02e7833d0e030ef2d188bc35effbd9e2f6deaff28ecac1f07cc63770d6bfde2,2021-07,Cumbria Constabulary,Cumbria Constabulary,-2.753888,54.663408,On or near Bus/Coach Station,E01019333,Eden 003C,Criminal damage and arson,Unable to prosecute suspect,
ed13fb00df4dcc4a21c03992c908c3ff5502831371bfec1d157822fcc1b052aa,2021-07,Cumbria Constabulary,Cumbria Constabulary,-2.752957,54.660879,On or near Castle Hill Road,E01019333,Eden 003C,Criminal damage and arson,Investigation complete; no suspect identified,
2ea6304cba55639e97882f9a5c9bb7e5a5ba2ce522e68a2db125d438f319a80c,2021-07,Cumbria Constabulary,Cumbria Constabulary,-2.755877,54.662838,On or near Cromwell Road,E01019333,Eden 003C,Criminal damage and arson,Investigation complete; no suspect identified,
7eeb7b593531a7bb563180392d9702d1bad03f9ec58e50ce7ecf39f33ce2a470,2021-07,Cumbria Constabulary,Cumbria Constabulary,-2.755877,54.662838,On or near Cromwell Road,E01019333,Eden 003C,Criminal damage and arson,Investigation complete; no suspect identified,
299c735f7d7fd745e7b9618138638b393114449875df80fd9050f6bc2c3403d9,2021-07,Cumbria Constabulary,Cumbria Constabulary,-2.750450,54.661964,On or near Nightclub,E01019333,Eden 003C,Drugs,Further action is not in the public interest,
bbcfaec09192e40820f7067c11568f1e16b807388314fb856f6abf917ce40bc8,2021-07,Cumbria Constabulary,Cumbria Constabulary,-2.750450,54.661964,On or near Nightclub,E01019333,Eden 003C,Drugs,Further investigation is not in the public interest,
3dcf24948caff59c6f9995497085ef902498b5162d437315b924c05467ca55b2,2021-07,Cumbria Constabulary,Cumbria Constabulary,-2.755877,54.662838,On or near Cromwell Road,E01019333,Eden 003C,Other theft,Unable to prosecute suspect,
35e08f09a636aa5cc59bd58bb49edd26d40424b32e2c19545541895dd8d5061f,2021-07,Cumbria Constabulary,Cumbria Constabulary,-2.750938,54.663183,On or near King Street,E01019333,Eden 003C,Other theft,Investigation complete; no suspect identified,
f3112debe9e94ce09f17bc800eb91bd6e8f8da9188c40324acaf10d04e92c6ca,2021-07,Cumbria Constabulary,Cumbria Constabulary,-2.751223,54.660980,On or near Sports/Recreation Area,E01019333,Eden 003C,Possession of weapons,Unable to prosecute suspect,
b729b16e8c1ea16dfe4b17f0f9b15ed909cab67ad38b55faa40cd0b9e72323da,2021-07,Cumbria Constabulary,Cumbria Constabulary,-2.751223,54.660980,On or near Sports/Recreation Area,E01019333,Eden 003C,Possession of weapons,Unable to prosecute suspect,
68887b3bec817f4562d5fa9a6110f869ce2214ced8cefcc31085241fd67f0000,2021-07,Cumbria Constabulary,Cumbria Constabulary,-2.753116,54.663619,On or near Corn Market,E01019333,Eden 003C,Public order,Investigation complete; no suspect identified,
2693ae9c60a874c1d64b21a47e13f0033c7bbef4ebc9cc9db607b137a27bb011,2021-07,Cumbria Constabulary,Cumbria Constabulary,-2.750938,54.663183,On or near King Street,E01019333,Eden 003C,Public order,Unable to prosecute suspect,
7f5ed35d253b6be6b2e4850ee6ca39d64feb82180d675994c930e6749f136487,2021-07,Cumbria Constabulary,Cumbria Constabulary,-2.751223,54.660980,On or near Sports/Recreation Area,E01019333,Eden 003C,Public order,Unable to prosecute suspect,
0607a205957258facf3c7a49a4abd787d8faa2ed5351f9aefb180bda768d0258,2021-07,Cumbria Constabulary,Cumbria Constabulary,-2.750938,54.663183,On or near King Street,E01019333,Eden 003C,Public order,Unable to prosecute suspect,
009d01d62e826a48d594c91f9ea44b71ce4d231fcf3c529bfe37f71804043534,2021-07,Cumbria Constabulary,Cumbria Constabulary,-2.751223,54.660980,On or near Sports/Recreation Area,E01019333,Eden 003C,Shoplifting,Investigation complete; no suspect identified,
62fde7f63ef144094a89f06bcd592a6bb1eb1f876bcaca59ca495213da64c03f,2021-07,Cumbria Constabulary,Cumbria Constabulary,-2.751693,54.662927,On or near Parking Area,E01019333,Eden 003C,Shoplifting,Court result unavailable,
89c25324d05062cc28dc51aaf69ad3137a8734ccbd7f1ed99bd9b975ca614e88,2021-07,Cumbria Constabulary,Cumbria Constabulary,-2.755877,54.662838,On or near Cromwell Road,E01019333,Eden 003C,Violence and sexual offences,Unable to prosecute suspect,
d1c2943bdeaa69d38230c0ef1ce77cf4e6aa071322e0cd76f705257b28ff639d,2021-07,Cumbria Constabulary,Cumbria Constabulary,-2.751693,54.662927,On or near Parking Area,E01019333,Eden 003C,Violence and sexual offences,Unable to prosecute suspect,
c4294524f9ed95362ecd4166dac62a5b1f1756dc83687934fa1872e6ba130df8,2021-07,Cumbria Constabulary,Cumbria Constabulary,-2.753131,54.656879,On or near Huntley Avenue,E01019333,Eden 003C,Violence and sexual offences,Unable to prosecute suspect,
f3fdde9ab33c47cdf556ee0ee7c6887f6593e0cea6879ec83f43a39670c16f35,2021-07,Cumbria Constabulary,Cumbria Constabulary,-2.752406,54.663794,On or near Market Square,E01019333,Eden 003C,Violence and sexual offences,Unable to prosecute suspect,
76aa628ccfdeabf0743f99ce8c6bf4a1e826bfedfa203f9c99d8647d8c7606a5,2021-07,Cumbria Constabulary,Cumbria Constabulary,-2.753131,54.656879,On or near Huntley Avenue,E01019333,Eden 003C,Violence and sexual offences,Unable to prosecute suspect,
8650a25fb0d936383388d923a8f1d8e2a1729aa6859a5108bc04913c1c649fc3,2021-07,Cumbria Constabulary,Cumbria Constabulary,-2.750450,54.661964,On or near Nightclub,E01019333,Eden 003C,Violence and sexual offences,Unable to prosecute suspect,
e51dfb52caf9bcbedd5e32951492847130a4d4823cf9e11e3506ea0d84b71cfb,2021-07,Cumbria Constabulary,Cumbria Constabulary,-2.751693,54.662927,On or near Parking Area,E01019333,Eden 003C,Violence and sexual offences,Unable to prosecute suspect,
8997b8a9238c0a8ee1d30badcaf21f28ceae9c4e46149c4353a6d6dbc54d3b9a,2021-07,Cumbria Constabulary,Cumbria Constabulary,-2.750450,54.661964,On or near Nightclub,E01019333,Eden 003C,Violence and sexual offences,Unable to prosecute suspect,
,2021-07,Cumbria Constabulary,Cumbria Constabulary,-2.755506,54.663721,On or near Supermarket,E01019335,Eden 003D,Anti-social behaviour,,
,2021-07,Cumbria Constabulary,Cumbria Constabulary,-2.755506,54.663721,On or near Supermarket,E01019335,Eden 003D,Anti-social behaviour,,
,2021-07,Cumbria Constabulary,Cumbria Constabulary,-2.755506,54.663721,On or near Supermarket,E01019335,Eden 003D,Anti-social behaviour,,
,2021-07,Cumbria Constabulary,Cumbria Constabulary,-2.765836,54.662353,On or near Greystoke Park Road,E01019335,Eden 003D,Anti-social behaviour,,
,2021-07,Cumbria Constabulary,Cumbria Constabulary,-2.772290,54.663399,On or near M6,E01019335,Eden 003D,Anti-social behaviour,,
,2021-07,Cumbria Constabulary,Cumbria Constabulary,-2.755506,54.663721,On or near Supermarket,E01019335,Eden 003D,Anti-social behaviour,,
,2021-07,Cumbria Constabulary,Cumbria Constabulary,-2.755506,54.663721,On or near Supermarket,E01019335,Eden 003D,Anti-social behaviour,,
349c403768fb8c792efc3dbb88cada1d1d4b2a58457f2f11257cee204316b494,2021-07,Cumbria Constabulary,Cumbria Constabulary,-2.765160,54.659374,On or near Mardale Road,E01019335,Eden 003D,Burglary,Investigation complete; no suspect identified,
2828b8c586d614919edc1b26309e7f388da523a94fb32891eca15f1772334678,2021-07,Cumbria Constabulary,Cumbria Constabulary,-2.770062,54.663647,On or near Newton Road,E01019335,Eden 003D,Criminal damage and arson,Investigation complete; no suspect identified,
83a8d703350383556ac5bdb49697585f3cf472ce50680aef8dddddc09c89c69b,2021-07,Cumbria Constabulary,Cumbria Constabulary,-2.757015,54.663208,On or near Auctionmart Road,E01019335,Eden 003D,Criminal damage and arson,Unable to prosecute suspect,
9fa9228a18aa2eba719ee078b921dd58c20779d91719316e1e4a9796bf942710,2021-07,Cumbria Constabulary,Cumbria Constabulary,-2.765160,54.659374,On or near Mardale Road,E01019335,Eden 003D,Drugs,Further action is not in the public interest,
4bb293921b9c1065b4781ea63e90f6c5edec40ace2b01e09cf5c444b0a6235ce,2021-07,Cumbria Constabulary,Cumbria Constabulary,-2.757015,54.663208,On or near Auctionmart Road,E01019335,Eden 003D,Other theft,Investigation complete; no suspect identified,
23d2586444acae7a3883f022f2deed6e2b7d54be6373fa9d107b221da70dcbe6,2021-07,Cumbria Constabulary,Cumbria Constabulary,-2.758402,54.663559,On or near Mill Street,E01019335,Eden 003D,Possession of weapons,Unable to prosecute suspect,
b028851ba8b541502d8cce14c5dd70f0011ec55f1513bc94a50f6647b5ce7cf7,2021-07,Cumbria Constabulary,Cumbria Constabulary,-2.757015,54.663208,On or near Auctionmart Road,E01019335,Eden 003D,Public order,Investigation complete; no suspect identified,
b87c2521f55e666c375e9e68d2a93e00f934b7b7670a3f41a5ec2bf044de0cf2,2021-07,Cumbria Constabulary,Cumbria Constabulary,-2.761039,54.655338,On or near Gillan Way,E01019335,Eden 003D,Public order,Investigation complete; no suspect identified,
b529054738410b9120937ae080e451ac56745024c6970b21d38badeb0064f192,2021-07,Cumbria Constabulary,Cumbria Constabulary,-2.761039,54.655338,On or near Gillan Way,E01019335,Eden 003D,Public order,Investigation complete; no suspect identified,
96c84cc4b0acb8980a4a02e5936d853771b5699d32ebdc3fd70349fd333e4605,2021-07,Cumbria Constabulary,Cumbria Constabulary,-2.772290,54.663399,On or near M6,E01019335,Eden 003D,Violence and sexual offences,Unable to prosecute suspect,
223faaec35d6caf111e1e00d6172a341ea25759da4072a3d0896025bd4146251,2021-07,Cumbria Constabulary,Cumbria Constabulary,-2.758402,54.663559,On or near Mill Street,E01019335,Eden 003D,Violence and sexual offences,Court result unavailable,
e4c6ea16882cb8bfbf1b8818912a1fabebfb7155d1f1c98c8a7f38b49850fb24,2021-07,Cumbria Constabulary,Cumbria Constabulary,-2.770879,54.664226,On or near Castletown Court,E01019335,Eden 003D,Violence and sexual offences,Investigation complete; no suspect identified,
263868481ad74fd0bea3cbc827dc0574a55edd7a4d5d54aaf3a52bfa1d74dee0,2021-07,Cumbria Constabulary,Cumbria Constabulary,-2.765836,54.662353,On or near Greystoke Park Road,E01019335,Eden 003D,Violence and sexual offences,Unable to prosecute suspect,
6a9fc319d1c34d34d41504b72f49c7206da506b6ec6e0ec35ea9f633216e6c5c,2021-07,Cumbria Constabulary,Cumbria Constabulary,-2.770879,54.664226,On or near Castletown Court,E01019335,Eden 003D,Violence and sexual offences,Investigation complete; no suspect identified,
4444e8300e1796c2690f14fe897c4bfb7e5c436452a0c57d6312f3566ca05287,2021-07,Cumbria Constabulary,Cumbria Constabulary,-2.770879,54.664226,On or near Castletown Court,E01019335,Eden 003D,Violence and sexual offences,Investigation complete; no suspect identified,
64608c29f1f44ed0fa314af31aacea91da4e13091ebccbcfe317c14e3bcacbf6,2021-07,Cumbria Constabulary,Cumbria Constabulary,-2.770879,54.664226,On or near Castletown Court,E01019335,Eden 003D,Violence and sexual offences,Investigation complete; no suspect identified,
3f624dbebacf20559e37337b3bffa066c5a7dfc2419f89379ec1c8b919a96ec3,2021-07,Cumbria Constabulary,Cumbria Constabulary,-2.772290,54.663399,On or near M6,E01019335,Eden 003D,Violence and sexual offences,Unable to prosecute suspect,
1581ebbba55f97be71e63a0c13f601518489fb7100cc7dd85ff4ef2cf005404f,2021-07,Cumbria Constabulary,Cumbria Constabulary,-2.772290,54.663399,On or near M6,E01019335,Eden 003D,Violence and sexual offences,Unable to prosecute suspect,
8bd344dc54a60add263110b6739849a6baaead137c48b41966616a272fb8504a,2021-07,Cumbria Constabulary,Cumbria Constabulary,-2.765670,54.661761,On or near Greystoke Park Close,E01019335,Eden 003D,Violence and sexual offences,Action to be taken by another organisation,
35c6b6ddb1db82d5a0b39575caa32175094a696fac775bce41cfabdff6fbc16c,2021-07,Cumbria Constabulary,Cumbria Constabulary,-2.770782,54.662385,On or near Greystoke Road,E01019335,Eden 003D,Violence and sexual offences,Unable to prosecute suspect,
72e198c3a6de103c6ab124e49fb10df1b47e9f69eaea755de89c77d81d8e2406,2021-07,Cumbria Constabulary,Cumbria Constabulary,-2.766823,54.662059,On or near Greystoke Park Avenue,E01019335,Eden 003D,Violence and sexual offences,Further action is not in the public interest,
aecde09c3d086f3cceb009394d392943f015f66b6f1759751fb332b2e5b8b751,2021-07,Cumbria Constabulary,Cumbria Constabulary,-2.772290,54.663399,On or near M6,E01019335,Eden 003D,Violence and sexual offences,Unable to prosecute suspect,
5dfcf9b66fecf4241bcedd46997d54c55cd807127104a5e8759d5093e1ac3fb6,2021-07,Cumbria Constabulary,Cumbria Constabulary,-2.765836,54.662353,On or near Greystoke Park Road,E01019335,Eden 003D,Violence and sexual offences,Court result unavailable,
c1e1c7ab30429d3409ad98d2d6ee75c292265354297ca3f4ec4bd21a67467b5c,2021-07,Cumbria Constabulary,Cumbria Constabulary,-2.763496,54.662413,On or near Windsor Drive,E01019335,Eden 003D,Violence and sexual offences,Unable to prosecute suspect,
,2021-07,Cumbria Constabulary,Cumbria Constabulary,-2.752042,54.665073,On or near Burrowgate,E01019336,Eden 003E,Anti-social behaviour,,
,2021-07,Cumbria Constabulary,Cumbria Constabulary,-2.753829,54.665286,On or near Middlegate,E01019336,Eden 003E,Anti-social behaviour,,
5931bd0d2ee2eb2ffc1127d72e105873705922d01de2a27992778e97e197e3e6,2021-07,Cumbria Constabulary,Cumbria Constabulary,-2.753066,54.664230,On or near Little Dockray,E01019336,Eden 003E,Burglary,Unable to prosecute suspect,
0684de520baad26952da84d4bace90ca21264f0c7ae089bef0c60532d6b134cf,2021-07,Cumbria Constabulary,Cumbria Constabulary,-2.762777,54.663756,On or near Alexandra Road,E01019336,Eden 003E,Criminal damage and arson,Investigation complete; no suspect identified,
9fd264eb887e9058d1731c0b9568334944e1cd7a3f6e5a83dcd3ccc0778111c3,2021-07,Cumbria Constabulary,Cumbria Constabulary,-2.757139,54.665679,On or near Brunswick Square,E01019336,Eden 003E,Criminal damage and arson,Unable to prosecute suspect,
6ee8baf0b56fe153a4058f6b348f44f700791e821a9d3604518c6452a6f3f6d4,2021-07,Cumbria Constabulary,Cumbria Constabulary,-2.752042,54.665073,On or near Burrowgate,E01019336,Eden 003E,Criminal damage and arson,Investigation complete; no suspect identified,
4e6d82cde0501786de80ccfb5a8b050932033f9f3d642039e9ee71cca9f92dc0,2021-07,Cumbria Constabulary,Cumbria Constabulary,-2.761120,54.669653,On or near Larkfield,E01019336,Eden 003E,Other theft,Local resolution,
98cfcbe2bbb366377eac572994f67e37eb7d8b791d102550d5d3f9e2a9d0c3bb,2021-07,Cumbria Constabulary,Cumbria Constabulary,-2.753829,54.665286,On or near Middlegate,E01019336,Eden 003E,Public order,Unable to prosecute suspect,
4e0472d5072a0847e2d623ca148117d9d63abaf2171bb89a0e24b950a256a3e8,2021-07,Cumbria Constabulary,Cumbria Constabulary,-2.753066,54.664230,On or near Little Dockray,E01019336,Eden 003E,Public order,Unable to prosecute suspect,
eff2d98c440a5caad5f73ac9e6fde841cc0d4b83df8c0d26cf96636bc52ce1b6,2021-07,Cumbria Constabulary,Cumbria Constabulary,-2.753066,54.664230,On or near Little Dockray,E01019336,Eden 003E,Public order,Unable to prosecute suspect,
c31f71d7c7850aaaba6ff5f1133a496cc6a495fe03120867c731807e38704d36,2021-07,Cumbria Constabulary,Cumbria Constabulary,-2.753829,54.665286,On or near Middlegate,E01019336,Eden 003E,Shoplifting,Investigation complete; no suspect identified,
d99103f80cfa565100d420cf71d26ab67d79c606367c485bd24ae365f6eae99d,2021-07,Cumbria Constabulary,Cumbria Constabulary,-2.756000,54.666935,On or near A6,E01019336,Eden 003E,Violence and sexual offences,Unable to prosecute suspect,
814f3e3f803ffdacabb412c6f22b1e8d4005156e8f6d9e2e7ee879a6bf5a34f3,2021-07,Cumbria Constabulary,Cumbria Constabulary,-2.755690,54.664439,On or near Elm Terrace,E01019336,Eden 003E,Violence and sexual offences,Unable to prosecute suspect,
9188f01fbaa0493f99aa639a7c770ae0301b5ae74c1102cc58aa8d68388ba9cd,2021-07,Cumbria Constabulary,Cumbria Constabulary,-2.752042,54.665073,On or near Burrowgate,E01019336,Eden 003E,Violence and sexual offences,Unable to prosecute suspect,
c2b803133e46ffad066c43748b762f9a56dd49d70d299dc7c6ae00128cff9849,2021-07,Cumbria Constabulary,Cumbria Constabulary,-2.752042,54.665073,On or near Burrowgate,E01019336,Eden 003E,Violence and sexual offences,Unable to prosecute suspect,
328d01a88c909ce61c67253e36e74085f8d594abdc031f2e1bb658d9371956a9,2021-07,Cumbria Constabulary,Cumbria Constabulary,-2.753066,54.664230,On or near Little Dockray,E01019336,Eden 003E,Violence and sexual offences,Unable to prosecute suspect,
d598608363ff66269e48b5c804fc2e50d4c7b38999f9142f6a42b0444270bb96,2021-07,Cumbria Constabulary,Cumbria Constabulary,-2.753829,54.665286,On or near Middlegate,E01019336,Eden 003E,Violence and sexual offences,Unable to prosecute suspect,
fc7db2b1ab8b6ac7f2efaf90476660876f5f4cd6f5b4abc3935425982425512b,2021-07,Cumbria Constabulary,Cumbria Constabulary,-2.723391,54.632750,On or near A6,E01019312,Eden 004A,Criminal damage and arson,Unable to prosecute suspect,
8c7e332a7a5a1c1022b5f972f1e3ae81f8938fb396fac6228652da6b3e7be740,2021-07,Cumbria Constabulary,Cumbria Constabulary,-2.719134,54.629460,On or near Townend Croft,E01019312,Eden 004A,Violence and sexual offences,Unable to prosecute suspect,
716f1e67a7613996c01b99ca3ce8f4ab1cd457e893223ece2b6038be6fab7079,2021-07,Cumbria Constabulary,Cumbria Constabulary,-2.772548,54.632896,On or near Petrol Station,E01019312,Eden 004A,Violence and sexual offences,Unable to prosecute suspect,
bec3882f34a767ee2f21207af93a35db74bc6d5588af8b868f64490713234d08,2021-07,Cumbria Constabulary,Cumbria Constabulary,-2.723391,54.632750,On or near A6,E01019312,Eden 004A,Violence and sexual offences,Awaiting court outcome,
bce45ccfa7c004d1818d7da1f57cf388cbfeebc7fb3b659a0315439a33436734,2021-07,Cumbria Constabulary,Cumbria Constabulary,-2.723391,54.632750,On or near A6,E01019312,Eden 004A,Violence and sexual offences,Unable to prosecute suspect,
52b18e194391864257173701f034d50810f4bb523f967c40ec7a44a845e7e777,2021-07,Cumbria Constabulary,Cumbria Constabulary,-2.719898,54.630614,On or near Cumberland Close,E01019312,Eden 004A,Violence and sexual offences,Unable to prosecute suspect,
46dd6fe705e5cb569994a019c9bd5089f3a2424e08913f47805c50ce96d8218e,2021-07,Cumbria Constabulary,Cumbria Constabulary,-2.719898,54.630614,On or near Cumberland Close,E01019312,Eden 004A,Violence and sexual offences,Unable to prosecute suspect,
d545052d3a28deb4110f76e805c5c8276cf0c9d664522c0ae430231860725342,2021-07,Cumbria Constabulary,Cumbria Constabulary,-2.723391,54.632750,On or near A6,E01019312,Eden 004A,Violence and sexual offences,Unable to prosecute suspect,
a9000ba545718fe0c41c58ad868c646c734af8a22edbe20d42d64271ee698dd0,2021-07,Cumbria Constabulary,Cumbria Constabulary,-2.729705,54.657463,On or near Parking Area,E01019326,Eden 004B,Drugs,Local resolution,
f5f9b4c063fbf431c615f24fd6b154bdf09484ba891b15d932386ad3d0e2ce48,2021-07,Cumbria Constabulary,Cumbria Constabulary,-2.735348,54.662650,On or near Willow Close,E01019326,Eden 004B,Public order,Unable to prosecute suspect,
d7b5203c92be818bbc87d5416890891036335e445d3a7c2c47c6db0c6d2b75a5,2021-07,Cumbria Constabulary,Cumbria Constabulary,-2.737097,54.658227,On or near Carleton Hall Gardens,E01019326,Eden 004B,Public order,Investigation complete; no suspect identified,
c69bb3329c0275fc3748c7ccfd68e56c1fdb6cb04eebf8dd80e75743c6ef0d90,2021-07,Cumbria Constabulary,Cumbria Constabulary,-2.738061,54.658409,On or near Carleton Hall Walk,E01019326,Eden 004B,Violence and sexual offences,Unable to prosecute suspect,
,2021-07,Cumbria Constabulary,Cumbria Constabulary,-2.740967,54.663883,On or near Barco Court,E01019328,Eden 004C,Anti-social behaviour,,
,2021-07,Cumbria Constabulary,Cumbria Constabulary,-2.741092,54.663082,On or near Barco Avenue,E01019328,Eden 004C,Anti-social behaviour,,
15b85ea30ecd70854875eb8e37a36c06633fc1f10d306e0ff52cd9c9cb2565b8,2021-07,Cumbria Constabulary,Cumbria Constabulary,-2.740764,54.665511,On or near Rowan Court,E01019328,Eden 004C,Violence and sexual offences,Unable to prosecute suspect,
c2c9f1d8c5a2faf6b0d0d3ceb85e26c5e19b4cd390b39b64cb34f2481ac227e0,2021-07,Cumbria Constabulary,Cumbria Constabulary,-2.740764,54.665511,On or near Rowan Court,E01019328,Eden 004C,Violence and sexual offences,Unable to prosecute suspect,
40cadf5f531ab6ce6ef3011ff9dca079f9d99e571ba715687ae94bdd49201101,2021-07,Cumbria Constabulary,Cumbria Constabulary,-2.740764,54.665511,On or near Rowan Court,E01019328,Eden 004C,Violence and sexual offences,Unable to prosecute suspect,
bb98d1d584768feee2795f6a07b9d8966871046b28725874f4e3883083214efe,2021-07,Cumbria Constabulary,Cumbria Constabulary,-2.722897,54.674776,On or near Stagstones Road,E01019329,Eden 004D,Public order,Unable to prosecute suspect,
d931c11766370bebfbfa3e7cb8205046ad722538a81490aed5df19ef31571921,2021-07,Cumbria Constabulary,Cumbria Constabulary,-2.751748,54.666782,On or near Meeting House Lane,E01019330,Eden 004E,Criminal damage and arson,Court result unavailable,
51de9debbd508b200614bbac00f27791c685f627b93bb93f8a004ec63e9b3e1b,2021-07,Cumbria Constabulary,Cumbria Constabulary,-2.753818,54.670526,On or near Graham Street,E01019330,Eden 004E,Vehicle crime,Investigation complete; no suspect identified,
ca06cc9430de0267559670a6f60b1a5b6e1e597eb8055ec2384b803ba2a3602b,2021-07,Cumbria Constabulary,Cumbria Constabulary,-2.749901,54.665787,On or near Benson Row,E01019330,Eden 004E,Violence and sexual offences,Investigation complete; no suspect identified,
f92ec65ad70d6389a59b36072d496453ad60d5dce3edaf189fe5c08b5b66fbdf,2021-07,Cumbria Constabulary,Cumbria Constabulary,-2.756086,54.674942,On or near Fairhill Close,E01019331,Eden 004F,Public order,Investigation complete; no suspect identified,
44be9bc8fdba965d9c3390937f5b6b8f62fbe924472f8e9f40dc227cb0cfe3d6,2021-07,Cumbria Constabulary,Cumbria Constabulary,-2.761148,54.672816,On or near Raiselands Croft,E01019331,Eden 004F,Violence and sexual offences,Unable to prosecute suspect,
,2021-07,Cumbria Constabulary,Cumbria Constabulary,-2.748879,54.657435,On or near Sports/Recreation Area,E01019334,Eden 004G,Anti-social behaviour,,
6b5fdf567f95a02194d4edfb405da6789558434c66b0d5b9284ad15d1d39898f,2021-07,Cumbria Constabulary,Cumbria Constabulary,-2.745034,54.654889,On or near Sports/Recreation Area,E01019334,Eden 004G,Drugs,Local resolution,
6bfd7bc6ffec9fb6175ce75628264e2410fb0603e8527c981616ac0939466aec,2021-07,Cumbria Constabulary,Cumbria Constabulary,-2.745034,54.654889,On or near Sports/Recreation Area,E01019334,Eden 004G,Public order,Investigation complete; no suspect identified,
8de6dd1368145c81cf126f40e2757de88aee8f2b21479dcb376c0634117f4e07,2021-07,Cumbria Constabulary,Cumbria Constabulary,-2.754022,54.654743,On or near Clifford Road,E01019334,Eden 004G,Public order,Investigation complete; no suspect identified,
73ad25d338672f9cb1a0361ac3010dea0d281104b687d9a9f8f2096ebfe1a269,2021-07,Cumbria Constabulary,Cumbria Constabulary,-2.744855,54.656957,On or near Tynefield Drive,E01019334,Eden 004G,Shoplifting,Local resolution,
23d597dcbe40d4cdfce98878e1b073b29f5379c08bd9196a849290bf9ed75b3f,2021-07,Cumbria Constabulary,Cumbria Constabulary,-2.754682,54.658622,On or near Wetheriggs Rise,E01019334,Eden 004G,Violence and sexual offences,Unable to prosecute suspect,
e9664bb288d5c16dd34d88e564c62107e982f0dfe90a4215331a25f51ed1e881,2021-07,Cumbria Constabulary,Cumbria Constabulary,-2.744855,54.656957,On or near Tynefield Drive,E01019334,Eden 004G,Violence and sexual offences,Status update unavailable,
d6a65e298e56b8c6d5ef9bd62d620a626c7f5d8f68d0372f4144655a7124ea69,2021-07,Cumbria Constabulary,Cumbria Constabulary,-2.759099,54.656078,On or near Skirsgill Close,E01019334,Eden 004G,Violence and sexual offences,Further investigation is not in the public interest,
,2021-07,Cumbria Constabulary,Cumbria Constabulary,-2.820970,54.611907,On or near Heughscar Close,E01019308,Eden 005A,Anti-social behaviour,,
,2021-07,Cumbria Constabulary,Cumbria Constabulary,-2.754357,54.606760,On or near Sports/Recreation Area,E01019308,Eden 005A,Anti-social behaviour,,
296a547d1a0b092291079638facd2f4bd0b6152bad68ad47a67b80fac2305e3c,2021-07,Cumbria Constabulary,Cumbria Constabulary,-2.820970,54.611907,On or near Heughscar Close,E01019308,Eden 005A,Criminal damage and arson,Investigation complete; no suspect identified,
33c24d0e17ede6e55f0d5675b8c509be05db8a147c112756e2265bd5912cad14,2021-07,Cumbria Constabulary,Cumbria Constabulary,-2.862698,54.570888,On or near Ferry Terminal,E01019308,Eden 005A,Criminal damage and arson,Unable to prosecute suspect,
bc00c239ac3039255c80a4ae571d4121faa6deed4fe379e006be387c551036ee,2021-07,Cumbria Constabulary,Cumbria Constabulary,-2.709087,54.601282,On or near Hackthorpe Gardens,E01019308,Eden 005A,Public order,Unable to prosecute suspect,
f1495542478112d53f618037cbbe000d9c7854f2113bab8801066563577402b8,2021-07,Cumbria Constabulary,Cumbria Constabulary,-2.756300,54.607188,On or near Coopers Croft,E01019308,Eden 005A,Violence and sexual offences,Unable to prosecute suspect,
60b0be190567bcb42ecf3fed8c0049fce376b40018deb6f5e72b1b18651dda1a,2021-07,Cumbria Constabulary,Cumbria Constabulary,-2.820970,54.611907,On or near Heughscar Close,E01019308,Eden 005A,Violence and sexual offences,Unable to prosecute suspect,
d198cb1ea40a48bce0892833a338d22c60cd772bc349dad83294555b2f2b8dd3,2021-07,Cumbria Constabulary,Cumbria Constabulary,-2.756300,54.607188,On or near Coopers Croft,E01019308,Eden 005A,Violence and sexual offences,Unable to prosecute suspect,
86b0e7303df7b98e93aa65df79784387c697c0f911406cfd5fa9adc239c7e7b1,2021-07,Cumbria Constabulary,Cumbria Constabulary,-2.820970,54.611907,On or near Heughscar Close,E01019308,Eden 005A,Violence and sexual offences,Unable to prosecute suspect,
,2021-07,Cumbria Constabulary,Cumbria Constabulary,-2.776580,54.649388,On or near Parking Area,E01019311,Eden 005B,Anti-social behaviour,,
5763763784ba7dae2612a79f637da42b692ce4db8232a2a53549fd85ef10cca5,2021-07,Cumbria Constabulary,Cumbria Constabulary,-2.826675,54.610745,On or near Ferry Terminal,E01019311,Eden 005B,Criminal damage and arson,Investigation complete; no suspect identified,
677d61949d2636cc9abf013d0956bb779fb59d431d53e0d6665f394abac90e45,2021-07,Cumbria Constabulary,Cumbria Constabulary,-2.826675,54.610745,On or near Ferry Terminal,E01019311,Eden 005B,Other theft,Investigation complete; no suspect identified,
062b3d540ede6096893bd2ac62022a2f82e05a1565171e865d1307dc9905b04b,2021-07,Cumbria Constabulary,Cumbria Constabulary,-2.827219,54.610813,On or near B5320,E01019311,Eden 005B,Violence and sexual offences,Unable to prosecute suspect,
da61eca749053ba87cc12c90a909a86bcdf024f7d3964afdbe10f256e481bb44,2021-07,Cumbria Constabulary,Cumbria Constabulary,-2.826675,54.610745,On or near Ferry Terminal,E01019311,Eden 005B,Violence and sexual offences,Awaiting court outcome,
c37ca1d862944ec02b56b59240697f5f1faba4302f5381ca57abffd9b993f381,2021-07,Cumbria Constabulary,Cumbria Constabulary,-2.800265,54.644848,On or near Prince'S Court,E01019311,Eden 005B,Violence and sexual offences,Unable to prosecute suspect,
12704607720b55460d0f6e5731b66d9615a1c9142beb238c9e0dbbae6e680af3,2021-07,Cumbria Constabulary,Cumbria Constabulary,-2.827219,54.610813,On or near B5320,E01019311,Eden 005B,Violence and sexual offences,Unable to prosecute suspect,
feddb0a4fc0b2149f8e4a8e7accf976b3b40f84748bbe494b379a3ff5722631a,2021-07,Cumbria Constabulary,Cumbria Constabulary,-2.827458,54.661516,On or near Tymparon Close,E01019311,Eden 005B,Violence and sexual offences,Unable to prosecute suspect,
fb9d4b42200096d18bdac986d6591f7b7262cd6ca10c54588fa85bc0d01ee824,2021-07,Cumbria Constabulary,Cumbria Constabulary,-2.867057,54.669049,On or near Church Road,E01019313,Eden 005C,Burglary,Unable to prosecute suspect,
ce519dadc8ee00170e53c88a24ea152ed66b5fc5ba5e739c500a6fc0789d611e,2021-07,Cumbria Constabulary,Cumbria Constabulary,-3.056167,54.618981,On or near Sports/Recreation Area,E01019313,Eden 005C,Other theft,Unable to prosecute suspect,
9cc1518a7f70c1c2d952fff205a6697a80b11c3665071bad0458cfc2d424504f,2021-07,Cumbria Constabulary,Cumbria Constabulary,-2.847039,54.687650,On or near Bus/Coach Station,E01019313,Eden 005C,Other theft,Unable to prosecute suspect,
c7c0714fbd83d2c47e22ffeb01b3001db926bac2785c18e762a9e9650eddc917,2021-07,Cumbria Constabulary,Cumbria Constabulary,-3.038689,54.625306,On or near A66,E01019313,Eden 005C,Vehicle crime,Investigation complete; no suspect identified,
e97885af828e766781887e4415d29926b96a7145d59e2ea7ee532a5a8a5f5f23,2021-07,Cumbria Constabulary,Cumbria Constabulary,-2.847039,54.687650,On or near Bus/Coach Station,E01019313,Eden 005C,Violence and sexual offences,Unable to prosecute suspect,
50410ec6a913a87c2ed018e12c1f88a630fa2ebbb7198c08933b0e77f00f1ddc,2021-07,Cumbria Constabulary,Cumbria Constabulary,-2.847039,54.687650,On or near Bus/Coach Station,E01019313,Eden 005C,Violence and sexual offences,Unable to prosecute suspect,
a441b7ff4b3351fed5fd8099d49e7944ff6633bc0780c96751f5770399b4f10e,2021-07,Cumbria Constabulary,Cumbria Constabulary,-2.891286,54.578104,On or near A592,E01019339,Eden 005D,Bicycle theft,Investigation complete; no suspect identified,
21c5ec4c88ba0dc3871a39453365a5824747cee645bcb49b2aff33058157b243,2021-07,Cumbria Constabulary,Cumbria Constabulary,-2.950393,54.543853,On or near Parking Area,E01019339,Eden 005D,Criminal damage and arson,Investigation complete; no suspect identified,
a9ec5322e722bdb1fe5a3350066c15085aa0662bc2a54538c7a908b3c8908203,2021-07,Cumbria Constabulary,Cumbria Constabulary,-2.953913,54.544355,On or near Browfield Close,E01019339,Eden 005D,Other theft,Investigation complete; no suspect identified,
5ec9006cbdc65823a14d635f8c1858c394382add55b9bad3f971fda05629c181,2021-07,Cumbria Constabulary,Cumbria Constabulary,-2.931109,54.527251,On or near A592,E01019339,Eden 005D,Public order,Unable to prosecute suspect,
653c5869f8e1b0513005c5a253a6b10b0a9adf9de87bf611ddcb849e1af1cbe4,2021-07,Cumbria Constabulary,Cumbria Constabulary,-2.950393,54.543853,On or near Parking Area,E01019339,Eden 005D,Public order,Unable to prosecute suspect,
aea95a3f60c1f6b767d4e14819df241fac03f9f015d6463bfddb9186cf84778d,2021-07,Cumbria Constabulary,Cumbria Constabulary,-2.949919,54.561409,On or near Parking Area,E01019339,Eden 005D,Public order,Unable to prosecute suspect,
38ae4e5b3fba1f93c68f5b346251381f9d2d3aa4f8161cc683534d91e772f327,2021-07,Cumbria Constabulary,Cumbria Constabulary,-2.949919,54.561409,On or near Parking Area,E01019339,Eden 005D,Public order,Unable to prosecute suspect,
89f431ff49055e18d58d0719f9f66404d7bf5fba08bbd55dd0a86e9664d7cc77,2021-07,Cumbria Constabulary,Cumbria Constabulary,-2.964326,54.574227,On or near Park/Open Space,E01019339,Eden 005D,Violence and sexual offences,Unable to prosecute suspect,
8026b1403d56fbae49c25c52f5c5556307e1f41325a5e0bd33d51267ae4ef2c8,2021-07,Cumbria Constabulary,Cumbria Constabulary,-2.964326,54.574227,On or near Park/Open Space,E01019339,Eden 005D,Violence and sexual offences,Investigation complete; no suspect identified,
d45f972985298132429c24925b48a69711badda56ead5b52218fc48cfadbbda3,2021-07,Cumbria Constabulary,Cumbria Constabulary,-2.949919,54.561409,On or near Parking Area,E01019339,Eden 005D,Violence and sexual offences,Unable to prosecute suspect,
56d9531cc651223c16bb6e0e48ce32d81be48b7ce512b56323736b92c53b79cb,2021-07,Cumbria Constabulary,Cumbria Constabulary,-2.950393,54.543853,On or near Parking Area,E01019339,Eden 005D,Violence and sexual offences,Unable to prosecute suspect,
d10b7121a3d2b35b5246cbc14bdbd4e2b3d9b138ca895ddb8352fcda4f38ed9c,2021-07,Cumbria Constabulary,Cumbria Constabulary,-2.940148,54.607194,On or near A5091,E01019339,Eden 005D,Violence and sexual offences,Unable to prosecute suspect,
758d977a07201f57e82161fd49ab2535f643449a640bce315b6cab29275fcb62,2021-07,Cumbria Constabulary,Cumbria Constabulary,-2.905335,54.638842,On or near A66,E01019339,Eden 005D,Violence and sexual offences,Further investigation is not in the public interest,
9c0641733320bd38f920dff1173b5d4c1202e852d4e4365b6f9c1f94a6794225,2021-07,Cumbria Constabulary,Cumbria Constabulary,-2.905335,54.638842,On or near A66,E01019339,Eden 005D,Violence and sexual offences,Further investigation is not in the public interest,
b24f22dad0a1046ecd1e260889518b9acd8799deba7bfd3f54e077a77ee101d3,2021-07,Cumbria Constabulary,Cumbria Constabulary,-2.949919,54.561409,On or near Parking Area,E01019339,Eden 005D,Violence and sexual offences,Unable to prosecute suspect,
,2021-07,Cumbria Constabulary,Cumbria Constabulary,-2.492075,54.577708,On or near Low Wiend,E01019306,Eden 006A,Anti-social behaviour,,
a251b9d546c8e8184c13160ebec8e39b24466001f025fe1d115042e451901d82,2021-07,Cumbria Constabulary,Cumbria Constabulary,-2.491222,54.577505,On or near Parking Area,E01019306,Eden 006A,Criminal damage and arson,Investigation complete; no suspect identified,
57c6458c35a25d3b3c31a8c41e54b9715d1d33ccc4f319a9624e84436ab73fc0,2021-07,Cumbria Constabulary,Cumbria Constabulary,-2.495074,54.572411,On or near Colby Lane,E01019306,Eden 006A,Criminal damage and arson,Investigation complete; no suspect identified,
be7e41d5099d9b374bdd7fb83ba3c2a8b20848c3603717a2bb4838a24b0dd434,2021-07,Cumbria Constabulary,Cumbria Constabulary,-2.491521,54.572794,On or near Caesar'S View,E01019306,Eden 006A,Other theft,Investigation complete; no suspect identified,
ba5f5a6da7f9823282c9df27cb2507b3afb0289d9197402cdece064b049c56ad,2021-07,Cumbria Constabulary,Cumbria Constabulary,-2.491521,54.572794,On or near Caesar'S View,E01019306,Eden 006A,Public order,Unable to prosecute suspect,
3365d2d1d09bbab077ffe5b7b972a803788e9293a037c1bcf42ca4b60da75812,2021-07,Cumbria Constabulary,Cumbria Constabulary,-2.491521,54.572794,On or near Caesar'S View,E01019306,Eden 006A,Public order,Unable to prosecute suspect,
fe014bd72e32a4f786b8cde2fa6adb3c3deb540fedc46abed8a1f964fe970e0d,2021-07,Cumbria Constabulary,Cumbria Constabulary,-2.490468,54.576528,On or near Boroughgate,E01019306,Eden 006A,Public order,Unable to prosecute suspect,
efac8155adf810f08e8c9943cb039f7128df9f23f5aee7de738ce6d4eb1df1c2,2021-07,Cumbria Constabulary,Cumbria Constabulary,-2.491521,54.572794,On or near Caesar'S View,E01019306,Eden 006A,Violence and sexual offences,Unable to prosecute suspect,
6e0769fdebb017612be001a0f67a0fb619124f487856c8baefc5e99699473fc1,2021-07,Cumbria Constabulary,Cumbria Constabulary,-2.494027,54.572820,On or near Glebe Close,E01019306,Eden 006A,Violence and sexual offences,Unable to prosecute suspect,
9e1b1556a37c79c1ef543dd97baa0bd3c04476b83e54c7241f663ad171e3ee0f,2021-07,Cumbria Constabulary,Cumbria Constabulary,-2.491521,54.572794,On or near Caesar'S View,E01019306,Eden 006A,Violence and sexual offences,Unable to prosecute suspect,
9ec10a309aa2bb608b48e65f7940a35c36d8e55bfc423cd00f112f48b35a66ab,2021-07,Cumbria Constabulary,Cumbria Constabulary,-2.494027,54.572820,On or near Glebe Close,E01019306,Eden 006A,Violence and sexual offences,Unable to prosecute suspect,
a6aa6cc8bee34fa37d533125cf203181bb7a7ebf128f8c237953bb4d54f630ed,2021-07,Cumbria Constabulary,Cumbria Constabulary,-2.490254,54.578030,On or near Bridge Street,E01019306,Eden 006A,Violence and sexual offences,Unable to prosecute suspect,
3788382bdfe8bc3e5218480f48f58b4d9ffaa4b457ac19e557920f93c75a78bc,2021-07,Cumbria Constabulary,Cumbria Constabulary,-2.494027,54.572820,On or near Glebe Close,E01019306,Eden 006A,Violence and sexual offences,Local resolution,
,2021-07,Cumbria Constabulary,Cumbria Constabulary,-2.485945,54.579934,On or near Parking Area,E01019307,Eden 006B,Anti-social behaviour,,
dc87c746db4bfdfb546ccbdd04d075ad350918dc291e08fd5fba9f1254331fdd,2021-07,Cumbria Constabulary,Cumbria Constabulary,-2.479015,54.577383,On or near Garbridge Court,E01019307,Eden 006B,Violence and sexual offences,Further action is not in the public interest,
b3b4551ba0ca13fcc58e327c7d5061ec433d1424aaabd2b667fe6948a8cde1fa,2021-07,Cumbria Constabulary,Cumbria Constabulary,-2.486072,54.581552,On or near School Brow,E01019307,Eden 006B,Violence and sexual offences,Unable to prosecute suspect,
bd0f479eb586e734cf6c651abf9b356afe6e9818431fd62f369f99a8f465487a,2021-07,Cumbria Constabulary,Cumbria Constabulary,-2.562674,54.549028,On or near Brackenslack Lane,E01019310,Eden 006C,Public order,Investigation complete; no suspect identified,
9cdd34fd9faf8beb201171f5cada3861cc9fd019ce90e0ec7d268e2165fd8400,2021-07,Cumbria Constabulary,Cumbria Constabulary,-2.588577,54.583954,On or near Parking Area,E01019310,Eden 006C,Public order,Unable to prosecute suspect,
25b21b95b813d9e1fe81b265939ff719bf622207fa3b4a39b9f5f0e6ec2824c3,2021-07,Cumbria Constabulary,Cumbria Constabulary,-2.589916,54.583453,On or near Welltree Brow,E01019310,Eden 006C,Violence and sexual offences,Unable to prosecute suspect,
b74c992f738d7c5b31433e750e6f2dc4aad4ec1e0fcc487dd06a852197c2b177,2021-07,Cumbria Constabulary,Cumbria Constabulary,-2.589916,54.583453,On or near Welltree Brow,E01019310,Eden 006C,Other crime,Further investigation is not in the public interest,
,2021-07,Cumbria Constabulary,Cumbria Constabulary,-2.563698,54.623247,On or near Main Street,E01019319,Eden 006D,Anti-social behaviour,,
b441ad3b7c13060efdf272b805c220b0397ade2711663f38d2bdb9c484864513,2021-07,Cumbria Constabulary,Cumbria Constabulary,-2.557745,54.626213,On or near Town Head Garth,E01019319,Eden 006D,Public order,Unable to prosecute suspect,
ebc595a81b274dbff80744d2035ef31642df48d0ac573efb874621dafeb27b66,2021-07,Cumbria Constabulary,Cumbria Constabulary,-2.664821,54.652902,On or near A66,E01019319,Eden 006D,Violence and sexual offences,Unable to prosecute suspect,
e394fe2bccd2a5c1d0aacb78e457cd8caeb47c15bdbddc1cc1424cb7843ebb18,2021-07,Cumbria Constabulary,Cumbria Constabulary,-2.601186,54.634264,On or near Eden Meadows,E01019319,Eden 006D,Violence and sexual offences,Unable to prosecute suspect,
740d6138778a6b0b58cf98aaee4be3a95e2572366c9e726452de62798d46ba87,2021-07,Cumbria Constabulary,Cumbria Constabulary,-2.518948,54.615493,On or near Back Lane,E01019323,Eden 006E,Criminal damage and arson,Investigation complete; no suspect identified,
054f247d7304db7100be9a41a892ee52433f071a97097ce248b6438a5986f6af,2021-07,Cumbria Constabulary,Cumbria Constabulary,-2.520671,54.615818,On or near Croft View,E01019323,Eden 006E,Criminal damage and arson,Investigation complete; no suspect identified,
92843de0d437c89c21925fef74279ee910e76d7a900ed74f36fb7d5cc44fa7cc,2021-07,Cumbria Constabulary,Cumbria Constabulary,-2.539119,54.604477,On or near Parking Area,E01019323,Eden 006E,Drugs,Local resolution,
a3784c630a7512329532ae748f6b7760f9c4990b8b8f6079e6e9a85a8a72b40b,2021-07,Cumbria Constabulary,Cumbria Constabulary,-2.481092,54.619784,On or near The Ride,E01019323,Eden 006E,Violence and sexual offences,Unable to prosecute suspect,
3db3d6bc17de7bcedd1cd6879421153475746b06f28f3ae09922097fe9008616,2021-07,Cumbria Constabulary,Cumbria Constabulary,-2.518948,54.615493,On or near Back Lane,E01019323,Eden 006E,Violence and sexual offences,Investigation complete; no suspect identified,
,2021-07,Cumbria Constabulary,Cumbria Constabulary,-2.675053,54.564199,On or near Edge Brow,E01019324,Eden 006F,Anti-social behaviour,,
,2021-07,Cumbria Constabulary,Cumbria Constabulary,-2.688043,54.597179,On or near Town Head Close,E01019324,Eden 006F,Anti-social behaviour,,
b8c4b8601c0eee4c162ac1fd71150336f60a398dd0905cc01495252b945bdf34,2021-07,Cumbria Constabulary,Cumbria Constabulary,-2.625297,54.595264,On or near Jackson Croft,E01019324,Eden 006F,Criminal damage and arson,Investigation complete; no suspect identified,
,2021-07,Cumbria Constabulary,Cumbria Constabulary,-2.678354,54.532024,On or near Supermarket,E01019337,Eden 006G,Anti-social behaviour,,
bc5a9ea7a6b8ac660cff6820384eed313023a1e8e7a8d5fa9893dfa813eb1349,2021-07,Cumbria Constabulary,Cumbria Constabulary,-2.677918,54.530868,On or near Police Station,E01019337,Eden 006G,Other theft,Investigation complete; no suspect identified,
88d0bf0f4fe9e81e9c5b8ec1217fce8bbe704b37e7c0084c6ff26ea2e53efc0b,2021-07,Cumbria Constabulary,Cumbria Constabulary,-2.676793,54.531979,On or near Jackson Croft,E01019337,Eden 006G,Other theft,Investigation complete; no suspect identified,
dfe4cc0a9bd37c07ede8d3de6772b3acccdcd0dbad50ba58fbdcba66d56f9bb7,2021-07,Cumbria Constabulary,Cumbria Constabulary,-2.678354,54.532024,On or near Supermarket,E01019337,Eden 006G,Shoplifting,Further investigation is not in the public interest,
c410ffa17a1d6f7a3fa15a0a23fcc93d1b0e1fa676c22f6de1ab836fa2ab110d,2021-07,Cumbria Constabulary,Cumbria Constabulary,-2.679365,54.531453,On or near West Lane,E01019337,Eden 006G,Violence and sexual offences,Investigation complete; no suspect identified,
,2021-07,Cumbria Constabulary,Cumbria Constabulary,-2.432652,54.435797,On or near Mill Street,E01019309,Eden 007A,Anti-social behaviour,,
,2021-07,Cumbria Constabulary,Cumbria Constabulary,-2.317867,54.526329,On or near Main Street,E01019309,Eden 007A,Anti-social behaviour,,
444bdfc426713251a4f33c9173dbcb2aa3162dc0f3299c82f855c8a380d8d393,2021-07,Cumbria Constabulary,Cumbria Constabulary,-2.316340,54.526765,On or near Black Bull Lane,E01019309,Eden 007A,Criminal damage and arson,Further action is not in the public interest,
7a40b6dd8589346abd20ca39e9f28da3885549abe300fd175ef688191f6f29f4,2021-07,Cumbria Constabulary,Cumbria Constabulary,-2.318539,54.523398,On or near Parking Area,E01019309,Eden 007A,Public order,Unable to prosecute suspect,
68db361a1650d6af9d877c17bf6892da0480acf6f151908433eedb416cbd30d4,2021-07,Cumbria Constabulary,Cumbria Constabulary,-2.221256,54.521260,On or near A66,E01019309,Eden 007A,Vehicle crime,Investigation complete; no suspect identified,
0f8c0e1dd389d72ea686cb695382489611c28e83f95bd354ac570c9c9c6c0a62,2021-07,Cumbria Constabulary,Cumbria Constabulary,-2.316340,54.526765,On or near Black Bull Lane,E01019309,Eden 007A,Violence and sexual offences,Unable to prosecute suspect,
f48c6851f6b8d0f00fca5dacc1fe7401eb160de2d160953e455256134954e2b7,2021-07,Cumbria Constabulary,Cumbria Constabulary,-2.318539,54.523398,On or near Parking Area,E01019309,Eden 007A,Violence and sexual offences,Unable to prosecute suspect,
04258d8488582b1cce5bb7a3eb6d220f7003dad30dee4b980c05ce835f68363c,2021-07,Cumbria Constabulary,Cumbria Constabulary,-2.322399,54.526964,On or near Croft Close,E01019309,Eden 007A,Violence and sexual offences,Unable to prosecute suspect,
d693592dcfa00535a854db3064f81d41a387943fd7b11ab34c23613889fa62bc,2021-07,Cumbria Constabulary,Cumbria Constabulary,-2.321064,54.526159,On or near Castle Park,E01019309,Eden 007A,Violence and sexual offences,Unable to prosecute suspect,
2ab161b100639812339c4b86253cb5150cbbbc37649420d54ff4fccfc85ad642,2021-07,Cumbria Constabulary,Cumbria Constabulary,-2.354957,54.464971,On or near Croglam Park,E01019317,Eden 007B,Violence and sexual offences,Unable to prosecute suspect,
b1feeee347145659fa3c64b70ffeb0e20222c071ee7996a62c22e9c6175a4f29,2021-07,Cumbria Constabulary,Cumbria Constabulary,-2.351170,54.474930,On or near Police Station,E01019317,Eden 007B,Violence and sexual offences,Unable to prosecute suspect,
4443fcf45437983b9a0c1c59661ed2c88db657eadbeb64370ab0e88cab23713e,2021-07,Cumbria Constabulary,Cumbria Constabulary,-2.351170,54.474930,On or near Police Station,E01019317,Eden 007B,Violence and sexual offences,Unable to prosecute suspect,
2821027ee5d3cc4689eb73f50aee968163f86bc306cf583046d7426824502d58,2021-07,Cumbria Constabulary,Cumbria Constabulary,-2.349120,54.475188,On or near North Road,E01019318,Eden 007C,Burglary,Investigation complete; no suspect identified,
813e8b9dba2485e4f85fe13e2e6a2155d7a15cbb13cde5f4f9fa5a753fde9cd8,2021-07,Cumbria Constabulary,Cumbria Constabulary,-2.353345,54.469532,On or near Westgarth Gate,E01019318,Eden 007C,Criminal damage and arson,Investigation complete; no suspect identified,
03424167f4ce84913332146128043b0e19d9503ea4c2824b62d43faa4c1b2339,2021-07,Cumbria Constabulary,Cumbria Constabulary,-2.353791,54.469351,On or near Westgarth Grove,E01019318,Eden 007C,Vehicle crime,Investigation complete; no suspect identified,
749c6b46828d676644cb7bfc5a068b520e7e40ca0db3cb1e3370e230ee1d4843,2021-07,Cumbria Constabulary,Cumbria Constabulary,-2.352614,54.470594,On or near Westgarth Road,E01019318,Eden 007C,Violence and sexual offences,Unable to prosecute suspect,
ab63b497a5dd62ca4e2f81a239a4e1292eb353b56c9435fe3daf84c3466d977e,2021-07,Cumbria Constabulary,Cumbria Constabulary,-2.348441,54.473438,On or near Market Square,E01019318,Eden 007C,Violence and sexual offences,Unable to prosecute suspect,
,2021-07,Cumbria Constabulary,Cumbria Constabulary,-2.594827,54.428708,On or near A685,E01019325,Eden 007D,Anti-social behaviour,,
141c31fc2f8f211646ba39040ed8cc4ed0ff4647881752665fd98470dac06465,2021-07,Cumbria Constabulary,Cumbria Constabulary,-2.589824,54.434566,On or near Orton Road,E01019325,Eden 007D,Criminal damage and arson,Investigation complete; no suspect identified,
b145bcda9fc2d8bfca8c212e8b5ab47f47c517f6066f37fed78a616c73ea67cf,2021-07,Cumbria Constabulary,Cumbria Constabulary,-2.605728,54.451922,On or near Petrol Station,E01019325,Eden 007D,Criminal damage and arson,Unable to prosecute suspect,
775b50f7a0de30ab83854f23b53af9dbc1f90acbf3d98246810f6462ebf5d99c,2021-07,Cumbria Constabulary,Cumbria Constabulary,-2.594724,54.437561,On or near Parking Area,E01019325,Eden 007D,Drugs,Awaiting court outcome,
3a9d4baab8405fe163f36498ed1da6bb21e4c96bf046c7fb26132c107fca17cb,2021-07,Cumbria Constabulary,Cumbria Constabulary,-2.619506,54.443072,On or near Pikestol Lane,E01019325,Eden 007D,Other theft,Investigation complete; no suspect identified,
09729384b6fc56d2b952e5b0bcfe61d69ca6f2255473ef1e5cfc87887db7025b,2021-07,Cumbria Constabulary,Cumbria Constabulary,-2.605728,54.451922,On or near Petrol Station,E01019325,Eden 007D,Other theft,Investigation complete; no suspect identified,
3b392063a9339d653cec44afede40fb3e73b80104288e3eb5c5e25ffaba3ba99,2021-07,Cumbria Constabulary,Cumbria Constabulary,-2.605728,54.451922,On or near Petrol Station,E01019325,Eden 007D,Public order,Investigation complete; no suspect identified,
968a87cbb702256095434e6e448dcee15a663bec0e52e58e025a3fc98229ffcb,2021-07,Cumbria Constabulary,Cumbria Constabulary,-2.605728,54.451922,On or near Petrol Station,E01019325,Eden 007D,Public order,Investigation complete; no suspect identified,
f627fcd15c283f8e29e823ba0a054b0a0372d83922f3d8fe92f257f259ea59b4,2021-07,Cumbria Constabulary,Cumbria Constabulary,-2.605728,54.451922,On or near Petrol Station,E01019325,Eden 007D,Shoplifting,Investigation complete; no suspect identified,
5ca32cba440f2217238b6921c546d5fb338cf8391c3a4a1120a4d50cd233f5b9,2021-07,Cumbria Constabulary,Cumbria Constabulary,-2.605728,54.451922,On or near Petrol Station,E01019325,Eden 007D,Shoplifting,Court result unavailable,
51ad4bbbfbcd77d5e925c3033c47bc8b2df902c29717136a24539c7aae04f72f,2021-07,Cumbria Constabulary,Cumbria Constabulary,-2.589824,54.434566,On or near Orton Road,E01019325,Eden 007D,Vehicle crime,Investigation complete; no suspect identified,
dd2b6ee2abe4af935fbb33a0542260b6f06c9ad5d73186a18f83fd28b6006caf,2021-07,Cumbria Constabulary,Cumbria Constabulary,-2.605728,54.451922,On or near Petrol Station,E01019325,Eden 007D,Vehicle crime,Investigation complete; no suspect identified,
d29c0afbf49c90838d74ac33e5e943afcad1df3a19c1f11fcf93e24d99c6b522,2021-07,Cumbria Constabulary,Cumbria Constabulary,-2.594827,54.428708,On or near A685,E01019325,Eden 007D,Violence and sexual offences,Unable to prosecute suspect,
7f79b288ed68a6c7ef4a7f75be13beddf8fc2125d7eab279c2e883850bf62dd0,2021-07,Cumbria Constabulary,Cumbria Constabulary,-2.605728,54.451922,On or near Petrol Station,E01019325,Eden 007D,Violence and sexual offences,Court result unavailable,
add1858d7f0a8c2d61b61a10f288335ad41d784997cdd159eec2d84aeafa8f6c,2021-07,Cumbria Constabulary,Cumbria Constabulary,-2.590384,54.433808,On or near Highfield,E01019325,Eden 007D,Violence and sexual offences,Unable to prosecute suspect,
21d675aa555c171084339f9cf0221273f5265a9a168ff62a78035235b587e074,2021-07,Cumbria Constabulary,Cumbria Constabulary,-2.605728,54.451922,On or near Petrol Station,E01019325,Eden 007D,Violence and sexual offences,Court result unavailable,
,2021-07,Cumbria Constabulary,Cumbria Constabulary,-2.460465,54.570418,On or near A66,E01019340,Eden 007E,Anti-social behaviour,,
fb3f14341bea7fedae0de1b98045fcfb277e4f285fc8759e67a98bc413f46e9c,2021-07,Cumbria Constabulary,Cumbria Constabulary,-2.389536,54.533740,On or near Castlehill Road,E01019340,Eden 007E,Vehicle crime,Unable to prosecute suspect,
0c08c15ccd7b398e2a2517008c1ed8101f301bcd5e99133343a4eccd0beba6d2,2021-07,Cumbria Constabulary,Cumbria Constabulary,-2.395447,54.531358,On or near Tower Court,E01019340,Eden 007E,Violence and sexual offences,Unable to prosecute suspect,
511e3ad6ddbfe6c7d902737b385336e18493da02c86e71747e65e52fdc27dcc5,2021-07,Cumbria Constabulary,Cumbria Constabulary,-2.471600,54.546236,On or near Mill Lane,E01019340,Eden 007E,Violence and sexual offences,Unable to prosecute suspect,
ce34b8027db5e24a16417694b64937f518a5d6fb304cae1cb9801336e563f8df,2021-07,Cumbria Constabulary,Cumbria Constabulary,-2.462929,54.535423,On or near Helm Road,E01019340,Eden 007E,Violence and sexual offences,Unable to prosecute suspect,
a3f3620a221039b05231807ebdf4d7febb5f77cc1e3219554e46c87ecd695735,2021-07,Cumbria Constabulary,Cumbria Constabulary,-1.164036,50.808519,On or near Halyard Close,E01022819,Gosport 004A,Other crime,Status update unavailable,
2c4bcd21611dc3d400ccb5fb993825c93d26b7531f816cf46d3aebfa85da8cac,2021-07,Cumbria Constabulary,Cumbria Constabulary,1.173223,52.053488,On or near Supermarket,E01033123,Ipswich 011E,Violence and sexual offences,Status update unavailable,
c4c370e6620c0cec91d480658e379a8b88b2c9e2d41568ceabc8a37cbc2d4a7a,2021-07,Cumbria Constabulary,Cumbria Constabulary,0.542758,52.657257,On or near Ash Road,E01026644,King's Lynn and West Norfolk 014C,Public order,Action to be taken by another organisation,
ec9ccbf8d9f943089a0c4fcc414384438591ff27e26004335be57ee68f446844,2021-07,Cumbria Constabulary,Cumbria Constabulary,0.542758,52.657257,On or near Ash Road,E01026644,King's Lynn and West Norfolk 014C,Violence and sexual offences,Status update unavailable,
7aacb5d92c390cfd942c486391ba008fe7f1988fabeef8772042a6117ec4c730,2021-07,Cumbria Constabulary,Cumbria Constabulary,-2.758288,54.107173,On or near Main Road,E01025130,Lancaster 002A,Drugs,Further action is not in the public interest,
da03e1c6ece7232d36f1b8b6da9a432a3d7ae0481f2b4ae10fbfd97eeac1b12d,2021-07,Cumbria Constabulary,Cumbria Constabulary,-2.773502,54.051037,On or near Far Moor Lane,E01025095,Lancaster 013C,Violence and sexual offences,Unable to prosecute suspect,
e7f8b62458bae503d0d06cd60a6ca8e9880fa7df1f787f0279284c4f542ba761,2021-07,Cumbria Constabulary,Cumbria Constabulary,-2.773502,54.051037,On or near Far Moor Lane,E01025095,Lancaster 013C,Violence and sexual offences,Unable to prosecute suspect,
28a4f99fad5abdd504a77f06b86968303e01c1caf257100bbcd511c5c5942f51,2021-07,Cumbria Constabulary,Cumbria Constabulary,-1.628916,55.002413,On or near Meadowfield Road,E01008421,Newcastle upon Tyne 006F,Violence and sexual offences,Status update unavailable,
62b368bec02b8eb01ddeb7608cea8190b60d4a4d2ead1d906dca5d5dc7ea721b,2021-07,Cumbria Constabulary,Cumbria Constabulary,-2.097832,54.969825,On or near Argyle Terrace,E01027494,Northumberland 035G,Violence and sexual offences,Status update unavailable,
4d8a526a1b6908674fe584a91358987b80355675135593506ae1fe4b5cb46aec,2021-07,Cumbria Constabulary,Cumbria Constabulary,0.064957,51.237262,On or near Main Road,E01024484,Sevenoaks 013D,Violence and sexual offences,Further investigation is not in the public interest,
,2021-07,Cumbria Constabulary,Cumbria Constabulary,-2.968047,54.437447,On or near High Greenbank,E01019374,South Lakeland 001A,Anti-social behaviour,,
,2021-07,Cumbria Constabulary,Cumbria Constabulary,-2.966037,54.437840,On or near Castle Field,E01019374,South Lakeland 001A,Anti-social behaviour,,
,2021-07,Cumbria Constabulary,Cumbria Constabulary,-2.964211,54.433640,On or near Parking Area,E01019374,South Lakeland 001A,Anti-social behaviour,,
,2021-07,Cumbria Constabulary,Cumbria Constabulary,-2.962280,54.432801,On or near North Road,E01019374,South Lakeland 001A,Anti-social behaviour,,
,2021-07,Cumbria Constabulary,Cumbria Constabulary,-2.962280,54.432801,On or near North Road,E01019374,South Lakeland 001A,Anti-social behaviour,,
58b5f6b40fa4b6fd952b788ed35de607cd803f6f58d88505b5cc102eb2f9b654,2021-07,Cumbria Constabulary,Cumbria Constabulary,-2.968047,54.437447,On or near High Greenbank,E01019374,South Lakeland 001A,Public order,Unable to prosecute suspect,
022f416247754c53e7d38801fc2a1182e4e67a5264bbb7b8af28c64bea5f8a97,2021-07,Cumbria Constabulary,Cumbria Constabulary,-2.968047,54.437447,On or near High Greenbank,E01019374,South Lakeland 001A,Public order,Unable to prosecute suspect,
0f846cd886fd10f0ec5e34f0d721581a1fb114c235ea6acdab5d0c76f5fb50e3,2021-07,Cumbria Constabulary,Cumbria Constabulary,-2.964153,54.432472,On or near Millans Park,E01019374,South Lakeland 001A,Public order,Awaiting court outcome,
88fe65e2500508decf6948ddda7bc7030a6a021ebedcb896ae3f7f8ff9eb007a,2021-07,Cumbria Constabulary,Cumbria Constabulary,-2.966037,54.437840,On or near Castle Field,E01019374,South Lakeland 001A,Violence and sexual offences,Unable to prosecute suspect,
02a101f7cbc888fd61cbe1958f24f73ee56bdb85a61cb6a49086cef05ef5e64d,2021-07,Cumbria Constabulary,Cumbria Constabulary,-2.966037,54.437840,On or near Castle Field,E01019374,South Lakeland 001A,Violence and sexual offences,Unable to prosecute suspect,
532b0e9df893114af44219834e38c5a8b58ad5095f60841f5d02122e90e57d4e,2021-07,Cumbria Constabulary,Cumbria Constabulary,-2.966037,54.437840,On or near Castle Field,E01019374,South Lakeland 001A,Violence and sexual offences,Unable to prosecute suspect,
febf3f59d30c6ec111f4c0a67332cb3484eaae8927502b5032e08d46964838b9,2021-07,Cumbria Constabulary,Cumbria Constabulary,-2.966037,54.437840,On or near Castle Field,E01019374,South Lakeland 001A,Violence and sexual offences,Unable to prosecute suspect,
616e9d148ab463d14b7b7beebb5a0cdc3892a86646e39d7cc3fc31ee5f3009ea,2021-07,Cumbria Constabulary,Cumbria Constabulary,-2.964144,54.431420,On or near Compston Road,E01019374,South Lakeland 001A,Violence and sexual offences,Unable to prosecute suspect,
1498cbdf4204707dbc4efb1eed5e94d72bf9e5d762ef18943c8c675d46ac4d4f,2021-07,Cumbria Constabulary,Cumbria Constabulary,-2.961848,54.431448,On or near Cheapside,E01019374,South Lakeland 001A,Violence and sexual offences,Unable to prosecute suspect,
7dd08614ff87bfe9b4308c9c11fdb52ae926f9a9228b6e3226fd69d243bd32ef,2021-07,Cumbria Constabulary,Cumbria Constabulary,-2.962280,54.432801,On or near North Road,E01019374,South Lakeland 001A,Violence and sexual offences,Unable to prosecute suspect,
6c965f57dad5296e09f97c5c95f8217111c31380e80b15ff4efc7a043fca55cb,2021-07,Cumbria Constabulary,Cumbria Constabulary,-2.964966,54.432960,On or near Park Street,E01019374,South Lakeland 001A,Violence and sexual offences,Unable to prosecute suspect,
,2021-07,Cumbria Constabulary,Cumbria Constabulary,-2.955182,54.431869,On or near Ghyllside,E01019375,South Lakeland 001B,Anti-social behaviour,,
,2021-07,Cumbria Constabulary,Cumbria Constabulary,-2.962227,54.419339,On or near Parking Area,E01019375,South Lakeland 001B,Anti-social behaviour,,
,2021-07,Cumbria Constabulary,Cumbria Constabulary,-2.962227,54.419339,On or near Parking Area,E01019375,South Lakeland 001B,Anti-social behaviour,,
,2021-07,Cumbria Constabulary,Cumbria Constabulary,-2.948510,54.410621,On or near Skelghyll Lane,E01019375,South Lakeland 001B,Anti-social behaviour,,
,2021-07,Cumbria Constabulary,Cumbria Constabulary,-2.942105,54.400741,On or near Park/Open Space,E01019375,South Lakeland 001B,Anti-social behaviour,,
8d310d914158a76c73a7bd008ba2393f1fbddcafb9ae093ea8e144bba5c719a6,2021-07,Cumbria Constabulary,Cumbria Constabulary,-2.942105,54.400741,On or near Park/Open Space,E01019375,South Lakeland 001B,Burglary,Investigation complete; no suspect identified,
1f6b1d90a88bd058e4e89ac60666fefbc0ef76e8affa66ef17d333237b089f64,2021-07,Cumbria Constabulary,Cumbria Constabulary,-2.942105,54.400741,On or near Park/Open Space,E01019375,South Lakeland 001B,Burglary,Investigation complete; no suspect identified,
82cee4f36d8769f82b198373d509fa45de2682f9b29659f08850379301b3fbc2,2021-07,Cumbria Constabulary,Cumbria Constabulary,-2.961304,54.430634,On or near Lower Gale,E01019375,South Lakeland 001B,Criminal damage and arson,Unable to prosecute suspect,
109c19add9f3ee159a498663e96faaa59dae6bed4722c0bc85d95c397fa01b52,2021-07,Cumbria Constabulary,Cumbria Constabulary,-2.907300,54.424168,On or near Back Lane,E01019375,South Lakeland 001B,Criminal damage and arson,Unable to prosecute suspect,
8b5b72eaf800a83ff8c956682c6ae9eb778371dcc5f39eb04b76fb636e2d98e3,2021-07,Cumbria Constabulary,Cumbria Constabulary,-2.962181,54.421352,On or near Parking Area,E01019375,South Lakeland 001B,Other theft,Investigation complete; no suspect identified,
9f10ceee9800c9bdbdb8bc72eba3649b67dfee49aded8838217db968385d73e5,2021-07,Cumbria Constabulary,Cumbria Constabulary,-2.942105,54.400741,On or near Park/Open Space,E01019375,South Lakeland 001B,Other theft,Investigation complete; no suspect identified,
b1ff59cd1e010d69de0267f4eb6e98ce1e1466c401022af91ca35aa84f6b533d,2021-07,Cumbria Constabulary,Cumbria Constabulary,-2.962790,54.429571,On or near Parking Area,E01019375,South Lakeland 001B,Other theft,Unable to prosecute suspect,
b8ccbaab76293bcc68b38dfadca0550a5692d49837f0b499f4be28dea283444a,2021-07,Cumbria Constabulary,Cumbria Constabulary,-2.906598,54.418214,On or near Sports/Recreation Area,E01019375,South Lakeland 001B,Violence and sexual offences,Unable to prosecute suspect,
bd77b2b235cdd24b67670c1ed53d03f38c4087205e3b2c8b0a7cdc4742ae2c2c,2021-07,Cumbria Constabulary,Cumbria Constabulary,-2.964256,54.429613,On or near Knott Street,E01019375,South Lakeland 001B,Violence and sexual offences,Local resolution,
,2021-07,Cumbria Constabulary,Cumbria Constabulary,-3.016929,54.455119,On or near Parking Area,E01019376,South Lakeland 001C,Anti-social behaviour,,
a24d4a79035a7bd79c654e058424202eb7438c0af649cf734145d425ba7dccd4,2021-07,Cumbria Constabulary,Cumbria Constabulary,-3.021226,54.464798,On or near Swan Lane,E01019376,South Lakeland 001C,Burglary,Investigation complete; no suspect identified,
f23df1d8089ee4e108e2ad41bdcce58d019083768270109e8183df295b245174,2021-07,Cumbria Constabulary,Cumbria Constabulary,-2.996571,54.443173,On or near Park/Open Space,E01019376,South Lakeland 001C,Burglary,Investigation complete; no suspect identified,
c5d0d7ae5dcbea8f27687cc05a9ddf732918300a740db709fade43b938182821,2021-07,Cumbria Constabulary,Cumbria Constabulary,-3.031648,54.463874,On or near Easedale Road,E01019376,South Lakeland 001C,Criminal damage and arson,Unable to prosecute suspect,
702b56c774ba122d10bc36209b891957d8a3a59ac81d5b1e2eeade028e2f51a4,2021-07,Cumbria Constabulary,Cumbria Constabulary,-3.011039,54.423928,On or near Foulstep,E01019376,South Lakeland 001C,Criminal damage and arson,Investigation complete; no suspect identified,
cded9665ca1e5cb11216155ef492a9b204e20cd91e09dbcb70e6a4fdaee1923e,2021-07,Cumbria Constabulary,Cumbria Constabulary,-2.980096,54.448737,On or near Conference/Exhibition Centre,E01019376,South Lakeland 001C,Public order,Investigation complete; no suspect identified,
ffe0a33e4b20e3726784b2f7bad708662321f03ea4a0b5ebe3f9f11b83babe0f,2021-07,Cumbria Constabulary,Cumbria Constabulary,-3.050267,54.419791,On or near Greenbank Terrace,E01019376,South Lakeland 001C,Public order,Unable to prosecute suspect,
df7a3fa671ba948177a518c96634722da0b330009d5ead54577495e140a37ec2,2021-07,Cumbria Constabulary,Cumbria Constabulary,-3.052357,54.421355,On or near Wilson Place,E01019376,South Lakeland 001C,Public order,Investigation complete; no suspect identified,
5ca48f41586b039a2161b3d47b0780f9d024a4151ad42895e1b8e5c668f52278,2021-07,Cumbria Constabulary,Cumbria Constabulary,-3.016929,54.455119,On or near Parking Area,E01019376,South Lakeland 001C,Public order,Unable to prosecute suspect,
c69c7c56c333a2f18907719148552e25880695b746da9f08c0058433b6e4a7f4,2021-07,Cumbria Constabulary,Cumbria Constabulary,-3.027939,54.463006,On or near Highfieldside,E01019376,South Lakeland 001C,Public order,Unable to prosecute suspect,
83e188e3c7e4270ae17d539d390a1bd115ae362de28709a161325366119526d5,2021-07,Cumbria Constabulary,Cumbria Constabulary,-3.031648,54.463874,On or near Easedale Road,E01019376,South Lakeland 001C,Public order,Unable to prosecute suspect,
d98dd90e09f6ba354ef4f2fa80a39e8b2e1656c187ff6ca07d32910c4c5a96aa,2021-07,Cumbria Constabulary,Cumbria Constabulary,-3.024766,54.458872,On or near B5287,E01019376,South Lakeland 001C,Shoplifting,Investigation complete; no suspect identified,
91e9e334b23e7c0b5893f49eaaf771d4ca5d36ff51b7b9031dd4407aa30ccedd,2021-07,Cumbria Constabulary,Cumbria Constabulary,-3.031648,54.463874,On or near Easedale Road,E01019376,South Lakeland 001C,Violence and sexual offences,Unable to prosecute suspect,
1b38840af1d5ea35e34d03ef5c9ff6b0d630f36d0d455c054b9c3c553519f088,2021-07,Cumbria Constabulary,Cumbria Constabulary,-3.089945,54.447993,On or near Parking Area,E01019376,South Lakeland 001C,Violence and sexual offences,Unable to prosecute suspect,
989017cc306e3a963578b1b601121f85e58b21322bfee6334459d17165636dc4,2021-07,Cumbria Constabulary,Cumbria Constabulary,-2.977686,54.422675,On or near B5286,E01019376,South Lakeland 001C,Violence and sexual offences,Local resolution,
62c54f9c84fd5d9aaa4e7d5ce9763677f0f600bfbaa1794ce70530bdbc5a4f61,2021-07,Cumbria Constabulary,Cumbria Constabulary,-3.021981,54.465349,On or near Pye Lane,E01019376,South Lakeland 001C,Violence and sexual offences,Unable to prosecute suspect,
,2021-07,Cumbria Constabulary,Cumbria Constabulary,-2.903237,54.379603,On or near Parking Area,E01019395,South Lakeland 001D,Anti-social behaviour,,
,2021-07,Cumbria Constabulary,Cumbria Constabulary,-2.921120,54.377185,On or near Sports/Recreation Area,E01019395,South Lakeland 001D,Anti-social behaviour,,
,2021-07,Cumbria Constabulary,Cumbria Constabulary,-2.921120,54.377185,On or near Sports/Recreation Area,E01019395,South Lakeland 001D,Anti-social behaviour,,
,2021-07,Cumbria Constabulary,Cumbria Constabulary,-2.878225,54.402984,On or near Park/Open Space,E01019395,South Lakeland 001D,Anti-social behaviour,,
,2021-07,Cumbria Constabulary,Cumbria Constabulary,-2.907321,54.378386,On or near College Road,E01019395,South Lakeland 001D,Anti-social behaviour,,
,2021-07,Cumbria Constabulary,Cumbria Constabulary,-2.921120,54.377185,On or near Sports/Recreation Area,E01019395,South Lakeland 001D,Anti-social behaviour,,
,2021-07,Cumbria Constabulary,Cumbria Constabulary,-2.917693,54.373337,On or near Longlands Road,E01019395,South Lakeland 001D,Anti-social behaviour,,
,2021-07,Cumbria Constabulary,Cumbria Constabulary,-2.906402,54.378581,On or near Main Road,E01019395,South Lakeland 001D,Anti-social behaviour,,
,2021-07,Cumbria Constabulary,Cumbria Constabulary,-2.907786,54.374338,On or near Brook Road,E01019395,South Lakeland 001D,Anti-social behaviour,,
,2021-07,Cumbria Constabulary,Cumbria Constabulary,-2.905595,54.379702,On or near Victoria Street,E01019395,South Lakeland 001D,Anti-social behaviour,,
,2021-07,Cumbria Constabulary,Cumbria Constabulary,-2.907786,54.374338,On or near Brook Road,E01019395,South Lakeland 001D,Anti-social behaviour,,
,2021-07,Cumbria Constabulary,Cumbria Constabulary,-2.916679,54.383761,On or near Priory Gardens,E01019395,South Lakeland 001D,Anti-social behaviour,,
a865b4c49c98248168f9cb4dded6689c28545dfdcdfab030ee8d8802ae3163de,2021-07,Cumbria Constabulary,Cumbria Constabulary,-2.923916,54.392694,On or near Sports/Recreation Area,E01019395,South Lakeland 001D,Criminal damage and arson,Investigation complete; no suspect identified,
91f7e0470183883b032b68a5baf74041a75604097d0274ff80ceff4eeb5a2c75,2021-07,Cumbria Constabulary,Cumbria Constabulary,-2.905175,54.379489,On or near Cross Street,E01019395,South Lakeland 001D,Public order,Unable to prosecute suspect,
fe4e36cb84ee4cd21d396bafc603c2e62a9b7e6a03ba93f4cf561e9ee32d4780,2021-07,Cumbria Constabulary,Cumbria Constabulary,-2.903237,54.379603,On or near Parking Area,E01019395,South Lakeland 001D,Shoplifting,Offender given a caution,
29815724347d103ea2a5a3f0902361471602027d47bc721cdc10fc28a7762d1b,2021-07,Cumbria Constabulary,Cumbria Constabulary,-2.903237,54.379603,On or near Parking Area,E01019395,South Lakeland 001D,Shoplifting,Investigation complete; no suspect identified,
2737dcc98e0b23d0b28b80a2ccb0911993a20346471fe3ab16aa238718324be6,2021-07,Cumbria Constabulary,Cumbria Constabulary,-2.906704,54.376934,On or near Ellerthwaite Square,E01019395,South Lakeland 001D,Violence and sexual offences,Investigation complete; no suspect identified,
13d9baa81722c1405f498bc77835f44d1fcbd74d8f43a0f81b4595b575a49217,2021-07,Cumbria Constabulary,Cumbria Constabulary,-2.906466,54.375184,On or near Chestnut Road,E01019395,South Lakeland 001D,Violence and sexual offences,Unable to prosecute suspect,
89027e223178ddbf49f728f84faf4f454fc5c237ae4c1c31ab990f8388593fe3,2021-07,Cumbria Constabulary,Cumbria Constabulary,-2.921067,54.394746,On or near Petrol Station,E01019395,South Lakeland 001D,Violence and sexual offences,Unable to prosecute suspect,
43760f64b319dbf8318e2c1e9f46e62fc9317f0b6b46f7a923dbbcfb4e0bffe8,2021-07,Cumbria Constabulary,Cumbria Constabulary,-2.915201,54.385876,On or near Ambleside Road,E01019395,South Lakeland 001D,Violence and sexual offences,Status update unavailable,
c8b2c40e9bbfe3fba3863ec67001e42821f5eb7a299f52e997499cb2d1c4858d,2021-07,Cumbria Constabulary,Cumbria Constabulary,-2.915201,54.385876,On or near Ambleside Road,E01019395,South Lakeland 001D,Violence and sexual offences,Status update unavailable,
c9861ec2af2c3a64b7972bcc99c9a4117f126684d6a5c97f7f7a58b435853a09,2021-07,Cumbria Constabulary,Cumbria Constabulary,-2.911912,54.384750,On or near The Hoo Lane,E01019395,South Lakeland 001D,Violence and sexual offences,Local resolution,
57010620c9548c64f61d235ca72c0ad00838ae888153fdd868d0fb52f9f42e23,2021-07,Cumbria Constabulary,Cumbria Constabulary,-2.921120,54.377185,On or near Sports/Recreation Area,E01019395,South Lakeland 001D,Violence and sexual offences,Further investigation is not in the public interest,
5b51a0601c0c63c51c0ca160672faca5ce59410e01e0414df3f878bed3069f28,2021-07,Cumbria Constabulary,Cumbria Constabulary,-2.904996,54.380470,On or near High Street,E01019395,South Lakeland 001D,Violence and sexual offences,Unable to prosecute suspect,
35bbc14b2502a03decda0a1c5817e77ca366671bbb0cda18d18eae1134cc000c,2021-07,Cumbria Constabulary,Cumbria Constabulary,-2.907786,54.374338,On or near Brook Road,E01019395,South Lakeland 001D,Violence and sexual offences,Local resolution,
04b567b81f4968a3ee61c9bf6ad810263445947c6cb728f3bf4df3dc530728f8,2021-07,Cumbria Constabulary,Cumbria Constabulary,-2.907786,54.374338,On or near Brook Road,E01019395,South Lakeland 001D,Violence and sexual offences,Local resolution,
62c95edc1656bb2d211f3aad55c37f829157e51a0c15f79163767116aa0ac8d7,2021-07,Cumbria Constabulary,Cumbria Constabulary,-2.955872,54.278608,On or near Parking Area,E01019395,South Lakeland 001D,Violence and sexual offences,Investigation complete; no suspect identified,
5dd91d9d0e07086aa9abd8da470b8194d4fdbfda91319ec2b82ed67b5895c628,2021-07,Cumbria Constabulary,Cumbria Constabulary,-2.906704,54.376934,On or near Ellerthwaite Square,E01019395,South Lakeland 001D,Violence and sexual offences,Investigation complete; no suspect identified,
14c5b15c47eb12493092ab9ed0c9518f1db1eadaa88783178c44617f4998977f,2021-07,Cumbria Constabulary,Cumbria Constabulary,-2.907321,54.378386,On or near College Road,E01019395,South Lakeland 001D,Violence and sexual offences,Awaiting court outcome,
e1a6abeaadf65a5b3db8653002ad6220b6259a94660d863d67018fc93acc5fdd,2021-07,Cumbria Constabulary,Cumbria Constabulary,-2.906547,54.380252,On or near Elleray Road,E01019395,South Lakeland 001D,Other crime,Unable to prosecute suspect,
5034945d6628c8480b37cf5dc312359a88396961e9b7934f7131aa616ba96ca2,2021-07,Cumbria Constabulary,Cumbria Constabulary,-2.815881,54.376585,On or near Main Street,E01019387,South Lakeland 002A,Violence and sexual offences,Unable to prosecute suspect,
23c17a9f462a7031b00dc16df2961ef75ca92baad62d64bc5a3ed0f79f493281,2021-07,Cumbria Constabulary,Cumbria Constabulary,-2.817645,54.379332,On or near Scroggs Close,E01019387,South Lakeland 002A,Violence and sexual offences,Unable to prosecute suspect,
3e018612a93a442f0231aea01d87d35f984ff2b4802ecd73680c83e2afbad999,2021-07,Cumbria Constabulary,Cumbria Constabulary,-2.820500,54.376571,On or near Beck Nook,E01019387,South Lakeland 002A,Violence and sexual offences,Unable to prosecute suspect,
84bd8b68ef309a24e4b317fc0d09a5dfda111c0517bd1fb77b862f6d60a4a555,2021-07,Cumbria Constabulary,Cumbria Constabulary,-2.817645,54.379332,On or near Scroggs Close,E01019387,South Lakeland 002A,Other crime,Unable to prosecute suspect,
,2021-07,Cumbria Constabulary,Cumbria Constabulary,-2.905663,54.373671,On or near Alexandra Road,E01019396,South Lakeland 002B,Anti-social behaviour,,
,2021-07,Cumbria Constabulary,Cumbria Constabulary,-2.913628,54.367751,On or near Beresford Road,E01019396,South Lakeland 002B,Anti-social behaviour,,
,2021-07,Cumbria Constabulary,Cumbria Constabulary,-2.913628,54.367751,On or near Beresford Road,E01019396,South Lakeland 002B,Anti-social behaviour,,
,2021-07,Cumbria Constabulary,Cumbria Constabulary,-2.908229,54.367872,On or near Brow Close,E01019396,South Lakeland 002B,Anti-social behaviour,,
d9fe828c984171bdfff7b40f30fbb54fd20b09ed7272f903ed70abce852126e1,2021-07,Cumbria Constabulary,Cumbria Constabulary,-2.913882,54.365996,On or near Biskey Howe Road,E01019396,South Lakeland 002B,Criminal damage and arson,Further investigation is not in the public interest,
deca2ec592b29146ecc04dfb5cd081c6c817b021c6e48efe3051d85423ea17a2,2021-07,Cumbria Constabulary,Cumbria Constabulary,-2.917276,54.368433,On or near Parking Area,E01019396,South Lakeland 002B,Other theft,Investigation complete; no suspect identified,
dc508e226c5e555b568040cf19e6a5c8c19f6959148019055bd1f2a1d7c09391,2021-07,Cumbria Constabulary,Cumbria Constabulary,-2.909615,54.371421,On or near Queen'S Drive,E01019396,South Lakeland 002B,Public order,Court result unavailable,
6c821338e6297caaff0535d6edb78eb2627232422fcf97126e4e9ddd750246a1,2021-07,Cumbria Constabulary,Cumbria Constabulary,-2.916073,54.367651,On or near Bank Road,E01019396,South Lakeland 002B,Violence and sexual offences,Unable to prosecute suspect,
1eb64e281020bdf0ca598723e1881ddddaa58325880237357a17f7d2a312ad28,2021-07,Cumbria Constabulary,Cumbria Constabulary,-2.904577,54.373310,On or near Park Close,E01019396,South Lakeland 002B,Violence and sexual offences,Unable to prosecute suspect,
8fb653f43a9cc8bfdd95b7b4bebdc3c6b576800c19d04e766b72248a99307351,2021-07,Cumbria Constabulary,Cumbria Constabulary,-2.909615,54.371421,On or near Queen'S Drive,E01019396,South Lakeland 002B,Violence and sexual offences,Unable to prosecute suspect,
b143842e06a3b022a1cd387e05a07ea4071509d1f9440d081cdb2b0b2df047b2,2021-07,Cumbria Constabulary,Cumbria Constabulary,-2.911971,54.367278,On or near Craig Walk,E01019396,South Lakeland 002B,Violence and sexual offences,Unable to prosecute suspect,
8ee9b0112c44e8d47c21b08fc21da12640d565b7a574a38f46906b0c229281cf,2021-07,Cumbria Constabulary,Cumbria Constabulary,-2.911971,54.367278,On or near Craig Walk,E01019396,South Lakeland 002B,Violence and sexual offences,Unable to prosecute suspect,
,2021-07,Cumbria Constabulary,Cumbria Constabulary,-2.922402,54.362939,On or near Promenade,E01019397,South Lakeland 002C,Anti-social behaviour,,
,2021-07,Cumbria Constabulary,Cumbria Constabulary,-2.927038,54.354239,On or near Windward Way,E01019397,South Lakeland 002C,Anti-social behaviour,,
,2021-07,Cumbria Constabulary,Cumbria Constabulary,-2.922852,54.361057,On or near Parking Area,E01019397,South Lakeland 002C,Anti-social behaviour,,
,2021-07,Cumbria Constabulary,Cumbria Constabulary,-2.922852,54.361057,On or near Parking Area,E01019397,South Lakeland 002C,Anti-social behaviour,,
,2021-07,Cumbria Constabulary,Cumbria Constabulary,-2.919624,54.364658,On or near A592,E01019397,South Lakeland 002C,Anti-social behaviour,,
,2021-07,Cumbria Constabulary,Cumbria Constabulary,-2.919624,54.364658,On or near A592,E01019397,South Lakeland 002C,Anti-social behaviour,,
,2021-07,Cumbria Constabulary,Cumbria Constabulary,-2.926079,54.355361,On or near Parking Area,E01019397,South Lakeland 002C,Anti-social behaviour,,
,2021-07,Cumbria Constabulary,Cumbria Constabulary,-2.921192,54.367361,On or near Petrol Station,E01019397,South Lakeland 002C,Anti-social behaviour,,
,2021-07,Cumbria Constabulary,Cumbria Constabulary,-2.927692,54.361415,On or near Nightclub,E01019397,South Lakeland 002C,Anti-social behaviour,,
54663776224490b79f7d22f64c3781e855c423d52ca299ada6b87f242ea747ad,2021-07,Cumbria Constabulary,Cumbria Constabulary,-2.927692,54.361415,On or near Nightclub,E01019397,South Lakeland 002C,Burglary,Investigation complete; no suspect identified,
55a2a71829efa3ea3348abcd367e675ccd445d8a5f69daf83d53b0dc31c1133e,2021-07,Cumbria Constabulary,Cumbria Constabulary,-2.917973,54.361031,On or near Fern Bank,E01019397,South Lakeland 002C,Burglary,Investigation complete; no suspect identified,
53c2dd173f939442dd04230773d4ff474f7567f7e3f69449504e9085d4de0790,2021-07,Cumbria Constabulary,Cumbria Constabulary,-2.918631,54.365008,On or near Crag Brow,E01019397,South Lakeland 002C,Criminal damage and arson,Investigation complete; no suspect identified,
1ce85a9758ed38c6a5cfefeb98fd9c488a4055662bc2f65531071ae31d81566d,2021-07,Cumbria Constabulary,Cumbria Constabulary,-2.921120,54.352424,On or near Longtail Hill,E01019397,South Lakeland 002C,Criminal damage and arson,Further investigation is not in the public interest,
13e4a62d54735118764acce03821e6a521d57b592a919a01ce2971e17fc83cc2,2021-07,Cumbria Constabulary,Cumbria Constabulary,-2.915880,54.366556,On or near North Terrace,E01019397,South Lakeland 002C,Drugs,Local resolution,
7bdec1889d555d9f457960c58dfb0fafd05a26d2207ecd061b916bc6cb17418e,2021-07,Cumbria Constabulary,Cumbria Constabulary,-2.921058,54.361340,On or near Back Belsfield Road,E01019397,South Lakeland 002C,Drugs,Investigation complete; no suspect identified,
6c77da4d1e2c7691a3f2aaf84d3cbec9aedbec1805d2722bea39e6b0d18ce2dd,2021-07,Cumbria Constabulary,Cumbria Constabulary,-2.921058,54.361340,On or near Back Belsfield Road,E01019397,South Lakeland 002C,Drugs,Local resolution,
d4c207c1467d15b9794acb069f56b18f55e71e333ffc44e84600d7de17e3aab0,2021-07,Cumbria Constabulary,Cumbria Constabulary,-2.915880,54.366556,On or near North Terrace,E01019397,South Lakeland 002C,Other theft,Status update unavailable,
d500bb23514ee97918ac98053efe5921826a203accde8c990522c1a8ecbfe53b,2021-07,Cumbria Constabulary,Cumbria Constabulary,-2.922402,54.362939,On or near Promenade,E01019397,South Lakeland 002C,Other theft,Investigation complete; no suspect identified,
44e76e1b67be17d66dc89c973f7be104ebfaa67ca851d64140697f8875ebf221,2021-07,Cumbria Constabulary,Cumbria Constabulary,-2.922852,54.361057,On or near Parking Area,E01019397,South Lakeland 002C,Other theft,Investigation complete; no suspect identified,
18cc6049c799c3f2d85c2b3bfce265917a712d50a0e17e630a0419c4cc6be1bc,2021-07,Cumbria Constabulary,Cumbria Constabulary,-2.921058,54.361340,On or near Back Belsfield Road,E01019397,South Lakeland 002C,Public order,Investigation complete; no suspect identified,
f6bbba75b001cec5dfd4315b26930d25dbb9bb866479ad11e1d6bcb7ea4aa813,2021-07,Cumbria Constabulary,Cumbria Constabulary,-2.921058,54.361340,On or near Back Belsfield Road,E01019397,South Lakeland 002C,Public order,Unable to prosecute suspect,
4323c035de33c66ec1690ea91e949ce9878321383d7efd298ec7c715aa5536c7,2021-07,Cumbria Constabulary,Cumbria Constabulary,-2.918501,54.361270,On or near Brackenfield,E01019397,South Lakeland 002C,Violence and sexual offences,Unable to prosecute suspect,
3a1a37e3988c89af13ad191b2f12bad4539178835f5fd2c10dcc0e0d52d904ed,2021-07,Cumbria Constabulary,Cumbria Constabulary,-2.927692,54.361415,On or near Nightclub,E01019397,South Lakeland 002C,Violence and sexual offences,Action to be taken by another organisation,
2f67507be0f21f39447fab70fa4bc88769ae34e7e644c71262e11544bdbb84e0,2021-07,Cumbria Constabulary,Cumbria Constabulary,-2.921419,54.364411,On or near Robinson Place,E01019397,South Lakeland 002C,Violence and sexual offences,Unable to prosecute suspect,
10b732d86daaaa9d95083cc7e8a32a8a84da9889c893913cd6859c36fcf925a6,2021-07,Cumbria Constabulary,Cumbria Constabulary,-2.915880,54.366556,On or near North Terrace,E01019397,South Lakeland 002C,Violence and sexual offences,Court result unavailable,
7f1d3fede2ace1b7cc61fc691727b8be3fbbd05f9fd722996f8192d0a4fbf5f8,2021-07,Cumbria Constabulary,Cumbria Constabulary,-2.927692,54.361415,On or near Nightclub,E01019397,South Lakeland 002C,Violence and sexual offences,Unable to prosecute suspect,
3299417b4444e14ed56c4e3820ca0037f56e22dd67d2181dc2930b4ce9fa4fb7,2021-07,Cumbria Constabulary,Cumbria Constabulary,-2.921419,54.364411,On or near Robinson Place,E01019397,South Lakeland 002C,Violence and sexual offences,Investigation complete; no suspect identified,
d1ef112c6eacca03dba8c911832d1301efe625d82933cb555ac407a103f88bad,2021-07,Cumbria Constabulary,Cumbria Constabulary,-2.927692,54.361415,On or near Nightclub,E01019397,South Lakeland 002C,Violence and sexual offences,Unable to prosecute suspect,
2cb734ed04348a63c94deb46ee819aaa8e0df3e0bf28588c86f9eafbedc91af6,2021-07,Cumbria Constabulary,Cumbria Constabulary,-2.915035,54.364541,On or near Helm Road,E01019397,South Lakeland 002C,Violence and sexual offences,Investigation complete; no suspect identified,
5d5ea1b6bb4bfe0588f1e76d01107ca2dfb4e5cce13632a525060a4c4d6ac9d6,2021-07,Cumbria Constabulary,Cumbria Constabulary,-2.921419,54.364411,On or near Robinson Place,E01019397,South Lakeland 002C,Violence and sexual offences,Investigation complete; no suspect identified,
0bb8f470f243a5e9a44c94190f408a508f22c6248cc7555a99fb39554375479b,2021-07,Cumbria Constabulary,Cumbria Constabulary,-2.918501,54.361270,On or near Brackenfield,E01019397,South Lakeland 002C,Violence and sexual offences,Unable to prosecute suspect,
,2021-07,Cumbria Constabulary,Cumbria Constabulary,-2.904184,54.377124,On or near Oak Street,E01019398,South Lakeland 002D,Anti-social behaviour,,
,2021-07,Cumbria Constabulary,Cumbria Constabulary,-2.903945,54.375373,On or near Woodland Road,E01019398,South Lakeland 002D,Anti-social behaviour,,
53373976862c962063f699d01145bb0cf10a8ab626cfdfb79f375db38f90c98d,2021-07,Cumbria Constabulary,Cumbria Constabulary,-2.903439,54.376851,On or near Supermarket,E01019398,South Lakeland 002D,Burglary,Investigation complete; no suspect identified,
fc2cef0204d49ac406eb05be542707154de078d1974bbebff07b0250fa405603,2021-07,Cumbria Constabulary,Cumbria Constabulary,-2.905089,54.378366,On or near Birch Street,E01019398,South Lakeland 002D,Public order,Investigation complete; no suspect identified,
57b728a1bfbf35f0370e3eca95aaf78a1c01cf162cff64c043ad871a8fbf4ff0,2021-07,Cumbria Constabulary,Cumbria Constabulary,-2.905089,54.378366,On or near Birch Street,E01019398,South Lakeland 002D,Public order,Investigation complete; no suspect identified,
67354e272ddcc7e7f0e05bda1b8d07d1cbc39177ce8094969b0b2a50beb3bdf3,2021-07,Cumbria Constabulary,Cumbria Constabulary,-2.904403,54.378012,On or near Havelock Road,E01019398,South Lakeland 002D,Violence and sexual offences,Unable to prosecute suspect,
ff2dd6e506ffea330636ee9ae29417ad0cea928c55ca025dc10a0b7569951f70,2021-07,Cumbria Constabulary,Cumbria Constabulary,-2.896816,54.374582,On or near Ghyll Close,E01019398,South Lakeland 002D,Violence and sexual offences,Unable to prosecute suspect,
88a4c5716658554c508d1733917ce02b92811dbb259a013e32c4cc0d3386bb81,2021-07,Cumbria Constabulary,Cumbria Constabulary,-2.903439,54.376851,On or near Supermarket,E01019398,South Lakeland 002D,Violence and sexual offences,Unable to prosecute suspect,
,2021-07,Cumbria Constabulary,Cumbria Constabulary,-2.899210,54.372847,On or near Limethwaite Road,E01019399,South Lakeland 002E,Anti-social behaviour,,
ef182c872e292f185f872e609894dea5b67445a981f6086a7a5a71d149b123e1,2021-07,Cumbria Constabulary,Cumbria Constabulary,-2.750945,54.345353,On or near Burneside Road,E01019346,South Lakeland 003A,Criminal damage and arson,Investigation complete; no suspect identified,
6f55d11ac7b6f1db25538e782619212e48a9e95e4353943d15db9fbdbb2cabab,2021-07,Cumbria Constabulary,Cumbria Constabulary,-2.758108,54.355050,On or near Hall Park,E01019346,South Lakeland 003A,Criminal damage and arson,Further investigation is not in the public interest,
494274aa5848eaa3a7631b0a6a46eb77cd2771bbcc8951115e52396c87221c20,2021-07,Cumbria Constabulary,Cumbria Constabulary,-2.758108,54.355050,On or near Hall Park,E01019346,South Lakeland 003A,Public order,Local resolution,
2ea5e68fe61f83ed5d385dd69e5745ea712f5d344e4bc47c49cc67cb8c7b3068,2021-07,Cumbria Constabulary,Cumbria Constabulary,-2.758108,54.355050,On or near Hall Park,E01019346,South Lakeland 003A,Public order,Further investigation is not in the public interest,
aeffc93cc950da5f7979d172e30a96c97582ad13de7e6fe48bbb00a33be3285f,2021-07,Cumbria Constabulary,Cumbria Constabulary,-2.775781,54.346544,On or near Windermere Road,E01019346,South Lakeland 003A,Vehicle crime,Investigation complete; no suspect identified,
e83daf177b3e693d5f5e299c282e64c7032d13de8434b9c6502abf8ce0168731,2021-07,Cumbria Constabulary,Cumbria Constabulary,-2.775781,54.346544,On or near Windermere Road,E01019346,South Lakeland 003A,Vehicle crime,Investigation complete; no suspect identified,
af670e7cf07bc0ea34d2fe43ace6e87b72b58c563aedfb18b15b31571c04d68f,2021-07,Cumbria Constabulary,Cumbria Constabulary,-2.758108,54.355050,On or near Hall Park,E01019346,South Lakeland 003A,Violence and sexual offences,Unable to prosecute suspect,
,2021-07,Cumbria Constabulary,Cumbria Constabulary,-2.728220,54.333809,On or near Jenkins Crag Court,E01019359,South Lakeland 003B,Anti-social behaviour,,
,2021-07,Cumbria Constabulary,Cumbria Constabulary,-2.730811,54.332472,On or near Kentmere Brow,E01019359,South Lakeland 003B,Anti-social behaviour,,
,2021-07,Cumbria Constabulary,Cumbria Constabulary,-2.728220,54.333809,On or near Jenkins Crag Court,E01019359,South Lakeland 003B,Anti-social behaviour,,
ad25d00c581908a2f8a79cdc57bfbab0bef04b59402c215582d9b92ae6973e38,2021-07,Cumbria Constabulary,Cumbria Constabulary,-2.738541,54.332191,On or near Stockbeck,E01019359,South Lakeland 003B,Criminal damage and arson,Further investigation is not in the public interest,
b8732c1d6c8400683fd0d1b438f055c8f3dda016a2b686d40dec6a6defc0cc11,2021-07,Cumbria Constabulary,Cumbria Constabulary,-2.738541,54.332191,On or near Stockbeck,E01019359,South Lakeland 003B,Public order,Unable to prosecute suspect,
5b180ecde9fda68ba8d6a15c8b7658479772283dd8b1cc75a5f5f6ca85a92d42,2021-07,Cumbria Constabulary,Cumbria Constabulary,-2.738541,54.332191,On or near Stockbeck,E01019359,South Lakeland 003B,Public order,Unable to prosecute suspect,
08522e80e513ac24cfc115dc356eafdafcd565537bc533ecd032d429e18a413e,2021-07,Cumbria Constabulary,Cumbria Constabulary,-2.730532,54.330604,On or near Calder Drive,E01019359,South Lakeland 003B,Vehicle crime,Unable to prosecute suspect,
c6722e07483f1131efc9bcf38cc712e232018e7a2adfdfc740d1e33c1263a0c6,2021-07,Cumbria Constabulary,Cumbria Constabulary,-2.732517,54.333297,On or near Crag View,E01019359,South Lakeland 003B,Violence and sexual offences,Unable to prosecute suspect,
710c364a8078e477f2738c35c11bb52b631f1ca89e80261507072397140cecb2,2021-07,Cumbria Constabulary,Cumbria Constabulary,-2.732729,54.333961,On or near Broad Ing Crescent,E01019359,South Lakeland 003B,Violence and sexual offences,Unable to prosecute suspect,
6bb67185a9a3b02189e3a4676ed3f1ba91af4f137870db9920725ccb2a24b7ab,2021-07,Cumbria Constabulary,Cumbria Constabulary,-2.727173,54.332835,On or near Rydal Road,E01019359,South Lakeland 003B,Violence and sexual offences,Unable to prosecute suspect,
e4e9a31b85627c6ba71f022d514f99861886a8a8ff4162941e1263d38b2c0be9,2021-07,Cumbria Constabulary,Cumbria Constabulary,-2.733605,54.333947,On or near Broad Ing,E01019359,South Lakeland 003B,Violence and sexual offences,Unable to prosecute suspect,
,2021-07,Cumbria Constabulary,Cumbria Constabulary,-2.739522,54.328563,On or near Thorny Hills,E01019365,South Lakeland 003C,Anti-social behaviour,,
,2021-07,Cumbria Constabulary,Cumbria Constabulary,-2.737969,54.327746,On or near Kirkbie Green,E01019365,South Lakeland 003C,Anti-social behaviour,,
,2021-07,Cumbria Constabulary,Cumbria Constabulary,-2.735558,54.345978,On or near Parking Area,E01019365,South Lakeland 003C,Anti-social behaviour,,
,2021-07,Cumbria Constabulary,Cumbria Constabulary,-2.736379,54.340266,On or near Sports/Recreation Area,E01019365,South Lakeland 003C,Anti-social behaviour,,
,2021-07,Cumbria Constabulary,Cumbria Constabulary,-2.740982,54.336229,On or near Mint Close,E01019365,South Lakeland 003C,Anti-social behaviour,,
f4aaee8a6eca3186d4d1a966ec2e73d5322361e8aeeab6413733836f9243dbb5,2021-07,Cumbria Constabulary,Cumbria Constabulary,-2.736379,54.340266,On or near Sports/Recreation Area,E01019365,South Lakeland 003C,Criminal damage and arson,Investigation complete; no suspect identified,
b42758d057c4484b1243460c421098882784536470b4aa71aa723864402a3211,2021-07,Cumbria Constabulary,Cumbria Constabulary,-2.739085,54.330786,On or near Ann Street,E01019365,South Lakeland 003C,Criminal damage and arson,Court result unavailable,
73470a43ddfeef2f197f692658bc74d1fa51b2e2af7c3ed535a6e9556976de94,2021-07,Cumbria Constabulary,Cumbria Constabulary,-2.740561,54.330777,On or near Wildman Street,E01019365,South Lakeland 003C,Criminal damage and arson,Investigation complete; no suspect identified,
69912e5c581d73bdc13cf80615b11780fbcf03c5a5f4454de8ee0c27598258fd,2021-07,Cumbria Constabulary,Cumbria Constabulary,-2.736379,54.340266,On or near Sports/Recreation Area,E01019365,South Lakeland 003C,Other theft,Investigation complete; no suspect identified,
fe0d78dc1828e70934a197bcf89486f9a85073cfe626b4711ce3d3cd43462bac,2021-07,Cumbria Constabulary,Cumbria Constabulary,-2.734816,54.341453,On or near Petrol Station,E01019365,South Lakeland 003C,Other theft,Unable to prosecute suspect,
f5c76aa09666e901c9736d4c65528e730c34370d2192dc6d5fd4b404cc51770c,2021-07,Cumbria Constabulary,Cumbria Constabulary,-2.734907,54.340518,On or near Queen Katherines Avenue,E01019365,South Lakeland 003C,Other theft,Investigation complete; no suspect identified,
444e96283e8b58f96fe3e3a4e7b64b0a3da5748eacc714d6af5353ff309e5633,2021-07,Cumbria Constabulary,Cumbria Constabulary,-2.734816,54.341453,On or near Petrol Station,E01019365,South Lakeland 003C,Other theft,Investigation complete; no suspect identified,
7d28d321b16a95997dca4582d41a5c21139543317ab6da89f431fc1501b2adb4,2021-07,Cumbria Constabulary,Cumbria Constabulary,-2.739249,54.329643,On or near Castle Crescent,E01019365,South Lakeland 003C,Other theft,Investigation complete; no suspect identified,
e1d3c4092d3e5de12126ae7998dd817cb6b9c5d961f3f7df47c69f7aef4ea1fe,2021-07,Cumbria Constabulary,Cumbria Constabulary,-2.734816,54.341453,On or near Petrol Station,E01019365,South Lakeland 003C,Public order,Unable to prosecute suspect,
ce9d3bec5e7b416ebcd0fc3828b3a9f7b5deaaf5edd00407f94e94615269c060,2021-07,Cumbria Constabulary,Cumbria Constabulary,-2.735558,54.345978,On or near Parking Area,E01019365,South Lakeland 003C,Public order,Further action is not in the public interest,
080d4cf021b8ba53da9153675a165ae8afe54bb2d51ba5cea5a4da68bc1e2bdf,2021-07,Cumbria Constabulary,Cumbria Constabulary,-2.739249,54.329643,On or near Castle Crescent,E01019365,South Lakeland 003C,Public order,Investigation complete; no suspect identified,
3b7e8ea95a53bb77f1bfb90a19bae9fa6aba31b8bcae0f7710e8581469e415d8,2021-07,Cumbria Constabulary,Cumbria Constabulary,-2.734816,54.341453,On or near Petrol Station,E01019365,South Lakeland 003C,Shoplifting,Unable to prosecute suspect,
7ceb7a3c7ce788624caf5059c4bd4249170d1e0f230f22626d0ab1a01e95d370,2021-07,Cumbria Constabulary,Cumbria Constabulary,-2.740561,54.330777,On or near Wildman Street,E01019365,South Lakeland 003C,Shoplifting,Further investigation is not in the public interest,
728e0304e91fb1b6fb0ef2f70e05c42cfb99d8732c1fa61f580643bd09966d05,2021-07,Cumbria Constabulary,Cumbria Constabulary,-2.734816,54.341453,On or near Petrol Station,E01019365,South Lakeland 003C,Shoplifting,Unable to prosecute suspect,
58af9785f5a3274878382073bcb73d57ad11fb4ff9c3b9f4f59e9cd44037e048,2021-07,Cumbria Constabulary,Cumbria Constabulary,-2.734816,54.341453,On or near Petrol Station,E01019365,South Lakeland 003C,Shoplifting,Unable to prosecute suspect,
8d8e518330a40d5b089e79cbddf25268d603568730bf9b2ce072b890044f043b,2021-07,Cumbria Constabulary,Cumbria Constabulary,-2.739249,54.329643,On or near Castle Crescent,E01019365,South Lakeland 003C,Violence and sexual offences,Unable to prosecute suspect,
449128fa890377a17821ed83f14616675c2f82b954ff4332bbf355ad1ef9beac,2021-07,Cumbria Constabulary,Cumbria Constabulary,-2.740561,54.330777,On or near Wildman Street,E01019365,South Lakeland 003C,Violence and sexual offences,Unable to prosecute suspect,
f6b22cdf6e14a3736f9c24d71ecc5cba2f212538354b04685646b66b0d0424c2,2021-07,Cumbria Constabulary,Cumbria Constabulary,-2.738784,54.330302,On or near Castle Street,E01019365,South Lakeland 003C,Violence and sexual offences,Unable to prosecute suspect,
a2e88a534006e9537cadf02ba12faa6acf4367a2f479f2bd2486cb503cc54fc4,2021-07,Cumbria Constabulary,Cumbria Constabulary,-2.740561,54.330777,On or near Wildman Street,E01019365,South Lakeland 003C,Violence and sexual offences,Unable to prosecute suspect,
64f88decbc30b677e0c875e414a8cdbf99cc4e6e5e6eadddb675cd1973b8eb7d,2021-07,Cumbria Constabulary,Cumbria Constabulary,-2.739394,54.331736,On or near Longpool,E01019365,South Lakeland 003C,Violence and sexual offences,Unable to prosecute suspect,
4e052df307ad4e100124f6a57f72031ef4692f58eada723787758b42765102bf,2021-07,Cumbria Constabulary,Cumbria Constabulary,-2.737573,54.335684,On or near Mint Street,E01019365,South Lakeland 003C,Violence and sexual offences,Unable to prosecute suspect,
5e8608911e850009209d5a123b3b2df82a2052db4df2dc276c8cc80674f73cdc,2021-07,Cumbria Constabulary,Cumbria Constabulary,-2.734816,54.341453,On or near Petrol Station,E01019365,South Lakeland 003C,Violence and sexual offences,Unable to prosecute suspect,
6472c3c513d5eb662d07d73bd716bab0aaa9601c1e303d0afbb55c2afd1636f0,2021-07,Cumbria Constabulary,Cumbria Constabulary,-2.734816,54.341453,On or near Petrol Station,E01019365,South Lakeland 003C,Other crime,Unable to prosecute suspect,
,2021-07,Cumbria Constabulary,Cumbria Constabulary,-2.754204,54.338520,On or near High Mead,E01019370,South Lakeland 003D,Anti-social behaviour,,
,2021-07,Cumbria Constabulary,Cumbria Constabulary,-2.745457,54.331079,On or near Parking Area,E01019370,South Lakeland 003D,Anti-social behaviour,,
,2021-07,Cumbria Constabulary,Cumbria Constabulary,-2.749995,54.332884,On or near Cross Street,E01019370,South Lakeland 003D,Anti-social behaviour,,
,2021-07,Cumbria Constabulary,Cumbria Constabulary,-2.754204,54.338520,On or near High Mead,E01019370,South Lakeland 003D,Anti-social behaviour,,
,2021-07,Cumbria Constabulary,Cumbria Constabulary,-2.749742,54.335016,On or near Ashleigh Road,E01019370,South Lakeland 003D,Anti-social behaviour,,
,2021-07,Cumbria Constabulary,Cumbria Constabulary,-2.751164,54.338809,On or near Sparrowmire Lane,E01019370,South Lakeland 003D,Anti-social behaviour,,
153ac7ab57ffb22211e5deeedb918a0761fab712d9cb48abf4ee6755106f12e8,2021-07,Cumbria Constabulary,Cumbria Constabulary,-2.748577,54.338636,On or near Burneside Road,E01019370,South Lakeland 003D,Criminal damage and arson,Investigation complete; no suspect identified,
c1cd2a7fe5869edd15f3c1b5e2b30a89ede9333854a830224f641fc3b24e2365,2021-07,Cumbria Constabulary,Cumbria Constabulary,-2.751164,54.338809,On or near Sparrowmire Lane,E01019370,South Lakeland 003D,Criminal damage and arson,Investigation complete; no suspect identified,
e2eaac495b7a5a64e94f3c8f2bd9e34ebe2c935e86cf6b6032bfafe734bd892b,2021-07,Cumbria Constabulary,Cumbria Constabulary,-2.745457,54.331079,On or near Parking Area,E01019370,South Lakeland 003D,Public order,Unable to prosecute suspect,
3a34f50e07cd1c23703c9d053bc7e75642c8c242209fb1a37ba1e9ef8a0fc190,2021-07,Cumbria Constabulary,Cumbria Constabulary,-2.753140,54.333314,On or near Green Road,E01019370,South Lakeland 003D,Public order,Unable to prosecute suspect,
2257ca6675b68aafecc5e220ac3644718cfbb82c0afa0b7efe470ddbb433670d,2021-07,Cumbria Constabulary,Cumbria Constabulary,-2.751164,54.338809,On or near Sparrowmire Lane,E01019370,South Lakeland 003D,Violence and sexual offences,Unable to prosecute suspect,
c96070bc97888eae029fe142ffa8272c71527682ae1f6f04ba07d449dff8080a,2021-07,Cumbria Constabulary,Cumbria Constabulary,-2.753140,54.333314,On or near Green Road,E01019370,South Lakeland 003D,Violence and sexual offences,Unable to prosecute suspect,
d65fde5ebca4a25ce4babfcb8bcb4fc999ffb7e182312972d2e8759cc2c793c9,2021-07,Cumbria Constabulary,Cumbria Constabulary,-2.746720,54.332060,On or near Parking Area,E01019370,South Lakeland 003D,Violence and sexual offences,Court result unavailable,
3bc7254ce7518b436413fddb2258a668e064b6a8d16aaa1d5c26577d489da41b,2021-07,Cumbria Constabulary,Cumbria Constabulary,-2.751164,54.338809,On or near Sparrowmire Lane,E01019370,South Lakeland 003D,Violence and sexual offences,Unable to prosecute suspect,
adf6221419c9a9919c7a7ee744c7d4c0d5273f50c9e0801d62c9f15febeede56,2021-07,Cumbria Constabulary,Cumbria Constabulary,-2.751096,54.333399,On or near Caroline Street,E01019370,South Lakeland 003D,Violence and sexual offences,Court result unavailable,
c64952d6ea379763f0df751f9c6f7426fb3946f9c69610cb4196618f7473ec4f,2021-07,Cumbria Constabulary,Cumbria Constabulary,-2.745457,54.331079,On or near Parking Area,E01019370,South Lakeland 003D,Violence and sexual offences,Unable to prosecute suspect,
52bf4a8d3b0bba9c717966c49c9540b495d26ecad57c16d96d139965761709ae,2021-07,Cumbria Constabulary,Cumbria Constabulary,-2.749995,54.332884,On or near Cross Street,E01019370,South Lakeland 003D,Violence and sexual offences,Unable to prosecute suspect,
88eee80105a758fe146e2daa566c32514d826d82a2c8e832a238f5243d0a8825,2021-07,Cumbria Constabulary,Cumbria Constabulary,-2.753683,54.341139,On or near Blackthorn Close,E01019370,South Lakeland 003D,Violence and sexual offences,Unable to prosecute suspect,
e39b01a244b87591fe80b4f1b408ff52dc7ceb3c81532e285b8f30767e212e33,2021-07,Cumbria Constabulary,Cumbria Constabulary,-2.753683,54.341139,On or near Blackthorn Close,E01019370,South Lakeland 003D,Violence and sexual offences,Unable to prosecute suspect,
,2021-07,Cumbria Constabulary,Cumbria Constabulary,-2.747993,54.329311,On or near Library Road,E01019360,South Lakeland 004A,Anti-social behaviour,,
,2021-07,Cumbria Constabulary,Cumbria Constabulary,-2.748485,54.326800,On or near Allhallows Lane,E01019360,South Lakeland 004A,Anti-social behaviour,,
,2021-07,Cumbria Constabulary,Cumbria Constabulary,-2.748485,54.326800,On or near Allhallows Lane,E01019360,South Lakeland 004A,Anti-social behaviour,,
,2021-07,Cumbria Constabulary,Cumbria Constabulary,-2.750345,54.327615,On or near Middle Lane,E01019360,South Lakeland 004A,Anti-social behaviour,,
,2021-07,Cumbria Constabulary,Cumbria Constabulary,-2.744904,54.327730,On or near Kent Street,E01019360,South Lakeland 004A,Anti-social behaviour,,
,2021-07,Cumbria Constabulary,Cumbria Constabulary,-2.749353,54.328008,On or near Parking Area,E01019360,South Lakeland 004A,Anti-social behaviour,,
,2021-07,Cumbria Constabulary,Cumbria Constabulary,-2.745460,54.327861,On or near Shopping Area,E01019360,South Lakeland 004A,Anti-social behaviour,,
,2021-07,Cumbria Constabulary,Cumbria Constabulary,-2.748567,54.328786,On or near Shopping Area,E01019360,South Lakeland 004A,Anti-social behaviour,,
,2021-07,Cumbria Constabulary,Cumbria Constabulary,-2.746557,54.329014,On or near Shopping Area,E01019360,South Lakeland 004A,Anti-social behaviour,,
,2021-07,Cumbria Constabulary,Cumbria Constabulary,-2.742128,54.329823,On or near Stramongate,E01019360,South Lakeland 004A,Anti-social behaviour,,
,2021-07,Cumbria Constabulary,Cumbria Constabulary,-2.752149,54.332089,On or near South View Lane,E01019360,South Lakeland 004A,Anti-social behaviour,,
1ad0257643f6b9267ef667c86096479294c968c7b1eb727abb6af1315be17e41,2021-07,Cumbria Constabulary,Cumbria Constabulary,-2.752149,54.332089,On or near South View Lane,E01019360,South Lakeland 004A,Burglary,Court result unavailable,
a99223b9dc6be9c309b64f26ff779032a0c0528ee697e71bea0603c308614ac8,2021-07,Cumbria Constabulary,Cumbria Constabulary,-2.748485,54.326800,On or near Allhallows Lane,E01019360,South Lakeland 004A,Burglary,Investigation complete; no suspect identified,
1ebebdef101851f867c7e24674b2a963d94a01fb1b06884f73a0cec4e96f19fc,2021-07,Cumbria Constabulary,Cumbria Constabulary,-2.744402,54.327176,On or near Bridge Street,E01019360,South Lakeland 004A,Criminal damage and arson,Court result unavailable,
ff29e87f7f4b9bb2cf1c5348c8f999fbad7fc55b18e539878db1db764ad92b84,2021-07,Cumbria Constabulary,Cumbria Constabulary,-2.745509,54.329739,On or near Bus/Coach Station,E01019360,South Lakeland 004A,Criminal damage and arson,Further action is not in the public interest,
bc5bd7469ef71a4a3b20245ae3a00863fe0e139502082c546147a0d5ec31fd5a,2021-07,Cumbria Constabulary,Cumbria Constabulary,-2.744904,54.327730,On or near Kent Street,E01019360,South Lakeland 004A,Criminal damage and arson,Investigation complete; no suspect identified,
f3727ad369cffe92ce71423ae379c12dcad20aef3275713874913bdb80992cd1,2021-07,Cumbria Constabulary,Cumbria Constabulary,-2.744402,54.327176,On or near Bridge Street,E01019360,South Lakeland 004A,Criminal damage and arson,Investigation complete; no suspect identified,
7340f37dcfbc3833b3c240392e6c409f028ef9576236a18cbca2951a964d5394,2021-07,Cumbria Constabulary,Cumbria Constabulary,-2.746003,54.327310,On or near Parking Area,E01019360,South Lakeland 004A,Criminal damage and arson,Unable to prosecute suspect,
32685817f088a3a5f9d54b99b728a1534d7fe56f1c32f3a6ca2770824d9b9d98,2021-07,Cumbria Constabulary,Cumbria Constabulary,-2.747326,54.329854,On or near Stricklandgate,E01019360,South Lakeland 004A,Criminal damage and arson,Investigation complete; no suspect identified,
608978dcac79f6451f55ade3bbfebf034b439f2fb4b8a250c3b0e895587bc5d6,2021-07,Cumbria Constabulary,Cumbria Constabulary,-2.752149,54.332089,On or near South View Lane,E01019360,South Lakeland 004A,Drugs,Court result unavailable,
05bcfb5c40f4afad35f2273ee624b4add04e665f4f740989004c8de7708a766a,2021-07,Cumbria Constabulary,Cumbria Constabulary,-2.746335,54.326912,On or near Lowther Street,E01019360,South Lakeland 004A,Drugs,Awaiting court outcome,
32a67fef0cb4c09a2a3f3d7c40bcac7caf9acff7b2bfb50091b18770086c8475,2021-07,Cumbria Constabulary,Cumbria Constabulary,-2.746335,54.326912,On or near Lowther Street,E01019360,South Lakeland 004A,Drugs,Awaiting court outcome,
9e22511b4afce7e4816b57dadf5e83cd6292181c539907c6d54540c7f7f0c4f5,2021-07,Cumbria Constabulary,Cumbria Constabulary,-2.746335,54.326912,On or near Lowther Street,E01019360,South Lakeland 004A,Possession of weapons,Unable to prosecute suspect,
b945251182c7c32dae2efa69247fbf3996c38aa8858cb907c34de52319a9591b,2021-07,Cumbria Constabulary,Cumbria Constabulary,-2.745062,54.327091,On or near A6,E01019360,South Lakeland 004A,Possession of weapons,Awaiting court outcome,
00d6cf78924f594b8f1de4d59e469fc34df3edfa446accc6408eec51753275cb,2021-07,Cumbria Constabulary,Cumbria Constabulary,-2.746557,54.329014,On or near Shopping Area,E01019360,South Lakeland 004A,Public order,Unable to prosecute suspect,
ad8dc5c0d05c7b5b34115590fd181c81fb12d116b8b818f7f11ff185390e26b7,2021-07,Cumbria Constabulary,Cumbria Constabulary,-2.747993,54.329311,On or near Library Road,E01019360,South Lakeland 004A,Public order,Further investigation is not in the public interest,
305a9c2e365f3fcdbd20105885fba047b14309ab3f5e7ec1d820e94dcb0e0f31,2021-07,Cumbria Constabulary,Cumbria Constabulary,-2.746557,54.329014,On or near Shopping Area,E01019360,South Lakeland 004A,Public order,Unable to prosecute suspect,
04ecfe05b158cf077486fa4c14d26f9f7ffbeabaa675529edce38df8f8b424a6,2021-07,Cumbria Constabulary,Cumbria Constabulary,-2.744402,54.327176,On or near Bridge Street,E01019360,South Lakeland 004A,Public order,Investigation complete; no suspect identified,
8cebc38cd029e78defd8fd7142afe47488730584b142dff4d3c715e7aa7d2314,2021-07,Cumbria Constabulary,Cumbria Constabulary,-2.744904,54.327730,On or near Kent Street,E01019360,South Lakeland 004A,Robbery,Unable to prosecute suspect,
132c6890598d3ca442d10c01ddb5ee95d7d10020f46d1aad502d96b0196abb77,2021-07,Cumbria Constabulary,Cumbria Constabulary,-2.746557,54.329014,On or near Shopping Area,E01019360,South Lakeland 004A,Shoplifting,Investigation complete; no suspect identified,
be9bc8a8dd31b954d148d995dfeef3fa372af720b7fb7b188a2fb2e443cb3f26,2021-07,Cumbria Constabulary,Cumbria Constabulary,-2.748485,54.326800,On or near Allhallows Lane,E01019360,South Lakeland 004A,Shoplifting,Investigation complete; no suspect identified,
a0a4308e9bf0373f706b8afdbe0b4c92ede269c61b75a367296752365e14b749,2021-07,Cumbria Constabulary,Cumbria Constabulary,-2.746557,54.329014,On or near Shopping Area,E01019360,South Lakeland 004A,Shoplifting,Court result unavailable,
64c1a4f44371bd77423e8cb281e5966bd68fa508e4ebdcef14a32905155396bd,2021-07,Cumbria Constabulary,Cumbria Constabulary,-2.748567,54.328786,On or near Shopping Area,E01019360,South Lakeland 004A,Shoplifting,Investigation complete; no suspect identified,
cc037860eb6b8e2de80bfcaceac208db712580ff2e4d1d5ba57f6b0fc1674ebb,2021-07,Cumbria Constabulary,Cumbria Constabulary,-2.746557,54.329014,On or near Shopping Area,E01019360,South Lakeland 004A,Shoplifting,Investigation complete; no suspect identified,
29833bdf52b7cadbc25a637d81f2bfb6e45155c54d07d2b494846014daf2078a,2021-07,Cumbria Constabulary,Cumbria Constabulary,-2.749353,54.328008,On or near Parking Area,E01019360,South Lakeland 004A,Shoplifting,Offender given a caution,
14165894b0556386760c506a9bad23470287fc8518098ec815769192c66f097e,2021-07,Cumbria Constabulary,Cumbria Constabulary,-2.746003,54.327310,On or near Parking Area,E01019360,South Lakeland 004A,Theft from the person,Investigation complete; no suspect identified,
6fffe09470492bc6ed32d08cd3f956b56618863509d770e44ac9723982081c53,2021-07,Cumbria Constabulary,Cumbria Constabulary,-2.745062,54.327091,On or near A6,E01019360,South Lakeland 004A,Violence and sexual offences,Investigation complete; no suspect identified,
3eaebd20e076737ccba1b20d1d34adee4c47bb5abed0b1fc001a8cefb96f5910,2021-07,Cumbria Constabulary,Cumbria Constabulary,-2.748485,54.326800,On or near Allhallows Lane,E01019360,South Lakeland 004A,Violence and sexual offences,Further investigation is not in the public interest,
96968f9457abda9cc3d45ca4b09abb116568d017df5bf6d6d7c4b3a5ecc3a87c,2021-07,Cumbria Constabulary,Cumbria Constabulary,-2.748485,54.326800,On or near Allhallows Lane,E01019360,South Lakeland 004A,Violence and sexual offences,Unable to prosecute suspect,
dfb9dac281f7bc46a6537ee3a4b9a50ee6a71ec8265f44fd3c02243218d66d06,2021-07,Cumbria Constabulary,Cumbria Constabulary,-2.746003,54.327310,On or near Parking Area,E01019360,South Lakeland 004A,Violence and sexual offences,Unable to prosecute suspect,
4308307feffedab5fdf60cb29563075841afae6af7538f71e1bf963b867ed4f5,2021-07,Cumbria Constabulary,Cumbria Constabulary,-2.746003,54.327310,On or near Parking Area,E01019360,South Lakeland 004A,Violence and sexual offences,Unable to prosecute suspect,
84025ae9296b84ed54924a848841f674bb8b0cace015c8cd9005891de8802266,2021-07,Cumbria Constabulary,Cumbria Constabulary,-2.746003,54.327310,On or near Parking Area,E01019360,South Lakeland 004A,Violence and sexual offences,Unable to prosecute suspect,
00928ce133c53757270b9f7a9f67766fa7ae6c2710465f876be158e1ea4c7a33,2021-07,Cumbria Constabulary,Cumbria Constabulary,-2.748485,54.326800,On or near Allhallows Lane,E01019360,South Lakeland 004A,Violence and sexual offences,Unable to prosecute suspect,
3670e4ee7babeee1893c20f850f652932559bd95bd72eb581dc5234f09415243,2021-07,Cumbria Constabulary,Cumbria Constabulary,-2.748485,54.326800,On or near Allhallows Lane,E01019360,South Lakeland 004A,Violence and sexual offences,Unable to prosecute suspect,
b217b8d1b1b0428d0d4cf3d154254f0a539039f0270940841b904b5bcf3f2d98,2021-07,Cumbria Constabulary,Cumbria Constabulary,-2.748485,54.326800,On or near Allhallows Lane,E01019360,South Lakeland 004A,Violence and sexual offences,Unable to prosecute suspect,
58639e3965f33b2f82f3c12056a71607aaa87e5cfac2e3b044b869a4ce9a2b63,2021-07,Cumbria Constabulary,Cumbria Constabulary,-2.748485,54.326800,On or near Allhallows Lane,E01019360,South Lakeland 004A,Violence and sexual offences,Investigation complete; no suspect identified,
99c53c9c8f4a6c76c577f4f306bba1a7e17fbc9791f13d238b145a266ba86d2f,2021-07,Cumbria Constabulary,Cumbria Constabulary,-2.748485,54.326800,On or near Allhallows Lane,E01019360,South Lakeland 004A,Violence and sexual offences,Unable to prosecute suspect,
7ce0ee2021ec911f4952423a0212db2b6c050d9b6c21a52ce869aa645310f49a,2021-07,Cumbria Constabulary,Cumbria Constabulary,-2.744402,54.327176,On or near Bridge Street,E01019360,South Lakeland 004A,Violence and sexual offences,Court result unavailable,
91edcc92fe3562202ecba7a7c7f3aaece1fd84e99e3f5072be44d3f943fff1ce,2021-07,Cumbria Constabulary,Cumbria Constabulary,-2.745509,54.329739,On or near Bus/Coach Station,E01019360,South Lakeland 004A,Violence and sexual offences,Unable to prosecute suspect,
d3cef3f1a3f261f97b62cffbe503d7c3b76cf0ec34581fdff720399d537221a0,2021-07,Cumbria Constabulary,Cumbria Constabulary,-2.748485,54.326800,On or near Allhallows Lane,E01019360,South Lakeland 004A,Violence and sexual offences,Unable to prosecute suspect,
e72bf4e5fc39199bbe145c400d45546ccf85cb76c8fc36900fd663eef632edd8,2021-07,Cumbria Constabulary,Cumbria Constabulary,-2.748485,54.326800,On or near Allhallows Lane,E01019360,South Lakeland 004A,Violence and sexual offences,Unable to prosecute suspect,
e0ebe1591c1a9bfbaec63fd29fdedaf4176792087a77df7272641aaa121818ce,2021-07,Cumbria Constabulary,Cumbria Constabulary,-2.742968,54.327823,On or near Parking Area,E01019360,South Lakeland 004A,Violence and sexual offences,Unable to prosecute suspect,
c90306d0ceb19e06d4b5cd4861efb717c131fc0577e07140ffc30a98ec61cd59,2021-07,Cumbria Constabulary,Cumbria Constabulary,-2.748567,54.328786,On or near Shopping Area,E01019360,South Lakeland 004A,Violence and sexual offences,Unable to prosecute suspect,
b8749bf9324a0d5c43e1974ad930ae781525b33b879326bf73b830e0987fa44e,2021-07,Cumbria Constabulary,Cumbria Constabulary,-2.748567,54.328786,On or near Shopping Area,E01019360,South Lakeland 004A,Violence and sexual offences,Unable to prosecute suspect,
79cb0613f5561db8366d173766e4c0d021084f1e70d5e9fc4f2955e20089ae75,2021-07,Cumbria Constabulary,Cumbria Constabulary,-2.745509,54.329739,On or near Bus/Coach Station,E01019360,South Lakeland 004A,Violence and sexual offences,Unable to prosecute suspect,
c4d12f072a445dae35f3810afd3abaadf233012c14df10b7ca49749edf2f36f1,2021-07,Cumbria Constabulary,Cumbria Constabulary,-2.752149,54.332089,On or near South View Lane,E01019360,South Lakeland 004A,Violence and sexual offences,Status update unavailable,
,2021-07,Cumbria Constabulary,Cumbria Constabulary,-2.745236,54.325706,On or near Kent Place,E01019363,South Lakeland 004B,Anti-social behaviour,,
,2021-07,Cumbria Constabulary,Cumbria Constabulary,-2.746674,54.324439,On or near Dowker'S Lane,E01019363,South Lakeland 004B,Anti-social behaviour,,
44dc6ac5d820303beb810545ca4af7e71b6f7dc29cd61054878f25c161167b48,2021-07,Cumbria Constabulary,Cumbria Constabulary,-2.752688,54.324554,On or near East View,E01019363,South Lakeland 004B,Criminal damage and arson,Unable to prosecute suspect,
36cf7147e3b49a1e507c8e1149c733cbc8f06555ffc99d28649efc2d150ef272,2021-07,Cumbria Constabulary,Cumbria Constabulary,-2.745236,54.325706,On or near Kent Place,E01019363,South Lakeland 004B,Criminal damage and arson,Unable to prosecute suspect,
6fd820cdeffcc21822fad047156f14165430fb6239be5342fc4769fed2684a59,2021-07,Cumbria Constabulary,Cumbria Constabulary,-2.747499,54.324973,On or near Highgate,E01019363,South Lakeland 004B,Criminal damage and arson,Investigation complete; no suspect identified,
cf4aac8493d2def2015e9e2f8e4fb914808ecc5f618a0e01da16fa556c3b7799,2021-07,Cumbria Constabulary,Cumbria Constabulary,-2.745236,54.325706,On or near Kent Place,E01019363,South Lakeland 004B,Criminal damage and arson,Investigation complete; no suspect identified,
c807ea8691f04d8901243c4f243ca40f4939ebdb4a4b1185a9db8df4bd8c4038,2021-07,Cumbria Constabulary,Cumbria Constabulary,-2.759326,54.320998,On or near Underwood,E01019363,South Lakeland 004B,Drugs,Offender given a caution,
e16e501a9b251931c19c7348f559b80b58cf2f841639c08246ab25d31984a150,2021-07,Cumbria Constabulary,Cumbria Constabulary,-2.752688,54.324554,On or near East View,E01019363,South Lakeland 004B,Public order,Unable to prosecute suspect,
19524119c2a3167b52f58caad498ea1dbf59173ba5f5aaaa0360ebd5434ffb38,2021-07,Cumbria Constabulary,Cumbria Constabulary,-2.745236,54.325706,On or near Kent Place,E01019363,South Lakeland 004B,Public order,Court result unavailable,
d1c3f9c24de18efb70e0937fc2b8332c04f4bfad258d69f9dc4c6f906653405b,2021-07,Cumbria Constabulary,Cumbria Constabulary,-2.747363,54.325980,On or near Supermarket,E01019363,South Lakeland 004B,Shoplifting,Investigation complete; no suspect identified,
9111cf9af8b687cd3ed0d4d8571d15e3724ce51adb1904ef1fc6b738afa4be31,2021-07,Cumbria Constabulary,Cumbria Constabulary,-2.747363,54.325980,On or near Supermarket,E01019363,South Lakeland 004B,Shoplifting,Unable to prosecute suspect,
bef3abe3dfef44445c63b54f16f221c0b93c5360f708ca24e66f84908edfd4dd,2021-07,Cumbria Constabulary,Cumbria Constabulary,-2.747363,54.325980,On or near Supermarket,E01019363,South Lakeland 004B,Shoplifting,Investigation complete; no suspect identified,
94c70af604f0f9d33d717556f99562644624fe8bd4155e4e26ea07dea75de7a0,2021-07,Cumbria Constabulary,Cumbria Constabulary,-2.746674,54.324439,On or near Dowker'S Lane,E01019363,South Lakeland 004B,Violence and sexual offences,Unable to prosecute suspect,
f26b2f97caf1c452b0d26c79c65448cdd23b35f77e2bbe85fb096668277fa7b6,2021-07,Cumbria Constabulary,Cumbria Constabulary,-2.747499,54.324973,On or near Highgate,E01019363,South Lakeland 004B,Violence and sexual offences,Unable to prosecute suspect,
c8b632a8892ea54915e3cc3bb70174d0c6b19dfd9be7051ff727c5bcca1d1f37,2021-07,Cumbria Constabulary,Cumbria Constabulary,-2.746674,54.324439,On or near Dowker'S Lane,E01019363,South Lakeland 004B,Violence and sexual offences,Unable to prosecute suspect,
4084992864bc5df64c5faccead6e0376507855af56550c0d7298373a1c64de40,2021-07,Cumbria Constabulary,Cumbria Constabulary,-2.746674,54.324439,On or near Dowker'S Lane,E01019363,South Lakeland 004B,Violence and sexual offences,Awaiting court outcome,
54f8342053537a44d05a3854da2a57168cbd1971bc5ebc0eff147f834ddfadca,2021-07,Cumbria Constabulary,Cumbria Constabulary,-2.745213,54.321886,On or near Kirkland,E01019363,South Lakeland 004B,Violence and sexual offences,Unable to prosecute suspect,
5ee3ab20abf9d5809d8199d640ee7d862cd8312b707fee88e777e21c4f39c057,2021-07,Cumbria Constabulary,Cumbria Constabulary,-2.746674,54.324439,On or near Dowker'S Lane,E01019363,South Lakeland 004B,Violence and sexual offences,Investigation complete; no suspect identified,
3ce1d192252e6f7b79f90881de5a9d63ba22ee7f52a54f1c256e9dff38b91931,2021-07,Cumbria Constabulary,Cumbria Constabulary,-2.746674,54.324439,On or near Dowker'S Lane,E01019363,South Lakeland 004B,Violence and sexual offences,Unable to prosecute suspect,
,2021-07,Cumbria Constabulary,Cumbria Constabulary,-2.755479,54.320816,On or near Echo Bank,E01019364,South Lakeland 004C,Anti-social behaviour,,
,2021-07,Cumbria Constabulary,Cumbria Constabulary,-2.744572,54.318745,On or near West Street,E01019364,South Lakeland 004C,Anti-social behaviour,,
df923df62a58e7ea54c7ba1233e756f582214b360f662ea5bc6571f238e12041,2021-07,Cumbria Constabulary,Cumbria Constabulary,-2.747012,54.321866,On or near Kirkbarrow Lane,E01019364,South Lakeland 004C,Burglary,Investigation complete; no suspect identified,
8976856d1e3d142345d6df92471687574dc64b6ce57e46b9d2732096ece936d0,2021-07,Cumbria Constabulary,Cumbria Constabulary,-2.747405,54.322376,On or near Cross Lane,E01019364,South Lakeland 004C,Criminal damage and arson,Unable to prosecute suspect,
c03b2308baea59d2f673f9c9c44f61352097de232d371711df19eef80fc78329,2021-07,Cumbria Constabulary,Cumbria Constabulary,-2.748051,54.319002,On or near Vicars Walk,E01019364,South Lakeland 004C,Criminal damage and arson,Unable to prosecute suspect,
d4c1387ba44d6a2b4f6031a9f5bb125e173e91cbe55ce05f96a2a5ceb072c8ca,2021-07,Cumbria Constabulary,Cumbria Constabulary,-2.748051,54.319002,On or near Vicars Walk,E01019364,South Lakeland 004C,Criminal damage and arson,Unable to prosecute suspect,
c9325366302025d0f243a485e3b68f1119aa9fbe952fc9877de8fa069cbbf0dc,2021-07,Cumbria Constabulary,Cumbria Constabulary,-2.748051,54.319002,On or near Vicars Walk,E01019364,South Lakeland 004C,Criminal damage and arson,Unable to prosecute suspect,
6ad22e7defa40a6b7fd9cd11045afe58b3c7589991b3b5c447c191b537ab4330,2021-07,Cumbria Constabulary,Cumbria Constabulary,-2.747012,54.321866,On or near Kirkbarrow Lane,E01019364,South Lakeland 004C,Drugs,Court result unavailable,
bca552027fe18e78667a508342493f3b90acbc8e8b0345a81d11713ecd8c13db,2021-07,Cumbria Constabulary,Cumbria Constabulary,-2.751239,54.319314,On or near Vicars Fields,E01019364,South Lakeland 004C,Robbery,Unable to prosecute suspect,
0c554958328a216c96baa8970cd976e7ce99d921223172db33b580ec221fa447,2021-07,Cumbria Constabulary,Cumbria Constabulary,-2.751301,54.321022,On or near Well Ings,E01019364,South Lakeland 004C,Violence and sexual offences,Unable to prosecute suspect,
737b8f5faa5ac4ac429074c005e9198b90832b6d55acfc5b7636fb4dfefd8402,2021-07,Cumbria Constabulary,Cumbria Constabulary,-2.747674,54.322788,On or near Chapel Lane,E01019364,South Lakeland 004C,Violence and sexual offences,Unable to prosecute suspect,
dffbbfec66bacc07f52ff79663c8066d4ea6e2c18ff33a2d6c05de0908c915f5,2021-07,Cumbria Constabulary,Cumbria Constabulary,-2.746811,54.319288,On or near Glebe Road,E01019364,South Lakeland 004C,Violence and sexual offences,Unable to prosecute suspect,
b4618ef245cfe8e3e84acd1bdb59921c0b4cec1906527637985284df9eb16ff1,2021-07,Cumbria Constabulary,Cumbria Constabulary,-2.748051,54.319002,On or near Vicars Walk,E01019364,South Lakeland 004C,Violence and sexual offences,Unable to prosecute suspect,
87c3a67e8bbc6b8d7ebdf0833d912132590fb51bb82e7e91bd67c4e64f46ccdb,2021-07,Cumbria Constabulary,Cumbria Constabulary,-2.753029,54.321334,On or near Hill Close,E01019364,South Lakeland 004C,Violence and sexual offences,Unable to prosecute suspect,
9eb7059588799276a750b437317d5908f551a9f01ef6df358a6a4e6c3769976d,2021-07,Cumbria Constabulary,Cumbria Constabulary,-2.748444,54.319449,On or near Vicars Hill,E01019364,South Lakeland 004C,Violence and sexual offences,Unable to prosecute suspect,
9aa956eb44d2adf90aaf500fd38ff6a9784732a95cdfeedf9599c63c0d20ab07,2021-07,Cumbria Constabulary,Cumbria Constabulary,-2.749889,54.321147,On or near Greengate,E01019364,South Lakeland 004C,Violence and sexual offences,Unable to prosecute suspect,
c3de1e44e9dce791a4e66bf3e14a44fe79d0072e5db7a65e4fedfa8cf96e3314,2021-07,Cumbria Constabulary,Cumbria Constabulary,-2.751239,54.319314,On or near Vicars Fields,E01019364,South Lakeland 004C,Violence and sexual offences,Unable to prosecute suspect,
16a6df29163b3415d10d13150cf52cb8b1f20cee286eeac89ccb733f75d393ce,2021-07,Cumbria Constabulary,Cumbria Constabulary,-2.752658,54.320411,On or near Echo Barn Hill,E01019364,South Lakeland 004C,Violence and sexual offences,Unable to prosecute suspect,
,2021-07,Cumbria Constabulary,Cumbria Constabulary,-2.758783,54.336613,On or near Garth Brow,E01019371,South Lakeland 004D,Anti-social behaviour,,
,2021-07,Cumbria Constabulary,Cumbria Constabulary,-2.752552,54.335654,On or near Kendal Green,E01019371,South Lakeland 004D,Anti-social behaviour,,
e86308e33dea83774f7f43593e708e04c200ab969c01352dd636c7b6e5160227,2021-07,Cumbria Constabulary,Cumbria Constabulary,-2.757314,54.339525,On or near Low Garth,E01019371,South Lakeland 004D,Criminal damage and arson,Investigation complete; no suspect identified,
bf363f1ede4801c3e5d918b573881c3e66f9313fac926aa06e00e72278dc3e64,2021-07,Cumbria Constabulary,Cumbria Constabulary,-2.757276,54.334951,On or near Windermere Road,E01019371,South Lakeland 004D,Criminal damage and arson,Unable to prosecute suspect,
d20c39b2088d068bc85a8abfa1bb92ad78a05243d5ea6be7e6127945d972aed2,2021-07,Cumbria Constabulary,Cumbria Constabulary,-2.757276,54.334951,On or near Windermere Road,E01019371,South Lakeland 004D,Public order,Court result unavailable,
05d235715d880eed5a8ee6efc9b854171c4f2ff3a9cf5be1aa28f4af5ee9602a,2021-07,Cumbria Constabulary,Cumbria Constabulary,-2.759254,54.337949,On or near High Ridge,E01019371,South Lakeland 004D,Violence and sexual offences,Unable to prosecute suspect,
477bddb0429987824732b0595f14ed62719b1db5fd295698df7b1168a9282dd3,2021-07,Cumbria Constabulary,Cumbria Constabulary,-2.759254,54.337949,On or near High Ridge,E01019371,South Lakeland 004D,Violence and sexual offences,Unable to prosecute suspect,
772339f4867d78ca956c111997d0dd6d808f758c8720f7706ad38473fe621e71,2021-07,Cumbria Constabulary,Cumbria Constabulary,-2.759254,54.337949,On or near High Ridge,E01019371,South Lakeland 004D,Violence and sexual offences,Unable to prosecute suspect,
90f2180f0a2008d3461b2ba0190326171346bbc94ac6eff64f4c38c85991b595,2021-07,Cumbria Constabulary,Cumbria Constabulary,-2.755910,54.335903,On or near Underley Hill,E01019371,South Lakeland 004D,Violence and sexual offences,Unable to prosecute suspect,
1820fac6088d768d7d2bc9530b7894598507f35239d35dbb7dc8e35a28f53e18,2021-07,Cumbria Constabulary,Cumbria Constabulary,-2.759260,54.339099,On or near Garth Bank,E01019371,South Lakeland 004D,Violence and sexual offences,Unable to prosecute suspect,
d4ceabc67b08605581b839bbc8859436462a65503c9ec7c7ba982cd126c4e76c,2021-07,Cumbria Constabulary,Cumbria Constabulary,-2.759254,54.337949,On or near High Ridge,E01019371,South Lakeland 004D,Violence and sexual offences,Unable to prosecute suspect,
c073ec5cbe17fd13fde671ff125f6c6849c3c10f07e0359fb9325bd3139160f5,2021-07,Cumbria Constabulary,Cumbria Constabulary,-2.752552,54.335654,On or near Kendal Green,E01019371,South Lakeland 004D,Violence and sexual offences,Further investigation is not in the public interest,
f137deea66531aac22d04cfbf14eba152ee8c46bbe2df21484ebeca71df2323f,2021-07,Cumbria Constabulary,Cumbria Constabulary,-2.759254,54.337949,On or near High Ridge,E01019371,South Lakeland 004D,Violence and sexual offences,Unable to prosecute suspect,
,2021-07,Cumbria Constabulary,Cumbria Constabulary,-2.723537,54.331635,On or near Ullswater Road,E01019358,South Lakeland 005A,Anti-social behaviour,,
,2021-07,Cumbria Constabulary,Cumbria Constabulary,-2.723537,54.331635,On or near Ullswater Road,E01019358,South Lakeland 005A,Anti-social behaviour,,
8f35b21f57deeee62ddb15b9ea08d26e9d3cfd860a479a52185742abb997ae13,2021-07,Cumbria Constabulary,Cumbria Constabulary,-2.724661,54.331673,On or near Thirlmere Road,E01019358,South Lakeland 005A,Other theft,Investigation complete; no suspect identified,
ed68725cc141e056f216f1523ab0181f6b9b6740faf0e72049c842693f662c5e,2021-07,Cumbria Constabulary,Cumbria Constabulary,-2.728045,54.328273,On or near Firbank,E01019358,South Lakeland 005A,Robbery,Unable to prosecute suspect,
0f2a018621d316a5edfe0d96360b9429d23586164c41fa16f598fd51b8ae9829,2021-07,Cumbria Constabulary,Cumbria Constabulary,-2.725131,54.322539,On or near Park Side Road,E01019358,South Lakeland 005A,Violence and sexual offences,Unable to prosecute suspect,
6ffe5b37b44280bbf02e414e9b79994402a21e7020e26663a4fa6b0930a50259,2021-07,Cumbria Constabulary,Cumbria Constabulary,-2.724661,54.331673,On or near Thirlmere Road,E01019358,South Lakeland 005A,Violence and sexual offences,Investigation complete; no suspect identified,
8639b98315b4c44e8ee6051305a7dca42140f717ff7f6f624a914146adfd1841,2021-07,Cumbria Constabulary,Cumbria Constabulary,-2.724661,54.331673,On or near Thirlmere Road,E01019358,South Lakeland 005A,Violence and sexual offences,Unable to prosecute suspect,
,2021-07,Cumbria Constabulary,Cumbria Constabulary,-2.733762,54.312556,On or near Murley Moss Lane,E01019362,South Lakeland 005B,Anti-social behaviour,,
c0595e78a0f81d2db9179b45cf15b8fb0824906d4bd0c436fa4fca816d3c9a03,2021-07,Cumbria Constabulary,Cumbria Constabulary,-2.729929,54.315707,On or near Crummock Drive,E01019362,South Lakeland 005B,Violence and sexual offences,Unable to prosecute suspect,
144bcc7f8a3937e9dcd372d550cf7b7f6c2213971077000f3c4fa21d573e37cd,2021-07,Cumbria Constabulary,Cumbria Constabulary,-2.728673,54.316793,On or near Mayfield Road,E01019362,South Lakeland 005B,Violence and sexual offences,Investigation complete; no suspect identified,
9e54d744888f229438a18168f9fc52aa266600b6e59edd5cbe1744e4e6810175,2021-07,Cumbria Constabulary,Cumbria Constabulary,-2.736407,54.316027,On or near Dunmail Drive,E01019362,South Lakeland 005B,Violence and sexual offences,Offender given a caution,
46fef26739bf635051088cc91986fc0f221571f8db611d1a12c4ac30041a678a,2021-07,Cumbria Constabulary,Cumbria Constabulary,-2.729929,54.315707,On or near Crummock Drive,E01019362,South Lakeland 005B,Violence and sexual offences,Status update unavailable,
568dc993b0239e87dfaca9fa5d1b7d7026a4ccde42dd0d96a343560c782e49bb,2021-07,Cumbria Constabulary,Cumbria Constabulary,-2.732281,54.326954,On or near Castle Walk,E01019366,South Lakeland 005C,Violence and sexual offences,Unable to prosecute suspect,
e837d8267c7046bdfd0b60f441c25348f4e2d2d62f1d57ba3cfa7fe8468242cb,2021-07,Cumbria Constabulary,Cumbria Constabulary,-2.732281,54.326954,On or near Castle Walk,E01019366,South Lakeland 005C,Violence and sexual offences,Court result unavailable,
1efa406ed9fb6814da583387c18f10c5c71eecfc23475428cd66a0cb3f0da973,2021-07,Cumbria Constabulary,Cumbria Constabulary,-2.728630,54.323075,On or near Castle Dale,E01019366,South Lakeland 005C,Violence and sexual offences,Unable to prosecute suspect,
cf889d71ef42870e350042793fc7fe6261dc77220c2dd41fc1dbbf4e0a5f088d,2021-07,Cumbria Constabulary,Cumbria Constabulary,-2.636925,54.313510,On or near Petrol Station,E01019394,South Lakeland 005D,Other theft,Investigation complete; no suspect identified,
21d527ea10fb714630240e943bf290e89a86b6ef184a1c134ff3fbbffe7b2a1e,2021-07,Cumbria Constabulary,Cumbria Constabulary,-2.615779,54.346766,On or near Old Scotch Road,E01019394,South Lakeland 005D,Public order,Unable to prosecute suspect,
366d879198775e03d8ec5a92f21fba67af1a1bc2c60def73798d12a6d50ed634,2021-07,Cumbria Constabulary,Cumbria Constabulary,-2.615779,54.346766,On or near Old Scotch Road,E01019394,South Lakeland 005D,Public order,Unable to prosecute suspect,
9d5142d9fe312b6ac87e15fb488cb98f17a912f14b698dc0f17977a6a8efebc5,2021-07,Cumbria Constabulary,Cumbria Constabulary,-2.615779,54.346766,On or near Old Scotch Road,E01019394,South Lakeland 005D,Public order,Unable to prosecute suspect,
0b080eba1e3eded08a4aa1e7b3c9a1f8c4c151f06ab22707867ed374b0f0ab0c,2021-07,Cumbria Constabulary,Cumbria Constabulary,-2.679318,54.370313,On or near Park/Open Space,E01019394,South Lakeland 005D,Violence and sexual offences,Unable to prosecute suspect,
9ade95dbf49543831052944b8ac006402df77dfd73e8c2516d8e39ed3de2d442,2021-07,Cumbria Constabulary,Cumbria Constabulary,-2.709606,54.354878,On or near Park/Open Space,E01019394,South Lakeland 005D,Violence and sexual offences,Status update unavailable,
38508204390ada3ba561d8ff507edca7588140e2075a4ede3211941c91d09e05,2021-07,Cumbria Constabulary,Cumbria Constabulary,-2.709606,54.354878,On or near Park/Open Space,E01019394,South Lakeland 005D,Violence and sexual offences,Status update unavailable,
f6a0582aba14cee1dbe5b651ec0b38c1e26e7ee31d50682dd42bb66c65fd5c02,2021-07,Cumbria Constabulary,Cumbria Constabulary,-2.672262,54.338870,On or near Kinn Road,E01019394,South Lakeland 005D,Violence and sexual offences,Local resolution,
,2021-07,Cumbria Constabulary,Cumbria Constabulary,-2.745981,54.315051,On or near Wattsfield Lane,E01019361,South Lakeland 006A,Anti-social behaviour,,
,2021-07,Cumbria Constabulary,Cumbria Constabulary,-2.744332,54.316517,On or near Howard Street,E01019361,South Lakeland 006A,Anti-social behaviour,,
e0c2344ebe81454d747c68c4e7be50c9d28dde45e9258f3f307cb20ae180ddc9,2021-07,Cumbria Constabulary,Cumbria Constabulary,-2.745981,54.315051,On or near Wattsfield Lane,E01019361,South Lakeland 006A,Violence and sexual offences,Unable to prosecute suspect,
5cae8acc0bb6442a11609b917e5703c33d7fa88b4dd3d8f45566c9d8b7b57c3e,2021-07,Cumbria Constabulary,Cumbria Constabulary,-2.743926,54.317841,On or near Park Avenue,E01019361,South Lakeland 006A,Violence and sexual offences,Unable to prosecute suspect,
,2021-07,Cumbria Constabulary,Cumbria Constabulary,-2.738564,54.315474,On or near Sports/Recreation Area,E01019367,South Lakeland 006B,Anti-social behaviour,,
1210335b42ff78181fb92b9e523ee669d8917aaeb03383dcab111eb34cb9c88d,2021-07,Cumbria Constabulary,Cumbria Constabulary,-2.721181,54.304165,On or near Parking Area,E01019367,South Lakeland 006B,Public order,Unable to prosecute suspect,
0e6835d18d21f8d9a9fbc71c85d94017cdda7b4e926fea994050ff3c914a734e,2021-07,Cumbria Constabulary,Cumbria Constabulary,-2.740835,54.311829,On or near Gallowbarrow,E01019367,South Lakeland 006B,Public order,Unable to prosecute suspect,
7c4f17581f47470bed048e1e876df4442f20fb0ca4cca0bdc4403cc22a5167a8,2021-07,Cumbria Constabulary,Cumbria Constabulary,-2.733175,54.308910,On or near Kirkstone Close,E01019367,South Lakeland 006B,Shoplifting,Investigation complete; no suspect identified,
204250ce5983b157df78b07b7be7a7370de16281ea1a816d5c21005276b81d4c,2021-07,Cumbria Constabulary,Cumbria Constabulary,-2.735790,54.309020,On or near Supermarket,E01019367,South Lakeland 006B,Shoplifting,Court result unavailable,
b4f2fd81a3e7036d7eb4c577e302f51b1bdc435ad07b01a46a5a59a93c72d775,2021-07,Cumbria Constabulary,Cumbria Constabulary,-2.735790,54.309020,On or near Supermarket,E01019367,South Lakeland 006B,Shoplifting,Court result unavailable,
e907d38d40704950dfe2c51006eee3b86c303b9dba70e02cbcde87bfe3c73e45,2021-07,Cumbria Constabulary,Cumbria Constabulary,-2.717683,54.303629,On or near B6254,E01019367,South Lakeland 006B,Vehicle crime,Investigation complete; no suspect identified,
95b139cc147bbb04636cbe14be917d60599cad22b8a5535b724c663344027056,2021-07,Cumbria Constabulary,Cumbria Constabulary,-2.735790,54.309020,On or near Supermarket,E01019367,South Lakeland 006B,Violence and sexual offences,Unable to prosecute suspect,
fb6d8eee28f7fd54ed02355c770014d2029eaa6bbdbd92d661c2f0bdfd49b753,2021-07,Cumbria Constabulary,Cumbria Constabulary,-2.717683,54.303629,On or near B6254,E01019367,South Lakeland 006B,Violence and sexual offences,Unable to prosecute suspect,
702fc01eaa0c585f1d54ae7c993e6ab1220f1f99f570f6c65de400ac97d84f1b,2021-07,Cumbria Constabulary,Cumbria Constabulary,-2.735790,54.309020,On or near Supermarket,E01019367,South Lakeland 006B,Violence and sexual offences,Court result unavailable,
db24a26ddcb07f9e8d9d3abb9999b0d6cacef8c3b3b4187810371411145bd609,2021-07,Cumbria Constabulary,Cumbria Constabulary,-2.735790,54.309020,On or near Supermarket,E01019367,South Lakeland 006B,Violence and sexual offences,Unable to prosecute suspect,
ade0526ea4c35371052d8ff449b43441dea7c63622a4237f7faed4194d89dff9,2021-07,Cumbria Constabulary,Cumbria Constabulary,-2.736744,54.312555,On or near Helme Chase Gardens,E01019367,South Lakeland 006B,Violence and sexual offences,Unable to prosecute suspect,
a0e25ece0f36e6a7b0d0e0483cc9a53a4816fd695e506043850aca95c1d110f6,2021-07,Cumbria Constabulary,Cumbria Constabulary,-2.737357,54.313271,On or near Helme Close,E01019367,South Lakeland 006B,Violence and sexual offences,Unable to prosecute suspect,
b78c31f1c922bb64fc1cd78a5a77febcd5d6dd8e945da2757c8498f2cece4f1b,2021-07,Cumbria Constabulary,Cumbria Constabulary,-2.741222,54.317938,On or near Petrol Station,E01019367,South Lakeland 006B,Violence and sexual offences,Status update unavailable,
e248f772c5a5baf7719320335055310d739d4355df75d9886769d9e6c0b5a0af,2021-07,Cumbria Constabulary,Cumbria Constabulary,-2.735790,54.309020,On or near Supermarket,E01019367,South Lakeland 006B,Violence and sexual offences,Court result unavailable,
,2021-07,Cumbria Constabulary,Cumbria Constabulary,-2.725749,54.313125,On or near Teal Beck,E01019368,South Lakeland 006C,Anti-social behaviour,,
,2021-07,Cumbria Constabulary,Cumbria Constabulary,-2.725730,54.313818,On or near Swallow Close,E01019368,South Lakeland 006C,Anti-social behaviour,,
0c89c6df4a0c78057c060b2ca8998ca9584846ef0a6f61aaf8e12268b0456e2a,2021-07,Cumbria Constabulary,Cumbria Constabulary,-2.725087,54.306928,On or near Howe Gardens,E01019368,South Lakeland 006C,Violence and sexual offences,Investigation complete; no suspect identified,
eca6a7d4463f012e23aa86f0f4ce6de15fa06273b8a991b8cc5ee75cea92ed77,2021-07,Cumbria Constabulary,Cumbria Constabulary,-2.732559,54.312293,On or near Murley Moss,E01019368,South Lakeland 006C,Violence and sexual offences,Local resolution,
c250a9b84fb12172fff6e0b2069f7cb9236f3012db34a11533faad8750f2ff98,2021-07,Cumbria Constabulary,Cumbria Constabulary,-2.727553,54.310841,On or near Kendal Parks Crescent,E01019368,South Lakeland 006C,Violence and sexual offences,Unable to prosecute suspect,
c262b11a5b12851da48af2b51ac64422a123195520a370ddf59fcfb986c27c4e,2021-07,Cumbria Constabulary,Cumbria Constabulary,-2.724568,54.308917,On or near Hayclose Crescent,E01019368,South Lakeland 006C,Violence and sexual offences,Unable to prosecute suspect,
bcb0ca9ac133e4858d9c0e3a57d3a9538930513d2e356e982cd122a0becf31f7,2021-07,Cumbria Constabulary,Cumbria Constabulary,-2.755819,54.315008,On or near Chambers Close,E01019369,South Lakeland 006D,Burglary,Investigation complete; no suspect identified,
051452e488020e894b23d6b8c5d9b68815028227c5c7823868dfafea5417a7a2,2021-07,Cumbria Constabulary,Cumbria Constabulary,-2.750535,54.313558,On or near Stonecross Gardens,E01019369,South Lakeland 006D,Criminal damage and arson,Investigation complete; no suspect identified,
59f6c73935ef8cd781f33edb7fc0e1ea2554ce4cf8dc5b829526215096faab77,2021-07,Cumbria Constabulary,Cumbria Constabulary,-2.751639,54.314225,On or near Meadow Road,E01019369,South Lakeland 006D,Other theft,Investigation complete; no suspect identified,
5247058fcda4f69aba8a56f89426d2a7a1cd52e0118f82795c6ca3cbb96b50b5,2021-07,Cumbria Constabulary,Cumbria Constabulary,-2.994166,54.379508,On or near Scar House Lane,E01019356,South Lakeland 007A,Criminal damage and arson,Unable to prosecute suspect,
42fa10c20871abd44d72ba945254fa396f9144fb3518668c53f5ecbf385e805e,2021-07,Cumbria Constabulary,Cumbria Constabulary,-2.998943,54.374633,On or near Flag Street,E01019356,South Lakeland 007A,Other theft,Investigation complete; no suspect identified,
76884da47ba3f088ab02a73c09bc9eb3315d0eb97e75b3ff6f9bc816d0529c5a,2021-07,Cumbria Constabulary,Cumbria Constabulary,-2.963224,54.403378,On or near Ferry Terminal,E01019356,South Lakeland 007A,Other theft,Further investigation is not in the public interest,
3f20cb5f9cb40e6d92341f7234ca10cc25b71bac4047e992d82585d05fb7aab0,2021-07,Cumbria Constabulary,Cumbria Constabulary,-2.957034,54.277053,On or near Woodland Vale,E01019356,South Lakeland 007A,Public order,Unable to prosecute suspect,
040c85f34a0507a85664343720964ca389a99d0a6d7de541e749d30adaad73b5,2021-07,Cumbria Constabulary,Cumbria Constabulary,-2.957034,54.277053,On or near Woodland Vale,E01019356,South Lakeland 007A,Public order,Unable to prosecute suspect,
738ead2d8d0c8de7d0f9506a7b4cd0ce2371af0579cdc8c3618bc93d983b27c5,2021-07,Cumbria Constabulary,Cumbria Constabulary,-2.969060,54.313088,On or near Sports/Recreation Area,E01019356,South Lakeland 007A,Public order,Further investigation is not in the public interest,
711baa187aff74ff4a95ee65205161f1b3f8f25aa533d96a32919c5e45e75fb2,2021-07,Cumbria Constabulary,Cumbria Constabulary,-3.028420,54.392963,On or near Park/Open Space,E01019356,South Lakeland 007A,Vehicle crime,Investigation complete; no suspect identified,
846393c1a4776d02dfc304f2ce339a6215e40863f5f15cf794b425f171ff271e,2021-07,Cumbria Constabulary,Cumbria Constabulary,-3.007002,54.246538,On or near Levensgarth,E01019386,South Lakeland 007C,Public order,Unable to prosecute suspect,
34e0c89838910514be444a06f5f624f2306eb62de6bee0fb873e9b3377912481,2021-07,Cumbria Constabulary,Cumbria Constabulary,-2.991842,54.252415,On or near Forresters Walk,E01019386,South Lakeland 007C,Violence and sexual offences,Unable to prosecute suspect,
f66122b7cfa233c398494da8efa218b74e8511913c66119809a4b99025767c87,2021-07,Cumbria Constabulary,Cumbria Constabulary,-2.991842,54.252415,On or near Forresters Walk,E01019386,South Lakeland 007C,Violence and sexual offences,Unable to prosecute suspect,
7b24aae76e46073892786dd90540df7866b14997d292781aff60750f844cf18d,2021-07,Cumbria Constabulary,Cumbria Constabulary,-2.991842,54.252415,On or near Forresters Walk,E01019386,South Lakeland 007C,Violence and sexual offences,Unable to prosecute suspect,
,2021-07,Cumbria Constabulary,Cumbria Constabulary,-3.137295,54.321730,On or near Hollow West,E01019344,South Lakeland 008A,Anti-social behaviour,,
6ca982e02c0e109690e2cd75407601fdfbcea1c21b5946b6ad229a9f80cb215e,2021-07,Cumbria Constabulary,Cumbria Constabulary,-3.199140,54.303461,On or near Shuttle Street,E01019344,South Lakeland 008A,Other theft,Investigation complete; no suspect identified,
b2b5c95484c3ea6e163ad9436008b888dfeea756051b516074acb6fe9e1485d2,2021-07,Cumbria Constabulary,Cumbria Constabulary,-3.179392,54.385660,On or near Parking Area,E01019344,South Lakeland 008A,Violence and sexual offences,Unable to prosecute suspect,
412000ebcb6940b8abe45981791a4264341df1b5157c6206fad63896f1397d9b,2021-07,Cumbria Constabulary,Cumbria Constabulary,-3.171244,54.255740,On or near Petrol Station,E01019345,South Lakeland 008B,Burglary,Investigation complete; no suspect identified,
f404ddbfeb0235694a6fff01e445e1623dce14e0f20394851dd701f61395d6a3,2021-07,Cumbria Constabulary,Cumbria Constabulary,-3.192507,54.232963,On or near Park/Open Space,E01019345,South Lakeland 008B,Violence and sexual offences,Unable to prosecute suspect,
51717c1e4acbccb5d27be709e8f337f0f551d78bfafa520e66fa0c6d7a598b28,2021-07,Cumbria Constabulary,Cumbria Constabulary,-3.192507,54.232963,On or near Park/Open Space,E01019345,South Lakeland 008B,Violence and sexual offences,Unable to prosecute suspect,
,2021-07,Cumbria Constabulary,Cumbria Constabulary,-3.081182,54.340715,On or near Park/Open Space,E01019350,South Lakeland 008C,Anti-social behaviour,,
,2021-07,Cumbria Constabulary,Cumbria Constabulary,-3.079410,54.321210,On or near Parking Area,E01019350,South Lakeland 008C,Anti-social behaviour,,
,2021-07,Cumbria Constabulary,Cumbria Constabulary,-3.071229,54.368441,On or near The Garth,E01019350,South Lakeland 008C,Anti-social behaviour,,
82bab26f31548fc83f2a9d641fb944d48d05fa2b764adede32daef0fd06ae641,2021-07,Cumbria Constabulary,Cumbria Constabulary,-3.032263,54.413512,On or near A593,E01019350,South Lakeland 008C,Burglary,Further investigation is not in the public interest,
bcebaf072eaf26502ec97b5bfe81f61925215dcd1caf0ed1ab832d5d4f12d51d,2021-07,Cumbria Constabulary,Cumbria Constabulary,-3.038882,54.408386,On or near Smithy Brow,E01019350,South Lakeland 008C,Criminal damage and arson,Investigation complete; no suspect identified,
9be84252dac96e3574712a57bebdc8206a4eba3a97973021028c6651fbf9b457,2021-07,Cumbria Constabulary,Cumbria Constabulary,-3.109178,54.376133,On or near Park/Open Space,E01019350,South Lakeland 008C,Public order,Investigation complete; no suspect identified,
c2001881a25cbe422c3749f492b273e5e9f0ad558d90ec63a7a8d63b7b341e59,2021-07,Cumbria Constabulary,Cumbria Constabulary,-3.063528,54.365301,On or near Ferry Terminal,E01019350,South Lakeland 008C,Violence and sexual offences,Unable to prosecute suspect,
a67604aa2d0fc675ef2fd0bcfd0a40ab98f078aa5c76b7482cc12c2157eb93ba,2021-07,Cumbria Constabulary,Cumbria Constabulary,-3.073374,54.332669,On or near Parking Area,E01019350,South Lakeland 008C,Violence and sexual offences,Unable to prosecute suspect,
a7b2878b6beaf136acd56112c3393add010452398ce47daa3cf5e90921f3efaa,2021-07,Cumbria Constabulary,Cumbria Constabulary,-3.073374,54.332669,On or near Parking Area,E01019350,South Lakeland 008C,Violence and sexual offences,Unable to prosecute suspect,
c29456b8475feac5d40e715e19ba75e398dbb62bfb0256a527f499786298024c,2021-07,Cumbria Constabulary,Cumbria Constabulary,-3.066097,54.364047,On or near Ferry Terminal,E01019350,South Lakeland 008C,Violence and sexual offences,Investigation complete; no suspect identified,
cf2dfee4c8b0c4638f6cb262dc1dd067d5f977176011d3e61db98159c78932bc,2021-07,Cumbria Constabulary,Cumbria Constabulary,-3.073843,54.370125,On or near Collingwood Close,E01019350,South Lakeland 008C,Violence and sexual offences,Unable to prosecute suspect,
379ae1dcc73a20e13b3b8aa0416be491789eb2280f356df2c3fef863986c52bc,2021-07,Cumbria Constabulary,Cumbria Constabulary,-3.066097,54.364047,On or near Ferry Terminal,E01019350,South Lakeland 008C,Violence and sexual offences,Unable to prosecute suspect,
adf1b1bf464a6e0fdbe2b173c29d982551d51469e2796f60ebceedd9c17654bd,2021-07,Cumbria Constabulary,Cumbria Constabulary,-3.066097,54.364047,On or near Ferry Terminal,E01019350,South Lakeland 008C,Violence and sexual offences,Unable to prosecute suspect,
592f16a33e1f71547bd1d1c4055cef5b82e2d6c1ab6ef65cd4321b08b90b8ee0,2021-07,Cumbria Constabulary,Cumbria Constabulary,-3.078996,54.368237,On or near Parking Area,E01019350,South Lakeland 008C,Violence and sexual offences,Unable to prosecute suspect,
,2021-07,Cumbria Constabulary,Cumbria Constabulary,-3.052490,54.229683,On or near Parking Area,E01019351,South Lakeland 008D,Anti-social behaviour,,
8d1681618b0af3ab8ad8776cb0e70eaaf1a935fd89f1a5226b2d56f35b75d525,2021-07,Cumbria Constabulary,Cumbria Constabulary,-3.083817,54.265420,On or near Parking Area,E01019351,South Lakeland 008D,Other theft,Investigation complete; no suspect identified,
14e404e52c33021343cebce238b5308d0c4a42390b38f2c288cdc4d05ab8246e,2021-07,Cumbria Constabulary,Cumbria Constabulary,-3.061293,54.218830,On or near A590,E01019351,South Lakeland 008D,Other theft,Investigation complete; no suspect identified,
,2021-07,Cumbria Constabulary,Cumbria Constabulary,-2.596668,54.201949,On or near Market Square,E01019372,South Lakeland 009A,Anti-social behaviour,,
379d914ae914e202e6ea76fb2a9e82c093a24cee27a1530c8fdb3e87be5dade1,2021-07,Cumbria Constabulary,Cumbria Constabulary,-2.599907,54.201151,On or near Dodgson Croft,E01019372,South Lakeland 009A,Other theft,Investigation complete; no suspect identified,
bc88471963207150b941c5bb4bd797946b2d9f44e557f2a11c417146a4b477f5,2021-07,Cumbria Constabulary,Cumbria Constabulary,-2.594751,54.200808,On or near Lunefield Drive,E01019372,South Lakeland 009A,Public order,Investigation complete; no suspect identified,
6879c16d2e51e5a6a4d245eea58a29bdc6bf58cd84555c4968e3926ad34bfb31,2021-07,Cumbria Constabulary,Cumbria Constabulary,-2.594286,54.201538,On or near Pedestrian Subway,E01019372,South Lakeland 009A,Violence and sexual offences,Further investigation is not in the public interest,
ad216419ecbd7991c0234cc4f613e7cc8db6877d234f8a93949aef0f4dab0b90,2021-07,Cumbria Constabulary,Cumbria Constabulary,-2.594286,54.201538,On or near Pedestrian Subway,E01019372,South Lakeland 009A,Violence and sexual offences,Further investigation is not in the public interest,
dcfa35d3349a8af8840ef199d5d161aedd1f94fd8daa77bdde98b6280214f518,2021-07,Cumbria Constabulary,Cumbria Constabulary,-2.572332,54.237945,On or near Beckgate,E01019373,South Lakeland 009B,Criminal damage and arson,Investigation complete; no suspect identified,
7eafe9917e244a8f22dce653bef44f10160a98b61e61dd7428849376acfa5b8a,2021-07,Cumbria Constabulary,Cumbria Constabulary,-2.585307,54.197466,On or near Chapelhouse Lane,E01019373,South Lakeland 009B,Public order,Further investigation is not in the public interest,
0d3438d6191358aa5fec15c0d29f7a2d98f108545d9a267a3dc385f50a25b803,2021-07,Cumbria Constabulary,Cumbria Constabulary,-2.605760,54.200987,On or near Sports/Recreation Area,E01019373,South Lakeland 009B,Violence and sexual offences,Unable to prosecute suspect,
de3e1eb21bcc39114a30914b4a3fcd76732e7284ef5cc34d0f47e93289ce77aa,2021-07,Cumbria Constabulary,Cumbria Constabulary,-2.608286,54.216388,On or near B6254,E01019373,South Lakeland 009B,Violence and sexual offences,Unable to prosecute suspect,
6d97d5b33e99e0303ec80462c4aa37421c028be4b4c69b7a277808e15b958d57,2021-07,Cumbria Constabulary,Cumbria Constabulary,-2.592008,54.219102,On or near Park/Open Space,E01019373,South Lakeland 009B,Violence and sexual offences,Status update unavailable,
9e673cd3675ae0cc2489e45d21e677f04b6966e809b263c064ef1a0c29833691,2021-07,Cumbria Constabulary,Cumbria Constabulary,-2.578508,54.209982,On or near Fern Croft,E01019373,South Lakeland 009B,Violence and sexual offences,Unable to prosecute suspect,
262cba68461402c73e4f03987d6fb495212b9a7118677602902c7c31c3f59595,2021-07,Cumbria Constabulary,Cumbria Constabulary,-2.482219,54.333623,On or near Hebblethwaite Hall Lane,E01019384,South Lakeland 009C,Public order,Unable to prosecute suspect,
5d0bffd9378d1e3feefbceef24254c69d21a57196376c9893fb329af3fae4717,2021-07,Cumbria Constabulary,Cumbria Constabulary,-2.466837,54.284433,On or near Hall Road,E01019384,South Lakeland 009C,Violence and sexual offences,Local resolution,
0c305d353e9eeaf9f19de0fa363f03dba52d08ce9daa348d51941417582ae3b4,2021-07,Cumbria Constabulary,Cumbria Constabulary,-2.482219,54.333623,On or near Hebblethwaite Hall Lane,E01019384,South Lakeland 009C,Violence and sexual offences,Unable to prosecute suspect,
4d806ce7cbe73ef64256a899a3fb5eebbf62d963938934e6b0def7eb6aa3cf49,2021-07,Cumbria Constabulary,Cumbria Constabulary,-2.536763,54.317961,On or near Birks Lane,E01019384,South Lakeland 009C,Violence and sexual offences,Investigation complete; no suspect identified,
5d92b7d6728bd2dcdc9130eb3113e210414e2aa4ac43386a9df27629bc2d691c,2021-07,Cumbria Constabulary,Cumbria Constabulary,-2.482219,54.333623,On or near Hebblethwaite Hall Lane,E01019384,South Lakeland 009C,Violence and sexual offences,Unable to prosecute suspect,
e2e01c36829540f8b4dd2370295f291203cb41e16316f21e746364108e2de906,2021-07,Cumbria Constabulary,Cumbria Constabulary,-2.528037,54.323194,On or near Finkle Street,E01019385,South Lakeland 009D,Criminal damage and arson,Investigation complete; no suspect identified,
2bd69cd0591f4bc4fcc9be7d2e1713797e17c0507f123d63d412573f75feb4d6,2021-07,Cumbria Constabulary,Cumbria Constabulary,-2.528037,54.323194,On or near Finkle Street,E01019385,South Lakeland 009D,Violence and sexual offences,Offender given a caution,
4132c39cc24caa2890db7f349dead94a7da862a97b8df6703c652f9bc8d13097,2021-07,Cumbria Constabulary,Cumbria Constabulary,-2.526246,54.323813,On or near Main Street,E01019385,South Lakeland 009D,Violence and sexual offences,Unable to prosecute suspect,
fae1d82595b4c09aca73caf312a88171f7545117a611208f046c968234b114ab,2021-07,Cumbria Constabulary,Cumbria Constabulary,-2.526246,54.323813,On or near Main Street,E01019385,South Lakeland 009D,Violence and sexual offences,Unable to prosecute suspect,
11034c330c44f5c82d906346a7106069a11878d7b536104ebbf0d14c2af753fe,2021-07,Cumbria Constabulary,Cumbria Constabulary,-2.526246,54.323813,On or near Main Street,E01019385,South Lakeland 009D,Violence and sexual offences,Unable to prosecute suspect,
b6f2962592f126a3ff1ea3ea48d90fd1bba5d8a6fd5195f656e762f85a7499ca,2021-07,Cumbria Constabulary,Cumbria Constabulary,-2.526246,54.323813,On or near Main Street,E01019385,South Lakeland 009D,Violence and sexual offences,Unable to prosecute suspect,
9b791b36ad2379685dc1aa54e5d4d400bde8947665c86c98d20933c563d74c7c,2021-07,Cumbria Constabulary,Cumbria Constabulary,-2.528037,54.323194,On or near Finkle Street,E01019385,South Lakeland 009D,Violence and sexual offences,Unable to prosecute suspect,
566cd9042d17be294d4085d1539962e3833ed7309ff459446e99ece2b7edede1,2021-07,Cumbria Constabulary,Cumbria Constabulary,-2.528037,54.323194,On or near Finkle Street,E01019385,South Lakeland 009D,Violence and sexual offences,Offender given a caution,
e9a739e03b6e3d08b34e6e8244811f84c334a47cc8250ebf194a82088defea3b,2021-07,Cumbria Constabulary,Cumbria Constabulary,-2.730628,54.177196,On or near Tarn Lane,E01019348,South Lakeland 010A,Violence and sexual offences,Unable to prosecute suspect,
e182be8d97455cd151ee12f9c972a19fb74e99b57357697bb065533f88f120d0,2021-07,Cumbria Constabulary,Cumbria Constabulary,-2.730628,54.177196,On or near Tarn Lane,E01019348,South Lakeland 010A,Violence and sexual offences,Further investigation is not in the public interest,
,2021-07,Cumbria Constabulary,Cumbria Constabulary,-2.714540,54.245481,On or near Petrol Station,E01019352,South Lakeland 010B,Anti-social behaviour,,
,2021-07,Cumbria Constabulary,Cumbria Constabulary,-2.714552,54.254172,On or near Nutting Hall Lane,E01019352,South Lakeland 010B,Anti-social behaviour,,
,2021-07,Cumbria Constabulary,Cumbria Constabulary,-2.728291,54.244671,On or near B6385,E01019352,South Lakeland 010B,Anti-social behaviour,,
e31b817deaec4a3d7e25ba1dd4e6029cfd8b775ce0bd4c244e8e7be0c7be9026,2021-07,Cumbria Constabulary,Cumbria Constabulary,-2.709827,54.268634,On or near Meadowside Close,E01019352,South Lakeland 010B,Criminal damage and arson,Further investigation is not in the public interest,
01e2b75bd2e43ae418913094de29f1faabfcf6f2318180310f9a242bd938b9dd,2021-07,Cumbria Constabulary,Cumbria Constabulary,-2.728291,54.244671,On or near B6385,E01019352,South Lakeland 010B,Violence and sexual offences,Unable to prosecute suspect,
3b3baf8d254121632bd4d079d27e9794baa619ae066546bfd7c78c1c488a5de4,2021-07,Cumbria Constabulary,Cumbria Constabulary,-2.718187,54.269923,On or near Warwick Drive,E01019352,South Lakeland 010B,Violence and sexual offences,Unable to prosecute suspect,
ba062844e581d6600e12530dc76d3cb0aa450c3a0f82b200c6df945f610ebabd,2021-07,Cumbria Constabulary,Cumbria Constabulary,-2.718187,54.269923,On or near Warwick Drive,E01019352,South Lakeland 010B,Violence and sexual offences,Unable to prosecute suspect,
5a3220d0b1674f46dc23b9b3cab639c4a80f639314f622780488cce021ac8583,2021-07,Cumbria Constabulary,Cumbria Constabulary,-2.718187,54.269923,On or near Warwick Drive,E01019352,South Lakeland 010B,Violence and sexual offences,Unable to prosecute suspect,
34a50da2f22ea6e4ae2e798ec94927941f479d5a11d9aaf156b2745154248a8c,2021-07,Cumbria Constabulary,Cumbria Constabulary,-2.709827,54.268634,On or near Meadowside Close,E01019352,South Lakeland 010B,Violence and sexual offences,Investigation complete; no suspect identified,
7690516de4ee2758a75f4f719873363384cc11100fcf48df4bcf3bf74a3972ed,2021-07,Cumbria Constabulary,Cumbria Constabulary,-2.709827,54.268634,On or near Meadowside Close,E01019352,South Lakeland 010B,Other crime,Further investigation is not in the public interest,
b0ca263f50ebf2361875c00a87013b722547a53735424e360b4b2e906946ad5f,2021-07,Cumbria Constabulary,Cumbria Constabulary,-2.763158,54.269719,On or near Park/Open Space,E01019377,South Lakeland 010C,Public order,Investigation complete; no suspect identified,
7a0e940ebd258aa9e31715724a3084fc80c7ace0d9bb4e003cac4d9e4e6aeb62,2021-07,Cumbria Constabulary,Cumbria Constabulary,-2.784814,54.268348,On or near Greengate Crescent,E01019377,South Lakeland 010C,Violence and sexual offences,Awaiting court outcome,
,2021-07,Cumbria Constabulary,Cumbria Constabulary,-2.741023,54.258946,On or near Viver Lane,E01019383,South Lakeland 010D,Anti-social behaviour,,
1be5dd05698bd37902383365db6ac773ca967a8dbdeaf76d7450d323d3774bb8,2021-07,Cumbria Constabulary,Cumbria Constabulary,-2.771068,54.285423,On or near Ashbank Lane,E01019383,South Lakeland 010D,Other theft,Unable to prosecute suspect,
4f37182201f0c7c5815a65aa1ffa72adb525e8f6149ff909f788c90ff973e33a,2021-07,Cumbria Constabulary,Cumbria Constabulary,-2.738201,54.294302,On or near St Marks Fold,E01019383,South Lakeland 010D,Public order,Court result unavailable,
10368ffc9b61cc026fd727f91af33874c8190d5fa4faa539be3280b74e743d79,2021-07,Cumbria Constabulary,Cumbria Constabulary,-2.772356,54.296829,On or near Whetstone Lane,E01019383,South Lakeland 010D,Vehicle crime,Investigation complete; no suspect identified,
c45f7289e37c73e5f4dba8a24fe69813c8b7e2d3dd774d7d81bdb6b006ee9ee3,2021-07,Cumbria Constabulary,Cumbria Constabulary,-2.746923,54.277091,On or near Orchard Close,E01019383,South Lakeland 010D,Violence and sexual offences,Unable to prosecute suspect,
1a7b9d4fea7f42889f4039c4e1bd24142d0f1aa0a3fe494ad80a55f9340ebcf7,2021-07,Cumbria Constabulary,Cumbria Constabulary,-2.746923,54.277091,On or near Orchard Close,E01019383,South Lakeland 010D,Violence and sexual offences,Unable to prosecute suspect,
affa4e2c8d6d907ca4c830c0546d46e3da2e32fade95fd1953bc1387bec7bb16,2021-07,Cumbria Constabulary,Cumbria Constabulary,-2.746923,54.277091,On or near Orchard Close,E01019383,South Lakeland 010D,Violence and sexual offences,Unable to prosecute suspect,
8ec6eeb6a4ff6ba44f862413f1aaf6e9170c509d4db315887737bb6582573fc9,2021-07,Cumbria Constabulary,Cumbria Constabulary,-2.849588,54.192602,On or near New Barns Close,E01019341,South Lakeland 011A,Criminal damage and arson,Investigation complete; no suspect identified,
b263a22612da9e6fdc120bbb5a6bdcd9479beefa349bf084f18c679f86710c92,2021-07,Cumbria Constabulary,Cumbria Constabulary,-2.829335,54.193804,On or near Stewart Close,E01019341,South Lakeland 011A,Vehicle crime,Investigation complete; no suspect identified,
9df9aa08d1ba90b5e0ec2d90daf4278386ddb4ba4348cb0f690d1b3e925d4b71,2021-07,Cumbria Constabulary,Cumbria Constabulary,-2.834625,54.201506,On or near Rock Terrace,E01019342,South Lakeland 011B,Criminal damage and arson,Unable to prosecute suspect,
4366af6148d6fd4825289190d81ed67f9585102442ca4c941b81a248a4a6fcb6,2021-07,Cumbria Constabulary,Cumbria Constabulary,-2.831871,54.204077,On or near Parking Area,E01019342,South Lakeland 011B,Violence and sexual offences,Unable to prosecute suspect,
6abed9209335d16c8cfc327f55fff92068882d47fced327b2473dce174c209b6,2021-07,Cumbria Constabulary,Cumbria Constabulary,-2.834852,54.202124,On or near The Promenade,E01019342,South Lakeland 011B,Violence and sexual offences,Status update unavailable,
e6e6240fd5bf3b1373a443bb532fd4934d9a390e2397766b852971b9c6bd507d,2021-07,Cumbria Constabulary,Cumbria Constabulary,-2.809515,54.210152,On or near Guard Hill Lane,E01019343,South Lakeland 011C,Other theft,Investigation complete; no suspect identified,
f86a7a21c0d4b17d02ca778c47a23655fd418509c3ee3fcdac1b2b92bf725b8d,2021-07,Cumbria Constabulary,Cumbria Constabulary,-2.772405,54.208266,On or near Stanley Street,E01019343,South Lakeland 011C,Public order,Unable to prosecute suspect,
e33563345dcd3518ef05dc5ad4e1b82faa924dd89ef1033948dff5a2a3eb53de,2021-07,Cumbria Constabulary,Cumbria Constabulary,-2.796567,54.223316,On or near Parking Area,E01019343,South Lakeland 011C,Violence and sexual offences,Unable to prosecute suspect,
f411e6ab590d8c7a001bbbf9c1c234e76d7b3aaabdcb1f63160ac25a4ee03736,2021-07,Cumbria Constabulary,Cumbria Constabulary,-2.746823,54.217181,On or near Sports/Recreation Area,E01019343,South Lakeland 011C,Violence and sexual offences,Further investigation is not in the public interest,
54dc01d0e5a97c255bf3a42e6bb8136779b4e37bdcac76294d5a273148ef7541,2021-07,Cumbria Constabulary,Cumbria Constabulary,-2.746823,54.217181,On or near Sports/Recreation Area,E01019343,South Lakeland 011C,Violence and sexual offences,Further investigation is not in the public interest,
4626371e5886e571762cbaf8a87a5bef3ec60978dfd43c413a92cecae69f7e8e,2021-07,Cumbria Constabulary,Cumbria Constabulary,-2.796567,54.223316,On or near Parking Area,E01019343,South Lakeland 011C,Violence and sexual offences,Local resolution,
003cb6098980a6e16810484eb75c7c26f1c069092e8882d000344bdfc6cb7c55,2021-07,Cumbria Constabulary,Cumbria Constabulary,-2.746823,54.217181,On or near Sports/Recreation Area,E01019343,South Lakeland 011C,Other crime,Further investigation is not in the public interest,
3af405da7cc4fd6b256e10fa1f5fbecea4d9ac9258e9a32ed99cda74e123eefd,2021-07,Cumbria Constabulary,Cumbria Constabulary,-2.746823,54.217181,On or near Sports/Recreation Area,E01019343,South Lakeland 011C,Other crime,Further investigation is not in the public interest,
d1eeb784eb4717ab476f07c790843aab3607e6eb95653476d94cb147e29ae3c7,2021-07,Cumbria Constabulary,Cumbria Constabulary,-2.746823,54.217181,On or near Sports/Recreation Area,E01019343,South Lakeland 011C,Other crime,Further investigation is not in the public interest,
327c27f29aaa3954683d01dcf9a81eba1dad013d84fb6d33c4745f67526f9c4a,2021-07,Cumbria Constabulary,Cumbria Constabulary,-2.726336,54.199781,On or near Holmefield,E01019347,South Lakeland 011D,Criminal damage and arson,Investigation complete; no suspect identified,
6f208cf6ee267fedf942684bcb4b27c5df141b209a3d4f381fbce01350139eef,2021-07,Cumbria Constabulary,Cumbria Constabulary,-2.726336,54.199781,On or near Holmefield,E01019347,South Lakeland 011D,Criminal damage and arson,Investigation complete; no suspect identified,
2f60731ffd659e86ba78499cbce7a8b61b12f054560d53a464733700832d44b7,2021-07,Cumbria Constabulary,Cumbria Constabulary,-2.726336,54.199781,On or near Holmefield,E01019347,South Lakeland 011D,Violence and sexual offences,Investigation complete; no suspect identified,
b3c3290ae490c0213518496221af41f9abfb807886807118f23722aaa59225e7,2021-07,Cumbria Constabulary,Cumbria Constabulary,-2.720802,54.180410,On or near Boon Town,E01019347,South Lakeland 011D,Violence and sexual offences,Unable to prosecute suspect,
,2021-07,Cumbria Constabulary,Cumbria Constabulary,-2.767861,54.227789,On or near Harmony Hill Close,E01019382,South Lakeland 011E,Anti-social behaviour,,
7db37ded39e9dcd9438276d9ef89a10ecd4af1b0e1709bdfc56008c698b0aed1,2021-07,Cumbria Constabulary,Cumbria Constabulary,-2.761633,54.228637,On or near Sycamore Grove,E01019382,South Lakeland 011E,Criminal damage and arson,Investigation complete; no suspect identified,
0a286e9af70e8fe7485dbff685627fea40efe62a8a7c2aec86e5a1aaf88d0462,2021-07,Cumbria Constabulary,Cumbria Constabulary,-2.772369,54.225226,On or near Candle Lane,E01019382,South Lakeland 011E,Other theft,Investigation complete; no suspect identified,
e2e9a39129a4b443b76a2148525d05de978f447f601e410ea8a2cfb2c25f523b,2021-07,Cumbria Constabulary,Cumbria Constabulary,-2.772369,54.225226,On or near Candle Lane,E01019382,South Lakeland 011E,Other theft,Investigation complete; no suspect identified,
102b7a8e6eeb98eb4d12f596efd2e07a3ef708b9996eb0e634a0650b7779a4c3,2021-07,Cumbria Constabulary,Cumbria Constabulary,-2.774043,54.229439,On or near Grisleymires Lane,E01019382,South Lakeland 011E,Shoplifting,Unable to prosecute suspect,
971bbc8a8fe97af33ba34eaa32ad4b1aae9ec0950bb056d014253de403bf6925,2021-07,Cumbria Constabulary,Cumbria Constabulary,-2.771797,54.229921,On or near Kirkhead,E01019382,South Lakeland 011E,Violence and sexual offences,Unable to prosecute suspect,
862631d69f6bc69f65b6289e826fb1a3d2101ad00a2a389ff5886eedab992d32,2021-07,Cumbria Constabulary,Cumbria Constabulary,-2.762771,54.229628,On or near Owlet Ash Fields,E01019382,South Lakeland 011E,Violence and sexual offences,Unable to prosecute suspect,
0ae05ab93b3aa0204b8e854b069361238bf0c66d95504f9c32d30334468c7143,2021-07,Cumbria Constabulary,Cumbria Constabulary,-2.771797,54.229921,On or near Kirkhead,E01019382,South Lakeland 011E,Violence and sexual offences,Unable to prosecute suspect,
,2021-07,Cumbria Constabulary,Cumbria Constabulary,-3.093917,54.182955,On or near Maple Avenue,E01019388,South Lakeland 012A,Anti-social behaviour,,
,2021-07,Cumbria Constabulary,Cumbria Constabulary,-3.093917,54.182955,On or near Maple Avenue,E01019388,South Lakeland 012A,Anti-social behaviour,,
,2021-07,Cumbria Constabulary,Cumbria Constabulary,-3.088277,54.190502,On or near Well Lane,E01019388,South Lakeland 012A,Anti-social behaviour,,
,2021-07,Cumbria Constabulary,Cumbria Constabulary,-3.088003,54.186496,On or near Supermarket,E01019388,South Lakeland 012A,Anti-social behaviour,,
49d19f1e564988eb2887df42ea83a213a9143764d90064fa34bc4cabbcd00818,2021-07,Cumbria Constabulary,Cumbria Constabulary,-3.090225,54.188219,On or near Sycamore Avenue,E01019388,South Lakeland 012A,Burglary,Court result unavailable,
1630a9c35cf82078bf41b6e6185e5fdc3dd71cb0bd8b015ad0781369d8ab6c60,2021-07,Cumbria Constabulary,Cumbria Constabulary,-3.089278,54.187176,On or near Beech Drive,E01019388,South Lakeland 012A,Burglary,Unable to prosecute suspect,
b70d6106a3f820867fff97627f0a52a1c636df487f48dc41ee3fbc01d9e00aeb,2021-07,Cumbria Constabulary,Cumbria Constabulary,-3.088003,54.186496,On or near Supermarket,E01019388,South Lakeland 012A,Criminal damage and arson,Investigation complete; no suspect identified,
9bf650a5b0d19d6c65742817eebc440a8bc71bee24a3139d44e108832b285b0e,2021-07,Cumbria Constabulary,Cumbria Constabulary,-3.090225,54.188219,On or near Sycamore Avenue,E01019388,South Lakeland 012A,Criminal damage and arson,Offender given a caution,
237086e6e8e9a7b2b0d7395e793ac55f62da69d5eea80c24f164ee68eba2b7e6,2021-07,Cumbria Constabulary,Cumbria Constabulary,-3.094670,54.182445,On or near Mount Barnard View,E01019388,South Lakeland 012A,Criminal damage and arson,Court result unavailable,
2e3c63a21591507174cb4809e4bd5acd3329e0d4b865bd37c3391bf31f931b70,2021-07,Cumbria Constabulary,Cumbria Constabulary,-3.087812,54.185059,On or near Bay Tree Road,E01019388,South Lakeland 012A,Criminal damage and arson,Investigation complete; no suspect identified,
acb6ccc42b87ecea326f4348afc5a336090d3e617672584a179a7666193e3626,2021-07,Cumbria Constabulary,Cumbria Constabulary,-3.089278,54.187176,On or near Beech Drive,E01019388,South Lakeland 012A,Public order,Investigation complete; no suspect identified,
28ff8480954b74cc4b93969e164331e3383b82451494c7c4b56b4da77298d216,2021-07,Cumbria Constabulary,Cumbria Constabulary,-3.079728,54.180045,On or near Priory Road,E01019388,South Lakeland 012A,Violence and sexual offences,Unable to prosecute suspect,
7fb60eb61afa987092927ee1f0be8d4b0b17e9231a8642dc3ef7c4f785a2b668,2021-07,Cumbria Constabulary,Cumbria Constabulary,-3.079728,54.180045,On or near Priory Road,E01019388,South Lakeland 012A,Violence and sexual offences,Unable to prosecute suspect,
89757cc4f3050f21101ec59dc56586559338daeb2c851733de25cad33de6052d,2021-07,Cumbria Constabulary,Cumbria Constabulary,-3.083745,54.195962,On or near Bailey Street,E01019389,South Lakeland 012B,Criminal damage and arson,Unable to prosecute suspect,
15ea490f05d248038bf7375a9714cba862a1167d63891b0ff22eb8c1fed96ac2,2021-07,Cumbria Constabulary,Cumbria Constabulary,-3.087169,54.194404,On or near Lund Road,E01019389,South Lakeland 012B,Other theft,Investigation complete; no suspect identified,
fab8fb5e00d206e6bb441c6165cf2449627d9abf834b2110fddf2e8f33db2035,2021-07,Cumbria Constabulary,Cumbria Constabulary,-3.070145,54.191060,On or near Cross Lane Court,E01019389,South Lakeland 012B,Public order,Unable to prosecute suspect,
3647229c2bf3fed9b7a9c7246fe5f9318f89b6c4d4371ffdb07920de3760debc,2021-07,Cumbria Constabulary,Cumbria Constabulary,-3.082878,54.195620,On or near Kingsway,E01019389,South Lakeland 012B,Public order,Unable to prosecute suspect,
57193e5201aae57a510e996585620306b919eaf6b72b1c9341225903a36faf21,2021-07,Cumbria Constabulary,Cumbria Constabulary,-3.082878,54.195620,On or near Kingsway,E01019389,South Lakeland 012B,Public order,Unable to prosecute suspect,
042df419d38b163432f1e1f90d8d24e618e7a584379963c46128293c7c49aadc,2021-07,Cumbria Constabulary,Cumbria Constabulary,-3.074150,54.194179,On or near Canal Side,E01019389,South Lakeland 012B,Public order,Unable to prosecute suspect,
506ad61f19c2117b32fbdebdfbedaa975c6e9fa09506d778c6b0ecebbf75d91b,2021-07,Cumbria Constabulary,Cumbria Constabulary,-3.084554,54.195218,On or near Gloucester Square,E01019389,South Lakeland 012B,Public order,Unable to prosecute suspect,
6dcc38afc27bcee47adbd0a2d3c911d7462ac7939756bfd089ead73fb5b4ec64,2021-07,Cumbria Constabulary,Cumbria Constabulary,-3.070145,54.191060,On or near Cross Lane Court,E01019389,South Lakeland 012B,Violence and sexual offences,Unable to prosecute suspect,
c7f75bff492b4ba686453082991292a1d7bfb6f0e7068c2825218bb455b7010c,2021-07,Cumbria Constabulary,Cumbria Constabulary,-3.084554,54.195218,On or near Gloucester Square,E01019389,South Lakeland 012B,Violence and sexual offences,Unable to prosecute suspect,
7bd367889df5928b809cb850c06236e6c20fd3c4d71e7fb7638ab6915e4b4f12,2021-07,Cumbria Constabulary,Cumbria Constabulary,-3.074150,54.194179,On or near Canal Side,E01019389,South Lakeland 012B,Violence and sexual offences,Further action is not in the public interest,
866212b2f51f1a739df3ab52ad962e54e64a8686001701efb4bbab0e69912f75,2021-07,Cumbria Constabulary,Cumbria Constabulary,-3.087169,54.194404,On or near Lund Road,E01019389,South Lakeland 012B,Violence and sexual offences,Unable to prosecute suspect,
ad757eea8481afb0e736880fae1c739256cf74d91b8e1539d39e87035200afe1,2021-07,Cumbria Constabulary,Cumbria Constabulary,-3.070145,54.191060,On or near Cross Lane Court,E01019389,South Lakeland 012B,Violence and sexual offences,Unable to prosecute suspect,
bfec0f7bce620ca489d55f9a9fdc4dc1a17f0a303d9c8d7c684d8c9d7ed23d47,2021-07,Cumbria Constabulary,Cumbria Constabulary,-3.074150,54.194179,On or near Canal Side,E01019389,South Lakeland 012B,Violence and sexual offences,Unable to prosecute suspect,
cae2a19d04469782aed5a46cb292b45ea6b86dcb403b4452d7bfb1b45466825b,2021-07,Cumbria Constabulary,Cumbria Constabulary,-3.073502,54.192828,On or near Steel Street,E01019389,South Lakeland 012B,Violence and sexual offences,Unable to prosecute suspect,
8a6f06b0e8accf1152cac895eb9d7d639888e3c24f396fc161b6792003072fe6,2021-07,Cumbria Constabulary,Cumbria Constabulary,-3.087169,54.194404,On or near Lund Road,E01019389,South Lakeland 012B,Violence and sexual offences,Unable to prosecute suspect,
7754969fc8e40146879065457af63c39ee9fed91dd3e38062f67be7f672c948f,2021-07,Cumbria Constabulary,Cumbria Constabulary,-3.070145,54.191060,On or near Cross Lane Court,E01019389,South Lakeland 012B,Violence and sexual offences,Unable to prosecute suspect,
5be9889109c0bb7b756b6dd450fe5b20945321ce9e4c0121eb1f1e48c12309d0,2021-07,Cumbria Constabulary,Cumbria Constabulary,-3.097859,54.197551,On or near Parking Area,E01019390,South Lakeland 012C,Burglary,Investigation complete; no suspect identified,
07eca5b1731be6c64a4fb328edaf58b3dc2687bc3f73ae18cdb5fb357b7f2c1e,2021-07,Cumbria Constabulary,Cumbria Constabulary,-3.096886,54.196697,On or near Upper Brook Street,E01019390,South Lakeland 012C,Other theft,Local resolution,
806269aa3e9199421d03020441c2925ab17b8b3e84ce697a579a61b7e175751d,2021-07,Cumbria Constabulary,Cumbria Constabulary,-3.097911,54.196041,On or near Parking Area,E01019390,South Lakeland 012C,Possession of weapons,Awaiting court outcome,
e33b200441fc84d0bf19372ae151ed88543dd2e4b6358d390cae244f6c6829e7,2021-07,Cumbria Constabulary,Cumbria Constabulary,-3.083521,54.199110,On or near Petrol Station,E01019390,South Lakeland 012C,Vehicle crime,Court result unavailable,
,2021-07,Cumbria Constabulary,Cumbria Constabulary,-3.089325,54.193638,On or near Tyson Square,E01019392,South Lakeland 012D,Anti-social behaviour,,
,2021-07,Cumbria Constabulary,Cumbria Constabulary,-3.088687,54.196197,On or near Newton Street,E01019392,South Lakeland 012D,Anti-social behaviour,,
,2021-07,Cumbria Constabulary,Cumbria Constabulary,-3.095872,54.194891,On or near Benson Street,E01019392,South Lakeland 012D,Anti-social behaviour,,
,2021-07,Cumbria Constabulary,Cumbria Constabulary,-3.094248,54.196056,On or near Supermarket,E01019392,South Lakeland 012D,Anti-social behaviour,,
,2021-07,Cumbria Constabulary,Cumbria Constabulary,-3.092623,54.194885,On or near Police Station,E01019392,South Lakeland 012D,Anti-social behaviour,,
,2021-07,Cumbria Constabulary,Cumbria Constabulary,-3.089996,54.194657,On or near The Ellers,E01019392,South Lakeland 012D,Anti-social behaviour,,
354f45d1a9e70415d89b30e3e98998dba0690678163e7e586972b374e3300fcb,2021-07,Cumbria Constabulary,Cumbria Constabulary,-3.093787,54.192546,On or near Alexander Road,E01019392,South Lakeland 012D,Burglary,Investigation complete; no suspect identified,
a0e2b324c615e84b9d9b7d1cac33d0abb3945f53e00d5faf802a7f063054b7b8,2021-07,Cumbria Constabulary,Cumbria Constabulary,-3.093443,54.196917,On or near Wellhead,E01019392,South Lakeland 012D,Criminal damage and arson,Unable to prosecute suspect,
02ce17b220b379d01f4c3db628debe3e8df214c8f58038582109fe9989324eff,2021-07,Cumbria Constabulary,Cumbria Constabulary,-3.089325,54.193638,On or near Tyson Square,E01019392,South Lakeland 012D,Criminal damage and arson,Unable to prosecute suspect,
4b3bf3c6e90e021facf1716b64b1036c196a0f1920d99826c9857eca29824e73,2021-07,Cumbria Constabulary,Cumbria Constabulary,-3.095295,54.196235,On or near Lower Brook Street,E01019392,South Lakeland 012D,Criminal damage and arson,Investigation complete; no suspect identified,
6077d6c10a3e7cf6421ecdc53c09f5fad32a07d5790de406d2ff73896bd6afb4,2021-07,Cumbria Constabulary,Cumbria Constabulary,-3.091686,54.193069,On or near Oxford Street,E01019392,South Lakeland 012D,Criminal damage and arson,Investigation complete; no suspect identified,
d4c07333b823a2c8a82403f497c377786eb2399e5713ad916583218cdb96ef33,2021-07,Cumbria Constabulary,Cumbria Constabulary,-3.095926,54.195780,On or near Supermarket,E01019392,South Lakeland 012D,Other theft,Unable to prosecute suspect,
f4b34dd80ceb1a0841ad76071d4f6d611da7b26fe5259c984609503ef7ee1247,2021-07,Cumbria Constabulary,Cumbria Constabulary,-3.095926,54.195780,On or near Supermarket,E01019392,South Lakeland 012D,Public order,Further action is not in the public interest,
958b6a7eb74c68da4786e4afc828deaac363c08da1ec763fb622776fa0c6b97b,2021-07,Cumbria Constabulary,Cumbria Constabulary,-3.088687,54.196197,On or near Newton Street,E01019392,South Lakeland 012D,Public order,Unable to prosecute suspect,
5f42d509b029ebd46bf15bd2b01fe88e26c10c06fb6f05af3eff48ad08122b42,2021-07,Cumbria Constabulary,Cumbria Constabulary,-3.089325,54.193638,On or near Tyson Square,E01019392,South Lakeland 012D,Public order,Unable to prosecute suspect,
09bbda547a7abcc0808fec083d58e72b50577e297972b7d23e7617786cfb1dd3,2021-07,Cumbria Constabulary,Cumbria Constabulary,-3.095196,54.193657,On or near King'S Road,E01019392,South Lakeland 012D,Public order,Unable to prosecute suspect,
ee35811b8fde82407bb6e88445b30ca2ea013687d21491094fa9913cb7e99516,2021-07,Cumbria Constabulary,Cumbria Constabulary,-3.090276,54.193675,On or near Cox Street,E01019392,South Lakeland 012D,Public order,Unable to prosecute suspect,
57967f9e445f97ebc59c7dbc45153ac1331d59c04424ce7b092fea2101eebef3,2021-07,Cumbria Constabulary,Cumbria Constabulary,-3.089325,54.193638,On or near Tyson Square,E01019392,South Lakeland 012D,Public order,Unable to prosecute suspect,
6ad48214537e71ad77b44496b7fc882375772d24cd295ed17dce182bfc8e1977,2021-07,Cumbria Constabulary,Cumbria Constabulary,-3.089325,54.193638,On or near Tyson Square,E01019392,South Lakeland 012D,Public order,Unable to prosecute suspect,
d392bfa78286b5973c00deda8d1f1f1a5502ceb15b5284050088ad4b4eb3c651,2021-07,Cumbria Constabulary,Cumbria Constabulary,-3.094570,54.194921,On or near Cross Street,E01019392,South Lakeland 012D,Public order,Unable to prosecute suspect,
f839ae6031fbcbf46a4d6971a23498501a133667f2ac7b36e04d38b457ff4c04,2021-07,Cumbria Constabulary,Cumbria Constabulary,-3.095926,54.195780,On or near Supermarket,E01019392,South Lakeland 012D,Public order,Further action is not in the public interest,
0a9767473b8dc718e1f940ff629e95b457cd3a62e2d9a026aa0f6cfbc60777a6,2021-07,Cumbria Constabulary,Cumbria Constabulary,-3.094248,54.196056,On or near Supermarket,E01019392,South Lakeland 012D,Shoplifting,Investigation complete; no suspect identified,
1afb03d47c287926f36907629d2373d2b72fdfe074b5eae937d7ddacdef09dde,2021-07,Cumbria Constabulary,Cumbria Constabulary,-3.092623,54.194885,On or near Police Station,E01019392,South Lakeland 012D,Vehicle crime,Investigation complete; no suspect identified,
15e47868a755434fccf038e39cf33b89a2f45260fc6fc4fdd70c2430e2329985,2021-07,Cumbria Constabulary,Cumbria Constabulary,-3.094570,54.194921,On or near Cross Street,E01019392,South Lakeland 012D,Violence and sexual offences,Investigation complete; no suspect identified,
bbc5a0b71315cfae71c972d0556c61facd6e757f85201ea7b2ea53e57be375cf,2021-07,Cumbria Constabulary,Cumbria Constabulary,-3.094570,54.194921,On or near Cross Street,E01019392,South Lakeland 012D,Violence and sexual offences,Unable to prosecute suspect,
4fbf618d877098faea0ac1874d7cac1ffebd1248419fdcdad57f46d203d6d7df,2021-07,Cumbria Constabulary,Cumbria Constabulary,-3.096143,54.195284,On or near Queens Court,E01019392,South Lakeland 012D,Violence and sexual offences,Unable to prosecute suspect,
734d469d85e79cd3674f0fa4b59635d24e9dc4ae0a6d91923f9dea4b9c6a67ec,2021-07,Cumbria Constabulary,Cumbria Constabulary,-3.093491,54.194104,On or near Brogden Street,E01019392,South Lakeland 012D,Violence and sexual offences,Awaiting court outcome,
3b17efeac579cd3c691a514527432e39dbf07348457915eca96314526c78a35f,2021-07,Cumbria Constabulary,Cumbria Constabulary,-3.089325,54.193638,On or near Tyson Square,E01019392,South Lakeland 012D,Violence and sexual offences,Unable to prosecute suspect,
7f08249d46c690fd3bb47b855ff8581643ee7bd611aed51bc3b028e5b228e7f1,2021-07,Cumbria Constabulary,Cumbria Constabulary,-3.089325,54.193638,On or near Tyson Square,E01019392,South Lakeland 012D,Violence and sexual offences,Unable to prosecute suspect,
b5c95c569017c975da2c59febed922e0c930ef41242e52d3dd005a751a28e72e,2021-07,Cumbria Constabulary,Cumbria Constabulary,-3.089325,54.193638,On or near Tyson Square,E01019392,South Lakeland 012D,Violence and sexual offences,Unable to prosecute suspect,
22951e1303600222b5c7427e65253ec225b1fdad3e4b786c81ebbe86b76cda52,2021-07,Cumbria Constabulary,Cumbria Constabulary,-3.089325,54.193638,On or near Tyson Square,E01019392,South Lakeland 012D,Violence and sexual offences,Unable to prosecute suspect,
061d5ab31248893a489a6d771279f82d2ab8e24856634193c8191150a3922d13,2021-07,Cumbria Constabulary,Cumbria Constabulary,-3.090276,54.193675,On or near Cox Street,E01019392,South Lakeland 012D,Violence and sexual offences,Unable to prosecute suspect,
3d7e8f9e5e839f0451802ce09a729c2334059ccc6c434f072044a65a76a75b2a,2021-07,Cumbria Constabulary,Cumbria Constabulary,-3.090276,54.193675,On or near Cox Street,E01019392,South Lakeland 012D,Violence and sexual offences,Unable to prosecute suspect,
14a20116ab28b28b1ee0e1c624b527e35d1bb4fd92709399ba41d898d2f62717,2021-07,Cumbria Constabulary,Cumbria Constabulary,-3.091686,54.193069,On or near Oxford Street,E01019392,South Lakeland 012D,Violence and sexual offences,Unable to prosecute suspect,
,2021-07,Cumbria Constabulary,Cumbria Constabulary,-2.953122,54.200051,On or near Ford Road,E01019349,South Lakeland 013A,Anti-social behaviour,,
,2021-07,Cumbria Constabulary,Cumbria Constabulary,-2.948775,54.199672,On or near Town End Meadow,E01019349,South Lakeland 013A,Anti-social behaviour,,
3b08850b4addfe25ed81fbf3a99dd9a8f1dd67ba2c23ddcf9a2ebae1b6712448,2021-07,Cumbria Constabulary,Cumbria Constabulary,-2.948705,54.200607,On or near Orchard Close,E01019349,South Lakeland 013A,Other theft,Investigation complete; no suspect identified,
f1a45f16aca2b23ea8d31e15e681e47f603e4478cd9e33b441d42780dee55ab5,2021-07,Cumbria Constabulary,Cumbria Constabulary,-2.941456,54.181170,On or near Hazelgarth,E01019349,South Lakeland 013A,Vehicle crime,Unable to prosecute suspect,
8c8ec3c3089a60f5c03d169a23dc7727cdcdb3a3346b08d5cdc345f4c13808c5,2021-07,Cumbria Constabulary,Cumbria Constabulary,-2.948775,54.199672,On or near Town End Meadow,E01019349,South Lakeland 013A,Violence and sexual offences,Further investigation is not in the public interest,
e4a21f90cb8ae31dcb0bdc4327ae6fa32c2c3f9a7da304dc7e3501017ac57811,2021-07,Cumbria Constabulary,Cumbria Constabulary,-2.941456,54.181170,On or near Hazelgarth,E01019349,South Lakeland 013A,Violence and sexual offences,Unable to prosecute suspect,
ef2290378807a2fa1d08b0cdfcd9c20374e026dbe328c9fc8d7099edc4fdc7b2,2021-07,Cumbria Constabulary,Cumbria Constabulary,-2.923714,54.192200,On or near The Crescent,E01019353,South Lakeland 013B,Criminal damage and arson,Investigation complete; no suspect identified,
c06f7d73fc2dd03b10ff17c1487d9d6377bbdbf8da7c8d63216cc6a4c1b0f68d,2021-07,Cumbria Constabulary,Cumbria Constabulary,-2.915442,54.190996,On or near Highfield Road,E01019353,South Lakeland 013B,Other theft,Investigation complete; no suspect identified,
7e0935f385dca1356552b4096f57bce45f769b0790aa67f1aaf7596b7698b8fd,2021-07,Cumbria Constabulary,Cumbria Constabulary,-2.920455,54.192450,On or near Beech Road,E01019353,South Lakeland 013B,Violence and sexual offences,Investigation complete; no suspect identified,
de17cf1316a3541a941710df9531ce054ae4df14436e2e5b62b310b8ba0643c8,2021-07,Cumbria Constabulary,Cumbria Constabulary,-2.920455,54.192450,On or near Beech Road,E01019353,South Lakeland 013B,Violence and sexual offences,Unable to prosecute suspect,
d9ede07749dc8b0389f17aebeb2bdb7b6811e0762254165ec075bf714c4bfa66,2021-07,Cumbria Constabulary,Cumbria Constabulary,-2.915271,54.186728,On or near Thornfield Road,E01019353,South Lakeland 013B,Violence and sexual offences,Unable to prosecute suspect,
,2021-07,Cumbria Constabulary,Cumbria Constabulary,-2.913057,54.189208,On or near Park Road,E01019354,South Lakeland 013C,Anti-social behaviour,,
d6c97e5f01a058decf0ddb61c59c606fb9b4bb784bca6387501abd947645c4c8,2021-07,Cumbria Constabulary,Cumbria Constabulary,-2.909695,54.193134,On or near Church Hill,E01019354,South Lakeland 013C,Criminal damage and arson,Local resolution,
f1607027981b3a0f3ff7a52c9a65bd198555bc8db51a01b67924db467e6dabc0,2021-07,Cumbria Constabulary,Cumbria Constabulary,-2.910284,54.191314,On or near The Esplanade,E01019354,South Lakeland 013C,Other theft,Investigation complete; no suspect identified,
daef2e6dffd8639ce901c414de7a447fc635c9dbb3c45270540de978237f8aa4,2021-07,Cumbria Constabulary,Cumbria Constabulary,-2.913057,54.189208,On or near Park Road,E01019354,South Lakeland 013C,Other theft,Investigation complete; no suspect identified,
e83af79715349b522a3706ff1f2e02b66d4260aa032e20e1ce8127d4d64e6029,2021-07,Cumbria Constabulary,Cumbria Constabulary,-2.933703,54.192725,On or near Haggs Lane,E01019354,South Lakeland 013C,Other theft,Investigation complete; no suspect identified,
b59a5ae69387af570ef76db7a6dac878e9ceaa381fba42811805be5272aa31a2,2021-07,Cumbria Constabulary,Cumbria Constabulary,-2.909695,54.193134,On or near Church Hill,E01019354,South Lakeland 013C,Violence and sexual offences,Unable to prosecute suspect,
63b67f604be0e9b98185bc62fd9d05a5d28cb914ff9730e4939e7f775a2e5f27,2021-07,Cumbria Constabulary,Cumbria Constabulary,-2.933703,54.192725,On or near Haggs Lane,E01019354,South Lakeland 013C,Violence and sexual offences,Awaiting court outcome,
b6bb3091af01584f929274d5bf64160079b4c0c3ecbf84bd548cd9fe94859872,2021-07,Cumbria Constabulary,Cumbria Constabulary,-2.927910,54.180421,On or near Cardrona Road,E01019355,South Lakeland 013D,Other theft,Investigation complete; no suspect identified,
6d73a8aa52ba77e12434ca1b794ee8cad8340124dabb1e3953a383135dd6be3c,2021-07,Cumbria Constabulary,Cumbria Constabulary,-2.927910,54.180421,On or near Cardrona Road,E01019355,South Lakeland 013D,Other theft,Investigation complete; no suspect identified,
869e446d073577eb86f02ae14b7b909d6ce79e36b8408d2c2e799e7b8b85cf78,2021-07,Cumbria Constabulary,Cumbria Constabulary,-2.924707,54.177632,On or near Laneside Road,E01019355,South Lakeland 013D,Other theft,Further investigation is not in the public interest,
e8439ec16dd1fce1200b935dab72a351ab41904e0b55a91075c3d68d78a66b8c,2021-07,Cumbria Constabulary,Cumbria Constabulary,-2.922879,54.180873,On or near Kilmidyke Road,E01019355,South Lakeland 013D,Violence and sexual offences,Unable to prosecute suspect,
ede548ead1e9145b28adfc7ae5710271b5fb78db4f9023869374c17cd3582b69,2021-07,Cumbria Constabulary,Cumbria Constabulary,-2.922879,54.180873,On or near Kilmidyke Road,E01019355,South Lakeland 013D,Other crime,Further investigation is not in the public interest,
,2021-07,Cumbria Constabulary,Cumbria Constabulary,-2.970838,54.155357,On or near Park/Open Space,E01019357,South Lakeland 013E,Anti-social behaviour,,
,2021-07,Cumbria Constabulary,Cumbria Constabulary,-2.969765,54.157289,On or near Park/Open Space,E01019357,South Lakeland 013E,Anti-social behaviour,,
,2021-07,Cumbria Constabulary,Cumbria Constabulary,-2.969765,54.157289,On or near Park/Open Space,E01019357,South Lakeland 013E,Anti-social behaviour,,
,2021-07,Cumbria Constabulary,Cumbria Constabulary,-2.969765,54.157289,On or near Park/Open Space,E01019357,South Lakeland 013E,Anti-social behaviour,,
46379dd6cab4df7b293fde7961bc64ccfdcad5addc3f98c0cb96f77faa9de66b,2021-07,Cumbria Constabulary,Cumbria Constabulary,-2.972065,54.174383,On or near Main Street,E01019357,South Lakeland 013E,Criminal damage and arson,Investigation complete; no suspect identified,
99e7bbdb402110fe73e6fa48c2bd1cc5115455aa34714612d3c815dcc477f2f5,2021-07,Cumbria Constabulary,Cumbria Constabulary,-2.971134,54.170643,On or near Sports/Recreation Area,E01019357,South Lakeland 013E,Other theft,Investigation complete; no suspect identified,
62c8728e227cb2f19298f3b6507fd1731dbac03d46dd201a90b88416ce23cabb,2021-07,Cumbria Constabulary,Cumbria Constabulary,-2.969765,54.157289,On or near Park/Open Space,E01019357,South Lakeland 013E,Violence and sexual offences,Unable to prosecute suspect,
,2021-07,Cumbria Constabulary,Cumbria Constabulary,-3.116734,54.185253,On or near Crosslands Close,E01019378,South Lakeland 014A,Anti-social behaviour,,
abb7442f74c39081b42544f0d38618873fb8973d7f33c45fa42b735d78928ef1,2021-07,Cumbria Constabulary,Cumbria Constabulary,-3.119025,54.182122,On or near Fell View,E01019378,South Lakeland 014A,Criminal damage and arson,Investigation complete; no suspect identified,
b3349143a29a2371b0f5fda31ec396290aa9b518fbbef48d93f16bae38a4ab6a,2021-07,Cumbria Constabulary,Cumbria Constabulary,-3.116734,54.185253,On or near Crosslands Close,E01019378,South Lakeland 014A,Criminal damage and arson,Investigation complete; no suspect identified,
860b6c51238c9ddb1ecd46c33318f36028e387569a11ca9bcc0b370b538d8612,2021-07,Cumbria Constabulary,Cumbria Constabulary,-3.118362,54.182542,On or near Heather Bank,E01019378,South Lakeland 014A,Criminal damage and arson,Investigation complete; no suspect identified,
2aa3109d8f3eb4b126426594461f4a94b5cb46e3b7f0e9130ef249a6936f3979,2021-07,Cumbria Constabulary,Cumbria Constabulary,-3.121465,54.174325,On or near South Green,E01019378,South Lakeland 014A,Violence and sexual offences,Local resolution,
b76062a44d0c01a43088ba2aa042aba1e54904a4e740b902f446b39da784160b,2021-07,Cumbria Constabulary,Cumbria Constabulary,-3.121465,54.174325,On or near South Green,E01019378,South Lakeland 014A,Violence and sexual offences,Local resolution,
2ac6a31496ab6cba6d6bdd5d6935ea432c1758909e9d42a4b5127d0e957b2c77,2021-07,Cumbria Constabulary,Cumbria Constabulary,-3.119903,54.174357,On or near East Drive,E01019378,South Lakeland 014A,Violence and sexual offences,Unable to prosecute suspect,
,2021-07,Cumbria Constabulary,Cumbria Constabulary,-3.122594,54.159448,On or near Kirk Flatt,E01019379,South Lakeland 014B,Anti-social behaviour,,
,2021-07,Cumbria Constabulary,Cumbria Constabulary,-3.074028,54.157581,On or near Coast Road,E01019379,South Lakeland 014B,Anti-social behaviour,,
26a17856296333250e54d21fb78b4c0263af5a9cebb0bd3453b6958b6bde61c9,2021-07,Cumbria Constabulary,Cumbria Constabulary,-3.122594,54.159448,On or near Kirk Flatt,E01019379,South Lakeland 014B,Criminal damage and arson,Further investigation is not in the public interest,
d420ef184641d342c12327fe55aab90cb1fc16a8a707628bdff02b94640194eb,2021-07,Cumbria Constabulary,Cumbria Constabulary,-3.122594,54.159448,On or near Kirk Flatt,E01019379,South Lakeland 014B,Criminal damage and arson,Investigation complete; no suspect identified,
c087f32131830fe5fa73d7520e50ffbd5e433c492b30dbc663587ece1e4bffa1,2021-07,Cumbria Constabulary,Cumbria Constabulary,-3.129645,54.152390,On or near Low House Gardens,E01019379,South Lakeland 014B,Public order,Unable to prosecute suspect,
1296be1ca994ba9b39eee204a2976e642b34e2260a963e1671c8631d1c335aee,2021-07,Cumbria Constabulary,Cumbria Constabulary,-3.122594,54.159448,On or near Kirk Flatt,E01019379,South Lakeland 014B,Public order,Unable to prosecute suspect,
10923f39ecda61dd52f322b0862ffdfdb5feed7e9ce8a6f40ae0515e560f236c,2021-07,Cumbria Constabulary,Cumbria Constabulary,-3.090019,54.137880,On or near Leythey Lane,E01019379,South Lakeland 014B,Violence and sexual offences,Unable to prosecute suspect,
138aa1057b94f3121eb3cd374865faf9618bb54d0d4edcb3d9d7328f6c7b0f5e,2021-07,Cumbria Constabulary,Cumbria Constabulary,-3.125859,54.164100,On or near Stone Dike Lane,E01019379,South Lakeland 014B,Violence and sexual offences,Unable to prosecute suspect,
6695e7886ecb9abf817780d73166fd22d03d0fd9fc7f44e612a80fa560a94f27,2021-07,Cumbria Constabulary,Cumbria Constabulary,-3.122594,54.159448,On or near Kirk Flatt,E01019379,South Lakeland 014B,Violence and sexual offences,Unable to prosecute suspect,
9d5f6be81d8e2edc579b5fc1c3c533c9d02bdca4af83784b948cfe9553087dc7,2021-07,Cumbria Constabulary,Cumbria Constabulary,-3.125859,54.164100,On or near Stone Dike Lane,E01019379,South Lakeland 014B,Violence and sexual offences,Unable to prosecute suspect,
,2021-07,Cumbria Constabulary,Cumbria Constabulary,-3.140943,54.098849,On or near Meadow Lane,E01019380,South Lakeland 014C,Anti-social behaviour,,
043d221e508536c1aea0b982c2b486f840e0f5da24be69553a68d3059ea60c2f,2021-07,Cumbria Constabulary,Cumbria Constabulary,-3.140943,54.098849,On or near Meadow Lane,E01019380,South Lakeland 014C,Burglary,Investigation complete; no suspect identified,
f7fdee521458b441dce0de2839ad116ee912fd32eebf424c3fa5e8b3a531ee5c,2021-07,Cumbria Constabulary,Cumbria Constabulary,-3.092047,54.179467,On or near Hest View Road,E01019391,South Lakeland 014D,Other theft,Investigation complete; no suspect identified,
2473eda3b19a3a9bd9905f859ff1b39ebd39c8a5c7bd9e10349697589eea6d0d,2021-07,Cumbria Constabulary,Cumbria Constabulary,-3.089278,54.182530,On or near Larch Grove,E01019391,South Lakeland 014D,Public order,Unable to prosecute suspect,
fb0b3f0ad10a8757fb0e68e5141d9ba9c2edcd991c93477ab50584b632a92d43,2021-07,Cumbria Constabulary,Cumbria Constabulary,-3.092047,54.179467,On or near Hest View Road,E01019391,South Lakeland 014D,Violence and sexual offences,Unable to prosecute suspect,
1acc921cd3f028928f949f27fc804204bf0b228c6157664e6d099faa42d16bcf,2021-07,Cumbria Constabulary,Cumbria Constabulary,-3.096892,54.179557,On or near Mountbarrow Way,E01019391,South Lakeland 014D,Violence and sexual offences,Unable to prosecute suspect,
fecf2080012d4f09e0a8643fd1ce761c94000218853208d8387e4ea6560a2057,2021-07,Cumbria Constabulary,Cumbria Constabulary,-3.096892,54.179557,On or near Mountbarrow Way,E01019391,South Lakeland 014D,Violence and sexual offences,Awaiting court outcome,
,2021-07,Cumbria Constabulary,Cumbria Constabulary,-3.097022,54.187951,On or near Springfield Park Road,E01019393,South Lakeland 014E,Anti-social behaviour,,
4fa596b81c0609a290bdc30d650f1f9f7b161955193f6ded01b44628a3479e54,2021-07,Cumbria Constabulary,Cumbria Constabulary,-3.102756,54.192644,On or near Lightburn Road,E01019393,South Lakeland 014E,Possession of weapons,Offender given a caution,
45f8b61a4cdd702a5768ab46b7bd3b2de29ae12dba2b752635ed36cc802fd060,2021-07,Cumbria Constabulary,Cumbria Constabulary,-3.096643,54.195046,On or near Queen Street,E01019393,South Lakeland 014E,Public order,Unable to prosecute suspect,
91d027424e03148311ffbebd63181ff551ddbafcbbeb3efd81cd1509abee0c06,2021-07,Cumbria Constabulary,Cumbria Constabulary,-3.096937,54.188779,On or near Lyndhurst Park,E01019393,South Lakeland 014E,Public order,Unable to prosecute suspect,
9ca95010cf14ad275fb93904a5d4ef2b1ed767635757c5aeb5b1f03ea62b6d11,2021-07,Cumbria Constabulary,Cumbria Constabulary,-3.096937,54.188779,On or near Lyndhurst Park,E01019393,South Lakeland 014E,Public order,Investigation complete; no suspect identified,
b1f72d7b7b602ec4a527b2bfa6d7bc9e21c53fd443a4450c9d4b82ef5e228560,2021-07,Cumbria Constabulary,Cumbria Constabulary,-3.102756,54.192644,On or near Lightburn Road,E01019393,South Lakeland 014E,Shoplifting,Investigation complete; no suspect identified,
6104fbcedbc8df4be66123e78fa254f7da89369964b3b05225b2e3960e875fec,2021-07,Cumbria Constabulary,Cumbria Constabulary,-3.096643,54.195046,On or near Queen Street,E01019393,South Lakeland 014E,Violence and sexual offences,Unable to prosecute suspect,
445f489cf7f3f427a2fab82f7399e3164ef7062631ed805658dc4d1b3cf3fe63,2021-07,Cumbria Constabulary,Cumbria Constabulary,0.845945,52.326421,On or near Church Road,E01030095,St Edmundsbury 001A,Violence and sexual offences,Status update unavailable,
a687a8603ab75c4a8491dd81217d8b0406bc520c9ae459f4e0f1ee3e085dc18b,2021-07,Cumbria Constabulary,Cumbria Constabulary,0.845945,52.326421,On or near Church Road,E01030095,St Edmundsbury 001A,Violence and sexual offences,Status update unavailable,
ba1b4627bf74ca1389f972cdf8996115af92a2be56d6eae70d27b688df7aec8b,2021-07,Cumbria Constabulary,Cumbria Constabulary,-1.461127,54.887704,On or near Foxcover Road,E01032484,Sunderland 032G,Other theft,Unable to prosecute suspect,
73aa28ddd592b119a1d2f9d228288454d1e2e204a1f8aea72bf009b3121e3237,2021-07,Cumbria Constabulary,Cumbria Constabulary,-3.003383,53.068839,On or near Briarswood,W01000375,Wrexham 003B,Violence and sexual offences,Status update unavailable,
71c93d7ac709cc7984d0409f5d0ed2a5ad3bce8488b1403c4d608ed0a3294b0c,2021-07,Cumbria Constabulary,Cumbria Constabulary,,,No Location,,,Violence and sexual offences,Unable to prosecute suspect,
