Crime ID,Month,Reported by,Falls within,Longitude,Latitude,Location,LSOA code,LSOA name,Outcome type
4d83eeb08a751833513f2a08d9d1ffe56362d0d10ea8d57f03a48da9115867c3,2021-10,Dyfed-Powys Police,Dyfed-Powys Police,,,No location,,,Investigation complete; no suspect identified
56eb1a4f501d6fe8eab261a7522b165ceabe291b1e3882cf7e915dbaccd0d91b,2021-10,Dyfed-Powys Police,Dyfed-Powys Police,,,No location,,,Suspect charged
33469c66290c11ab6c92c59e47f26c98647aa9b9389809ba607f1cd057ff463b,2021-10,Dyfed-Powys Police,Dyfed-Powys Police,,,No location,,,Unable to prosecute suspect
dcf85f6e7e4c5bf18af8b07373410af6db5f1f840345bf662c3af2b23389d6e6,2021-10,Dyfed-Powys Police,Dyfed-Powys Police,,,No location,,,Investigation complete; no suspect identified
2dda40aa05ee2f0f3c724f994e1ce3f1050cda60a79dd9528aa151c2c999a690,2021-10,Dyfed-Powys Police,Dyfed-Powys Police,,,No location,,,Local resolution
300faab0657039f55f460205503ff73c7303437ba1c06f96c222376f7d9d2ac0,2021-10,Dyfed-Powys Police,Dyfed-Powys Police,,,No location,,,Suspect charged
d3eb5ddadd960f03bfe2adf2e32c10753ea53cc3d27929d1bda5f2d581eae4e4,2021-10,Dyfed-Powys Police,Dyfed-Powys Police,-4.257285,51.684631,On or near TIRWAUN,W01000711,Carmarthenshire 021E,Local resolution
67292da93f3fb803957b741f1a72a58ce8e4886640e71eb752e923a1fc26d5ae,2021-10,Dyfed-Powys Police,Dyfed-Powys Police,,,No location,,,Further investigation is not in the public interest
fcf1ec8aba801455bb10bf9b0a93a2eb042b5ea351cb2fbce491de5757eae583,2021-10,Dyfed-Powys Police,Dyfed-Powys Police,,,No location,,,Unable to prosecute suspect
7ffb95146bd1675f5ee6501916722424d4e60d9af641cb65c8c7c7b7e61ad05c,2021-10,Dyfed-Powys Police,Dyfed-Powys Police,-3.970789,52.075048,On or near SARN HELEN,W01000650,Carmarthenshire 002B,Investigation complete; no suspect identified
561d332b56056866763bfd301249ad14d4fb0c2b895ed86f728863d44ed78c12,2021-10,Dyfed-Powys Police,Dyfed-Powys Police,-4.021899,52.464475,On or near AFALLON,W01001937,Ceredigion 001F,Suspect charged
f99b37eba9e08146d1bed30db1e9124cc3bfd4629c213419f7275c67e19eab89,2021-10,Dyfed-Powys Police,Dyfed-Powys Police,-3.992017,51.799155,On or near HEOL-Y-WYRDDOL,W01000714,Carmarthenshire 013D,Investigation complete; no suspect identified
1e0437c5cd7018961bf0d5bebc8804c004ecdeca22e74146086eccbf3153ff2f,2021-10,Dyfed-Powys Police,Dyfed-Powys Police,-4.014954,51.785995,On or near LON-Y-GRUGLAS,W01000725,Carmarthenshire 011D,Unable to prosecute suspect
8336d1f0e6749626b20cfb0e544176623edc3fe4957dc781dc0224f69e3a6595,2021-10,Dyfed-Powys Police,Dyfed-Powys Police,-4.161425,51.674294,On or near Parking Area,W01000733,Carmarthenshire 026E,Investigation complete; no suspect identified
e9a2b2124e78b692e0c0e62a5ad45f0b886a5f8075fc243f0fc66cbd9aa03206,2021-10,Dyfed-Powys Police,Dyfed-Powys Police,-3.995554,51.797486,On or near NORMAN ROAD,W01000714,Carmarthenshire 013D,Unable to prosecute suspect
4aed8d500b965aed219a49dee474aeedbcb1d1d4d857e96a44357c31f1276104,2021-10,Dyfed-Powys Police,Dyfed-Powys Police,-4.166246,51.679547,On or near ERW ROAD,W01000654,Carmarthenshire 023B,Investigation complete; no suspect identified
2a7dd314cf93c1b65afaa0bb9179932b8ed0d0d45a6013fe7f6e1a3a49f16269,2021-10,Dyfed-Powys Police,Dyfed-Powys Police,-3.318583,52.705957,On or near LON YR YWEN,W01000475,Powys 001E,Investigation complete; no suspect identified
19fd428b5f11eb1e1a597afd3ca094c3d3c3dddef3f3123fe23ad7d83778fb02,2021-10,Dyfed-Powys Police,Dyfed-Powys Police,-4.147114,51.685159,On or near CLIFTON TERRACE,W01000628,Carmarthenshire 024A,Unable to prosecute suspect
0ae9821f0913831b268779fc432185f0bd4b5df7d60e44d49c0386af89a5a023,2021-10,Dyfed-Powys Police,Dyfed-Powys Police,-3.988078,52.437886,On or near GLAN SEILO,W01000549,Ceredigion 001E,Investigation complete; no suspect identified
68f2bfd71319535485ee7eeff977ee13bcf64166b6a0a2096159685a2c95f74c,2021-10,Dyfed-Powys Police,Dyfed-Powys Police,-5.107561,51.772814,On or near Parking Area,W01000622,Pembrokeshire 008E,Unable to prosecute suspect
67c4f7a3b55b0f2008beff12f76c07dc2a100c6f4a169488860a71a6dc2b7c47,2021-10,Dyfed-Powys Police,Dyfed-Powys Police,-4.083958,52.415410,On or near STRYD-Y-POPTY,W01000513,Ceredigion 002B,Investigation complete; no suspect identified
d42ce16ae822f4b634799b818da7c8a1e039d2a2f6042257f63588ac8112bccd,2021-10,Dyfed-Powys Police,Dyfed-Powys Police,-4.139071,51.677204,On or near Shopping Area,W01000628,Carmarthenshire 024A,Investigation complete; no suspect identified
fc1135ef5a92fb414bd0415f83b2611f599c656963c2d9853a13ef981942252a,2021-10,Dyfed-Powys Police,Dyfed-Powys Police,-3.867837,51.812758,On or near LLANDEILO ROAD,W01000718,Carmarthenshire 010D,Unable to prosecute suspect
046331e4909f3bd834c882e80b264151c10b701ec82d71a88b85b9ba14ed4b0a,2021-10,Dyfed-Powys Police,Dyfed-Powys Police,-3.404151,52.149446,On or near CHURCH STREET,W01000432,Powys 014B,Unable to prosecute suspect
198a000d85a2489e4ee5eac36076a745a0b10e4819bfc65088279972d9e7bd7e,2021-10,Dyfed-Powys Police,Dyfed-Powys Police,-4.128402,51.677640,On or near Parking Area,W01000706,Carmarthenshire 025C,Suspect charged
e3d0eee291f1071e8d7a9789acdd80f4948e00ef53ed10e8f8a12f7977592966,2021-10,Dyfed-Powys Police,Dyfed-Powys Police,-4.086253,52.413571,On or near PRINCESS STREET,W01000517,Ceredigion 002D,Offender given a caution
41630650122f79296c455c546f43f910c08866064a220325b9a6d395935b7643,2021-10,Dyfed-Powys Police,Dyfed-Powys Police,-4.967888,51.801690,On or near Nightclub,W01000568,Pembrokeshire 005A,Local resolution
b3ed9cbbdd21e925a20dcc82a503c9c1642c10f7e0f835890c7936df88212403,2021-10,Dyfed-Powys Police,Dyfed-Powys Police,-5.096841,51.783935,On or near ATLANTIC DRIVE,W01000622,Pembrokeshire 008E,Unable to prosecute suspect
a9be0234436ecb203506369d937f89aa21f5c7a79c00e6a32968f620be59d91a,2021-10,Dyfed-Powys Police,Dyfed-Powys Police,-4.087476,52.415186,On or near Conference/Exhibition Centre,W01000517,Ceredigion 002D,Investigation complete; no suspect identified
ef73e1da3a6a1734dd19a25659d0cc526d7c7fe6fe6278dd0ec7083d9ec407bf,2021-10,Dyfed-Powys Police,Dyfed-Powys Police,-4.979368,51.995655,On or near Shopping Area,W01000565,Pembrokeshire 002B,Investigation complete; no suspect identified
63ab251c39f71c22fb784adeae505dda26b5188902bd26cf23239e00375c3402,2021-10,Dyfed-Powys Police,Dyfed-Powys Police,-4.915246,51.678255,On or near WOGAN ROAD,W01000607,Pembrokeshire 015C,Suspect charged
149261f1a0da0a90db7c09cc98cf2770660b589ad2f0ad6fd9c5ffcda6ea6ecb,2021-10,Dyfed-Powys Police,Dyfed-Powys Police,-5.022305,51.716704,On or near Pedestrian Subway,W01000588,Pembrokeshire 010B,Investigation complete; no suspect identified
1c9e656c99fd3c3805abefd24880eb2c499dac7b7f8c17bd727839e56d129d8f,2021-10,Dyfed-Powys Police,Dyfed-Powys Police,-4.657459,52.082502,On or near CHURCH STREET,W01000511,Ceredigion 009E,Investigation complete; no suspect identified
3cf80f5493b2a2f92632025f0cf497ec2c185a48ca039f1f2a8daa9de26ced67,2021-10,Dyfed-Powys Police,Dyfed-Powys Police,-4.305600,51.853682,On or near STATION APPROACH,W01000694,Carmarthenshire 008D,Unable to prosecute suspect
6c6707ae55b317aff4b8747f266a888472674417af9bf0fc684cde0099d75236,2021-10,Dyfed-Powys Police,Dyfed-Powys Police,-3.995320,51.796779,On or near STRYD HAROLD,W01000714,Carmarthenshire 013D,Investigation complete; no suspect identified
5949ff461471d817aa38ef415ddc16da8dca90c12f16e5bb7abbbb1adf9d27c2,2021-10,Dyfed-Powys Police,Dyfed-Powys Police,-3.985955,51.792244,On or near HALL STREET,W01000626,Carmarthenshire 013B,Offender given a caution
249d304a4014e25ea639a704109ec2613446245c0974c9f59dac3b4fbd2bebc7,2021-10,Dyfed-Powys Police,Dyfed-Powys Police,-4.329222,51.856112,On or near JOB'S WELL ROAD,W01000644,Carmarthenshire 006B,Unable to prosecute suspect
000695faa530c2558f811687b4e5b121a20c35dfb33e4de0cac7c0230560880d,2021-10,Dyfed-Powys Police,Dyfed-Powys Police,-4.333859,51.861254,On or near HEOL ARFRYN,W01000644,Carmarthenshire 006B,Investigation complete; no suspect identified
6dcd33cdb4b7ab13954fac1c2c611d9c1c1c7281a98fdac9151d3e9e05bf6efd,2021-10,Dyfed-Powys Police,Dyfed-Powys Police,-4.084552,52.416163,On or near STRYD Y CORFFOREATH,W01000513,Ceredigion 002B,Investigation complete; no suspect identified
49660cd38d1ac9019a03bddc641cce01b1d6d60dc71fc7c3d1f583e707a5525c,2021-10,Dyfed-Powys Police,Dyfed-Powys Police,-4.203922,51.688333,On or near PENLLECH,W01001925,Carmarthenshire 023F,Investigation complete; no suspect identified
0cc600b70d511ecc0d6d077c31d003f92a3657e1805ab7213f04a4ae9d59c79d,2021-10,Dyfed-Powys Police,Dyfed-Powys Police,-3.315050,52.515886,On or near TURNER'S LANE,W01000480,Powys 008A,Investigation complete; no suspect identified
ff42784c2fde629fb7a2f03bcdc44fb9d4f1a630700db3522a17b9d87f80a3d2,2021-10,Dyfed-Powys Police,Dyfed-Powys Police,-5.049591,51.711861,On or near OBSERVATORY AVENUE,W01000589,Pembrokeshire 012A,Unable to prosecute suspect
b122aa9426d7278bfec5f77643cfefc2696df8a82d60ddf0711dae7aa43e58df,2021-10,Dyfed-Powys Police,Dyfed-Powys Police,-4.087076,52.414482,On or near Y STRYD NEWYDD,W01000517,Ceredigion 002D,Unable to prosecute suspect
9f0314cd281f999bb90fda873cea6636358361781d9b9a47b1624a8c311618b6,2021-10,Dyfed-Powys Police,Dyfed-Powys Police,-4.989160,51.801106,On or near HYWEL ROAD,W01000570,Pembrokeshire 005C,Investigation complete; no suspect identified
d527225113cc74aedeaaa4d8b104428190616cca07ca75847cdb6932f1174538,2021-10,Dyfed-Powys Police,Dyfed-Powys Police,-3.318583,52.705957,On or near LON YR YWEN,W01000475,Powys 001E,Investigation complete; no suspect identified
87f9964c8f9bcf58c1aa528dbb43fa72331ccf91bc41a5e637e2a795b677dba9,2021-10,Dyfed-Powys Police,Dyfed-Powys Police,-3.325798,52.504788,On or near PINE COURT,W01000483,Powys 009C,Further investigation is not in the public interest
84eec4801d70cae7dd697b2dac0695489acf8277cf7ad43923ecabe8fb01ee57,2021-10,Dyfed-Powys Police,Dyfed-Powys Police,-3.376267,52.239038,On or near Further/Higher Educational Building,W01000456,Powys 013C,Investigation complete; no suspect identified
94ba86074c21c2ec68513a5343a6b651eb9d0683f81448066aa524e4ef2c311b,2021-10,Dyfed-Powys Police,Dyfed-Powys Police,-4.309012,51.855926,On or near GREYFRIARS,W01000641,Carmarthenshire 008A,Investigation complete; no suspect identified
3ac56a19cb57eb4052b06f1ae8653f06aa2914dbbf4888dcd08f726cb571d9dd,2021-10,Dyfed-Powys Police,Dyfed-Powys Police,-4.294984,51.864213,On or near LLYS CAERMEDI,W01000638,Carmarthenshire 007B,Unable to prosecute suspect
db85168f7354847e98408244f057a508160d0bf46ecb99479b07a7bc465a68f2,2021-10,Dyfed-Powys Police,Dyfed-Powys Police,-4.307247,51.856644,On or near Shopping Area,W01000641,Carmarthenshire 008A,Unable to prosecute suspect
b762a0148ad267ae5c368af90da10344fc409f959667fb4d83a9ebd823ef3bdc,2021-10,Dyfed-Powys Police,Dyfed-Powys Police,-3.056571,52.344593,On or near RADNOR DRIVE,W01000448,Powys 011B,Unable to prosecute suspect
d5ce1836cf92a964c486ef43c42820bfff8d23995476971916c7a6730da2e100,2021-10,Dyfed-Powys Police,Dyfed-Powys Police,-3.234899,51.998195,On or near BRONANT,W01000494,Powys 015E,Unable to prosecute suspect
0f3d140a3c1da1d475bbd6e06db383c01c6cc627ebad1f2b11db5ca035ed9751,2021-10,Dyfed-Powys Police,Dyfed-Powys Police,-4.740095,51.801207,On or near Sports/Recreation Area,W01000595,Pembrokeshire 007C,Unable to prosecute suspect
02ca1e9375fa71bb615ae70bfd37b73c260ef7bb0fdf5b0fce14575ddac92294,2021-10,Dyfed-Powys Police,Dyfed-Powys Police,-3.404151,52.149446,On or near CHURCH STREET,W01000432,Powys 014B,Unable to prosecute suspect
dba377d93fbc62b9965ed03d42089e09b05d05d71f1e12a3914a0cdccef67d31,2021-10,Dyfed-Powys Police,Dyfed-Powys Police,-4.656637,52.086361,On or near NORTH ROAD,W01000510,Ceredigion 009D,Investigation complete; no suspect identified
941884376efd42defe4e88a0b1f30016311aefef76155be3af071a86f530ed2c,2021-10,Dyfed-Powys Police,Dyfed-Powys Police,-4.305341,51.855989,On or near THE MOUNT,W01000641,Carmarthenshire 008A,Investigation complete; no suspect identified
b86ff1f3dd065e20e7100c7a452df59f3bf46a900541d294c0618eecf8cab616,2021-10,Dyfed-Powys Police,Dyfed-Powys Police,-4.304861,51.862518,On or near LLYS Y NANT,W01000639,Carmarthenshire 007C,Unable to prosecute suspect
5be05593f3ece7d02b55f31e202da1ed8358274c7ad322fcc63d4dd7a15d115f,2021-10,Dyfed-Powys Police,Dyfed-Powys Police,-4.076117,52.415664,On or near CAMBRIAN SQUARE,W01000512,Ceredigion 002A,Investigation complete; no suspect identified
4b56061e34f5437bdd4d3c8755eb964a539a0ef33e5cd879efde7be64b38eeed,2021-10,Dyfed-Powys Police,Dyfed-Powys Police,-4.994349,51.759691,On or near VICTORIA GARDENS,W01000575,Pembrokeshire 008C,Unable to prosecute suspect
111af2854f205f4402b7ac0c3b4d52d23677f53f8f8094135d2f4323fb9d40de,2021-10,Dyfed-Powys Police,Dyfed-Powys Police,-4.323572,51.858634,On or near COLLEGE ROAD,W01000644,Carmarthenshire 006B,Suspect charged
eec868d656296dd090e1db9a0b63c7d0bc44a5a064b57b3b27dd5983a9588cbf,2021-10,Dyfed-Powys Police,Dyfed-Powys Police,-4.938954,51.868629,On or near CASTLE RISE,W01000623,Pembrokeshire 004D,Investigation complete; no suspect identified
acd45db35e2e37950211ab63fbe8c48ea62807faef6290279cccfa2b360dcb81,2021-10,Dyfed-Powys Police,Dyfed-Powys Police,-3.901637,51.800293,On or near DYNEVOR ROAD,W01000656,Carmarthenshire 010A,Investigation complete; no suspect identified
889519cd4c699a31d0d8383eb6d558c4487228497310be2d7fe655f20c974b55,2021-10,Dyfed-Powys Police,Dyfed-Powys Police,-3.141505,52.657216,On or near SEVERN ROAD,W01000499,Powys 003B,Investigation complete; no suspect identified
f4d2028b1ef066d5c25e9921d544802c125f42e60a2d725efd46603dcf089958,2021-10,Dyfed-Powys Police,Dyfed-Powys Police,-4.175325,51.686978,On or near Sports/Recreation Area,W01000667,Carmarthenshire 023C,Investigation complete; no suspect identified
426e6e23ad6e44060f8fd5c776d2063678ba65f049b024e5271747631d63defa,2021-10,Dyfed-Powys Police,Dyfed-Powys Police,-4.300237,51.859857,On or near CLOS Y DERI,W01000641,Carmarthenshire 008A,Investigation complete; no suspect identified
bb973044aeab33a8adfb22e2574be9a6a4648e07d036045c9ee9c6d5e44dc2fb,2021-10,Dyfed-Powys Police,Dyfed-Powys Police,-4.144680,51.685698,On or near BRYNAMLWG,W01000705,Carmarthenshire 022C,Investigation complete; no suspect identified
7a28ddb1cbe3a7eace773002ba36125cf6d92b9bb02294e41e793577997c2e18,2021-10,Dyfed-Powys Police,Dyfed-Powys Police,-4.083958,52.415410,On or near STRYD-Y-POPTY,W01000513,Ceredigion 002B,Investigation complete; no suspect identified
62d0f58dbb28f70fd4c46d7a7114179bd478784a9b935060cf36ec7ffd01eb2d,2021-10,Dyfed-Powys Police,Dyfed-Powys Police,-4.137029,51.677457,On or near Supermarket,W01000628,Carmarthenshire 024A,Investigation complete; no suspect identified
7457be6b4dacdb583df25cdd51f3b7e3e924788603ea2a2c3eecdef1f8feca17,2021-10,Dyfed-Powys Police,Dyfed-Powys Police,-3.249832,52.495942,On or near Sports/Recreation Area,W01000447,Powys 007C,Investigation complete; no suspect identified
d9e045f7bcea831f0e5e994ccb2867c8c9bf7539ab62b121ec5e24beb2ccb54b,2021-10,Dyfed-Powys Police,Dyfed-Powys Police,-4.163549,51.678788,On or near WATERLOO STREET,W01000732,Carmarthenshire 026D,Suspect charged
14b1bedb2ed0bf75790bdc7a46eb6f8dd74844dc9c48b8ae9dc78638ee1e9a02,2021-10,Dyfed-Powys Police,Dyfed-Powys Police,-3.308392,52.516481,On or near CANAL CLOSE,W01000481,Powys 008B,Suspect charged
f6e49df32a77d202aaa18b5c656b2623cf16c7d97ef033a6a46cf060fe332d5f,2021-10,Dyfed-Powys Police,Dyfed-Powys Police,-4.307247,51.856644,On or near Shopping Area,W01000641,Carmarthenshire 008A,Unable to prosecute suspect
ef39d161052dc67fe55d110daefca29a122d1b1d6d77668625a0cc1ca80d8528,2021-10,Dyfed-Powys Police,Dyfed-Powys Police,-4.311087,51.862989,On or near TREM-Y-DREF,W01000637,Carmarthenshire 007A,Unable to prosecute suspect
62815b8726905f4a6a7140d5f4639a1ecaf4a7bb508cc11f3c29d5d1f5d66458,2021-10,Dyfed-Powys Police,Dyfed-Powys Police,-3.215955,52.218456,On or near Parking Area,W01000484,Powys 011E,Investigation complete; no suspect identified
dcc77bbecfbe42319cf0bb3cd1fdc89a26a7d0fc64ba99fabfa714511d38ad4d,2021-10,Dyfed-Powys Police,Dyfed-Powys Police,-3.329615,52.273091,On or near YEW TREE CLOSE,W01000451,Powys 012B,Formal action is not in the public interest
15eddc24f081f742853f41ae5aafb4442f8cb674e453335e93eb6ae654481dfb,2021-10,Dyfed-Powys Police,Dyfed-Powys Police,-4.144810,51.798220,On or near HEOL CAPEL SION,W01000663,Carmarthenshire 016B,Investigation complete; no suspect identified
fb138cd5a6cdff5506f3759c2080458291d694058b0d752babb1bab921152844,2021-10,Dyfed-Powys Police,Dyfed-Powys Police,-4.367409,51.945249,On or near A484,W01000648,Carmarthenshire 006D,Unable to prosecute suspect
762318ac4794532f908f47b21049be32ef02ffcc3e5b0a984ec2c8bf8eaaf84e,2021-10,Dyfed-Powys Police,Dyfed-Powys Police,-3.752995,51.781688,On or near LLUEST,W01000504,Powys 021D,Action to be taken by another organisation
7ab2eec621f9f931bcaae059434daea3554dfdee18835631e7f270e8df1a86bd,2021-10,Dyfed-Powys Police,Dyfed-Powys Police,-4.247033,51.692336,On or near ISGRAIG,W01000632,Carmarthenshire 021A,Investigation complete; no suspect identified
4df1ad8fc657807dcacdb04381a60281714806fe3e2b59dfbddbb64606bbeef7,2021-10,Dyfed-Powys Police,Dyfed-Powys Police,-3.882149,51.938140,On or near HIGH STREET,W01000687,Carmarthenshire 004C,Investigation complete; no suspect identified
c93581c19e67ca1b0cb9892d72e5e9a09c8be1df414dee6331898b3d336eff76,2021-10,Dyfed-Powys Police,Dyfed-Powys Police,-3.313948,52.516006,On or near ST MARY'S CLOSE,W01000480,Powys 008A,Investigation complete; no suspect identified
6328c1e7dd5fd1b1681b2222942555586c19ec78a7a92bd943144e7eec043096,2021-10,Dyfed-Powys Police,Dyfed-Powys Police,-4.977928,51.797757,On or near Supermarket,W01000571,Pembrokeshire 006A,Investigation complete; no suspect identified
27cc08b6a23c3fe7d4df8c1077c6dd7181d18cf562f7523ca23a323837c97053,2021-10,Dyfed-Powys Police,Dyfed-Powys Police,-3.249832,52.495942,On or near Sports/Recreation Area,W01000447,Powys 007C,Investigation complete; no suspect identified
df32216aca55d610d0fd176ba85832ec9b517ab0b2a77df2a081fa411246a897,2021-10,Dyfed-Powys Police,Dyfed-Powys Police,-3.299594,52.518493,On or near Sports/Recreation Area,W01000480,Powys 008A,Investigation complete; no suspect identified
c7f6b626ecb169fcbce123d2873c9751bc1a3c35d802addbc7c3e50eb836e3bb,2021-10,Dyfed-Powys Police,Dyfed-Powys Police,-3.296037,52.266568,On or near OLD MARKET MEADOWS,W01000451,Powys 012B,Investigation complete; no suspect identified
2243c0746cfd3c5ba37387228145bf2093bd0243820b071d10e3c06d0027498d,2021-10,Dyfed-Powys Police,Dyfed-Powys Police,-4.168463,51.674776,On or near BRYN PLACE,W01000660,Carmarthenshire 026B,Unable to prosecute suspect
f7be91407a0db1dd6cbae3e869ba2f61037e802d285e2b35ae71f9e40a00ae3d,2021-10,Dyfed-Powys Police,Dyfed-Powys Police,-3.994591,51.883036,On or near STRYD CAERFYRDDIN,W01000677,Carmarthenshire 004B,Investigation complete; no suspect identified
ee54f49aaa6f6e63aee8b4eb42bd64e477b364bd2b20605a14fd9320d8371079,2021-10,Dyfed-Powys Police,Dyfed-Powys Police,-4.310569,51.856003,On or near Parking Area,W01000641,Carmarthenshire 008A,Investigation complete; no suspect identified
ad2ab58d355c7030d9d698bec5fbfe03d067ed870702373f9cfaca3e306a4a52,2021-10,Dyfed-Powys Police,Dyfed-Powys Police,-3.935361,52.219341,On or near CHAPEL STREET,W01000550,Ceredigion 011G,Investigation complete; no suspect identified
2345e1c67a821e51043bb72de016968bea2a681bcb350ce7534994876811406d,2021-10,Dyfed-Powys Police,Dyfed-Powys Police,-3.143126,52.657560,On or near Police Station,W01000498,Powys 003A,Investigation complete; no suspect identified
4100c4603586648803cb122324e16a3c9162f775ed25329ff9be23b40deec264,2021-10,Dyfed-Powys Police,Dyfed-Powys Police,-4.026921,52.442423,On or near TREGERDDAN,W01000548,Ceredigion 001D,Unable to prosecute suspect
57611eaf7674179118ced50eabf7f5856b790781ff5c35978ec8316a926a1db9,2021-10,Dyfed-Powys Police,Dyfed-Powys Police,-3.535374,52.445756,On or near Sports/Recreation Area,W01000466,Powys 010C,Investigation complete; no suspect identified
6c8d89c438e2061e73a6fcbe3484c818b48c5b76953bfc1e08d2faa909b57962,2021-10,Dyfed-Powys Police,Dyfed-Powys Police,-5.099188,51.914862,On or near B4330,W01000618,Pembrokeshire 003D,Unable to prosecute suspect
9a812610ad55a17b7eb6e0cb5a1815dc0b7819581ee6e7558618620bdc133800,2021-10,Dyfed-Powys Police,Dyfed-Powys Police,-4.048721,51.799062,On or near BRYNDEDWYDDFA,W01000713,Carmarthenshire 015E,Investigation complete; no suspect identified
468f8a2afd9ba8f2485c7f21283264b9ae9b71abe4ed7a9cfa8a3ed4d915c4c9,2021-10,Dyfed-Powys Police,Dyfed-Powys Police,-4.993163,52.006754,On or near NEW HILL,W01000567,Pembrokeshire 002D,Local resolution
0aeb6cf6266d4c1cc669c5340a5dd9ce180899206507a0bc86052f4e2099cdd5,2021-10,Dyfed-Powys Police,Dyfed-Powys Police,-4.324284,51.844006,On or near HEOL MORFA BRENIN,W01000642,Carmarthenshire 008B,Investigation complete; no suspect identified
639ae8e1bedbf39bfd3d9136b1df2c13a90023d4dcc14732fbaa390f8abd75c0,2021-10,Dyfed-Powys Police,Dyfed-Powys Police,-4.089704,51.797423,On or near CARMARTHEN ROAD,W01000697,Carmarthenshire 015A,Investigation complete; no suspect identified
43b70aae102034b9fb2d09fa7cdf314b94ba534da3fe4109e4699d49f6727cfa,2021-10,Dyfed-Powys Police,Dyfed-Powys Police,-4.156330,51.671178,On or near STAFFORD STREET,W01000659,Carmarthenshire 026A,Investigation complete; no suspect identified
9ef06d982a5c10bbe8bab0ee8e3fd2b8c686ed97b8d1e6654338d96d4b4ae9c1,2021-10,Dyfed-Powys Police,Dyfed-Powys Police,-4.829484,52.014193,On or near FEIDR EGLWYS,W01000597,Pembrokeshire 002E,Unable to prosecute suspect
b12691c39914cb93fd36c1cbf7a261dcfc827119617db107ab29039e4248b775,2021-10,Dyfed-Powys Police,Dyfed-Powys Police,-4.196135,52.039428,On or near BRYNDULAIS,W01000686,Carmarthenshire 001B,Investigation complete; no suspect identified
7008d059d48f47d12f1fcc1984b9175541733e828b3b265bdfedf5ddf09d0092,2021-10,Dyfed-Powys Police,Dyfed-Powys Police,-4.908951,51.666503,On or near SOUTHDOWN CLOSE,W01000609,Pembrokeshire 014D,Investigation complete; no suspect identified
df71e67e40cce7d605973e5b3a71d0892899f3bfc413457008dd10a2c35299f0,2021-10,Dyfed-Powys Police,Dyfed-Powys Police,-4.996575,51.755875,On or near ST PETER'S ROAD,W01000575,Pembrokeshire 008C,Investigation complete; no suspect identified
8cac95eca0956362daba6212b72fbddd50f29f2c0e51f398030388f99080b01d,2021-10,Dyfed-Powys Police,Dyfed-Powys Police,-3.399379,52.150150,On or near CASTLE STREET,W01000431,Powys 014A,Unable to prosecute suspect
13dca1947e1ced1818e7112752d1cdeda1348e519605200a1a2e39e3cbdec0fe,2021-10,Dyfed-Powys Police,Dyfed-Powys Police,-4.026921,52.442423,On or near TREGERDDAN,W01000548,Ceredigion 001D,Unable to prosecute suspect
0f8a2eead85537171ecd393a66d10f20ed1df7a30b66c47c64c09d9dfae528e7,2021-10,Dyfed-Powys Police,Dyfed-Powys Police,-4.203922,51.688333,On or near PENLLECH,W01001925,Carmarthenshire 023F,Unable to prosecute suspect
5c189070c3395367917ddd4869f7c3bab3a82b7fadff69e1bea083c3c38336ec,2021-10,Dyfed-Powys Police,Dyfed-Powys Police,-4.273373,51.907159,On or near Petrol Station,W01000624,Carmarthenshire 005A,Investigation complete; no suspect identified
8c9e7685a4814c3383662c17c4200ab1ad23e559f9040051bdb0ac6d30abcdc5,2021-10,Dyfed-Powys Police,Dyfed-Powys Police,-4.163825,51.675482,On or near NEVILL STREET,W01000732,Carmarthenshire 026D,Investigation complete; no suspect identified
2a56ef47a2a119de5b74c14f6f8b9a5644003e139ccb9b5feb8acb19e2a439d4,2021-10,Dyfed-Powys Police,Dyfed-Powys Police,-4.293285,51.866512,On or near PENYBANC,W01000638,Carmarthenshire 007B,Investigation complete; no suspect identified
20564b1a701d7c3c745493ec05f3f08e55290849a248a5d1bca65933d76eeffa,2021-10,Dyfed-Powys Police,Dyfed-Powys Police,-4.967878,51.799999,On or near Sports/Recreation Area,W01000568,Pembrokeshire 005A,Investigation complete; no suspect identified
1b678895d664fcf64183467182853ae418e582e2df1f61191be16f87aad02fdb,2021-10,Dyfed-Powys Police,Dyfed-Powys Police,-3.904757,51.801366,On or near HEOL CWMAMAN,W01000656,Carmarthenshire 010A,Investigation complete; no suspect identified
61ff00f7745ada62b09507ae73c482250fd90423cc519bbc3e40aa8f20a5f2f5,2021-10,Dyfed-Powys Police,Dyfed-Powys Police,-5.043821,51.713252,On or near ST ANNE'S ROAD,W01000589,Pembrokeshire 012A,Investigation complete; no suspect identified
352f8df254f59f3a0c999301d8cd9d7a551d3561f39dcce2de91567a281c1a57,2021-10,Dyfed-Powys Police,Dyfed-Powys Police,-4.304718,51.857170,On or near KING STREET,W01000641,Carmarthenshire 008A,Investigation complete; no suspect identified
ba8decd5fd9238f23e4dfccd288ba2b2ad5e6978c15484954e1517ab4c1b9f5f,2021-10,Dyfed-Powys Police,Dyfed-Powys Police,-4.614976,51.818870,On or near KING EDWARD STREET,W01000735,Carmarthenshire 027D,Investigation complete; no suspect identified
d8782b397dde869f92dddfb86fac8530affade7774269771217a4cc5f4568daa,2021-10,Dyfed-Powys Police,Dyfed-Powys Police,-3.401607,51.945797,On or near TRENEWYDD,W01000489,Powys 017A,Investigation complete; no suspect identified
fca2e4a5955a2c697c373f773c9a0e2011b21dcb1b928c7c3ac951250810cfd4,2021-10,Dyfed-Powys Police,Dyfed-Powys Police,-4.243190,51.684838,On or near NEW STREET,W01000633,Carmarthenshire 021B,Investigation complete; no suspect identified
bce8a925d5087b4b099426d80dbee1d5511dd6ae99ca5f5a62cdb3d2fc513d21,2021-10,Dyfed-Powys Police,Dyfed-Powys Police,-4.929767,51.675285,On or near ST MARTIN'S ROAD,W01000606,Pembrokeshire 015B,Suspect charged
523947e098eae291eaca65a2c788d175cf65b6a7e5e03237b269ca3424a22b66,2021-10,Dyfed-Powys Police,Dyfed-Powys Police,-4.721718,51.729480,On or near A477,W01000576,Pembrokeshire 011D,Investigation complete; no suspect identified
39824a6db737b32368923e491eef407e493aeeb6ec80dc161157a7dbf3c4e4b5,2021-10,Dyfed-Powys Police,Dyfed-Powys Police,-4.074883,52.399097,On or near CAE JOB,W01000515,Ceredigion 003A,Offender given a caution
04078e90d57a45c5e5225e9e32dc467bf6aa743a1edba0969ea4aaeddf978a71,2021-10,Dyfed-Powys Police,Dyfed-Powys Police,-3.968970,51.790803,On or near FFORDD Y GLOWYR,W01000627,Carmarthenshire 013C,Investigation complete; no suspect identified
dc225f47c31735026beb4c186f12be2b644f9de6bff4d059909fd2eba124c5bd,2021-10,Dyfed-Powys Police,Dyfed-Powys Police,-3.314550,52.515442,On or near SEVERN STREET,W01000480,Powys 008A,Unable to prosecute suspect
a2576be5379ad462af50be1a5f5d77ee9d29036361195b952227d31d4b771e6e,2021-10,Dyfed-Powys Police,Dyfed-Powys Police,-4.137029,51.677457,On or near Supermarket,W01000628,Carmarthenshire 024A,Investigation complete; no suspect identified
d221ca78076096850563cbd8f39d9436987510b4a38667a970bd16bc521df4d5,2021-10,Dyfed-Powys Police,Dyfed-Powys Police,-3.311619,52.514000,On or near Parking Area,W01000480,Powys 008A,Investigation complete; no suspect identified
942f40e63d31068722cff99c8780b5627da20396f42bab9659ea455deb23a761,2021-10,Dyfed-Powys Police,Dyfed-Powys Police,-4.914853,51.672140,On or near VETCH CLOSE,W01000608,Pembrokeshire 015D,Unable to prosecute suspect
cbc2617b4b12fb1459c7355c3c3d93a86b66a4df72af9129c46afcb3d991c6b0,2021-10,Dyfed-Powys Police,Dyfed-Powys Police,-4.309012,51.855926,On or near GREYFRIARS,W01000641,Carmarthenshire 008A,Investigation complete; no suspect identified
8b68c2d31d28f901c524c18bff9503267cae418e00d43d04dc3731ee4b97d036,2021-10,Dyfed-Powys Police,Dyfed-Powys Police,-3.344231,51.937259,On or near A40,W01001897,Powys 020D,Investigation complete; no suspect identified
96320f500f73e373f3581d7a1acec6b0ee4f2e3bc9788f468b7c9e3bdcd9cf65,2021-10,Dyfed-Powys Police,Dyfed-Powys Police,-3.991323,51.792945,On or near Sports/Recreation Area,W01000626,Carmarthenshire 013B,Investigation complete; no suspect identified
5217d636efb54379343be1f38d101f6188ec638d1ac0fb20c426097b784116a6,2021-10,Dyfed-Powys Police,Dyfed-Powys Police,-3.339361,52.507000,On or near HEOL-Y-COLEG,W01000478,Powys 009A,Investigation complete; no suspect identified
4603f38df98dfc68245cf9d719e2c1248a45d35daac2f992a23911b08906a848,2021-10,Dyfed-Powys Police,Dyfed-Powys Police,-4.157317,51.681285,On or near Parking Area,W01000629,Carmarthenshire 024B,Investigation complete; no suspect identified
eaa46b1e68a9d28275e3267a2c18d0f6deeb3cb813ecca449ba0b115c1427f26,2021-10,Dyfed-Powys Police,Dyfed-Powys Police,-4.146452,51.698696,On or near ADULAM ROW,W01000655,Carmarthenshire 020C,Investigation complete; no suspect identified
c7b9445dc5f843474a9ba53b228ed5bd3712b75f4d289a685e2a76e31325bce5,2021-10,Dyfed-Powys Police,Dyfed-Powys Police,-4.604663,52.064968,On or near Petrol Station,W01000546,Ceredigion 009F,Unable to prosecute suspect
3a8e58a4a7b5aa8d97afd8b5d3932c82eb06f0ee61d1ee72bce638dbc4ec9f3a,2021-10,Dyfed-Powys Police,Dyfed-Powys Police,-3.778749,51.771527,On or near A4068,W01001899,Powys 021F,Investigation complete; no suspect identified
8f9f004203f9e77205fa174e74d7dda075fcb98d92c299fcf087c2b896bb2542,2021-10,Dyfed-Powys Police,Dyfed-Powys Police,-4.930103,51.674440,On or near MONTGOMERY CLOSE,W01000606,Pembrokeshire 015B,Investigation complete; no suspect identified
cbd9c408745483b94176f95867873f3ca3a5d33adc8e67d2202e9218bf9f62e5,2021-10,Dyfed-Powys Police,Dyfed-Powys Police,-4.644610,51.780012,On or near ASH LANE,W01000577,Pembrokeshire 007A,Investigation complete; no suspect identified
59e84e77d90b5b095c3bbe73b11ed99e6aa444c3bb2ff2c39c4f3633d02b26fc,2021-10,Dyfed-Powys Police,Dyfed-Powys Police,-3.406668,52.824236,On or near CHURCH STREET,W01001906,Powys 001F,Unable to prosecute suspect
2cc168433b7351e260bcdf95db9e0d08c4c3948fa7a84d55fa77b4645fd2bb16,2021-10,Dyfed-Powys Police,Dyfed-Powys Police,-3.778749,51.771527,On or near A4068,W01001899,Powys 021F,Unable to prosecute suspect
685a577d4eca6a616acff588804488a51dcf50a98169b192bb406d662b9178dc,2021-10,Dyfed-Powys Police,Dyfed-Powys Police,-4.914853,51.672140,On or near VETCH CLOSE,W01000608,Pembrokeshire 015D,Unable to prosecute suspect
5b6b95aad45eea14e387cf4e40e8013acc0fa4912272c438c330736b942c9086,2021-10,Dyfed-Powys Police,Dyfed-Powys Police,-4.313793,51.855148,On or near MORFA LANE,W01000641,Carmarthenshire 008A,Local resolution
5c5bdb1ce48c76054936b1ef5f420db67fa6743eb306d43b532d405e6d8c2f6d,2021-10,Dyfed-Powys Police,Dyfed-Powys Police,-4.934787,51.694065,On or near Supermarket,W01000601,Pembrokeshire 013B,Unable to prosecute suspect
f7bd18c9e74c9bc40c4c28f74ff45e7ebab35c00df3c13149998c5001b078b48,2021-10,Dyfed-Powys Police,Dyfed-Powys Police,-4.014954,51.785995,On or near LON-Y-GRUGLAS,W01000725,Carmarthenshire 011D,Unable to prosecute suspect
45f2e85a9d6880335a712118939c1857270326b1c5367d95ec8ab6f958953741,2021-10,Dyfed-Powys Police,Dyfed-Powys Police,-3.403579,52.133116,On or near BRECON ROAD,W01000450,Powys 014C,Investigation complete; no suspect identified
e90b85f34e677c04b27080d867ef93f94a4a643a1f47d7effa17e46373379e87,2021-10,Dyfed-Powys Police,Dyfed-Powys Police,-4.335973,51.847947,On or near ANTHONY WAY,W01000642,Carmarthenshire 008B,Local resolution
7e3a320947a13d8f05e0c64601f5c2951478d7eb525c5428750d5c6043902441,2021-10,Dyfed-Powys Police,Dyfed-Powys Police,-4.948739,51.708537,On or near Parking Area,W01000598,Pembrokeshire 009C,Investigation complete; no suspect identified
be3fa26641c0d6614dd65340b025861261d2492fcc24f28a399bf05d1a3893c2,2021-10,Dyfed-Powys Police,Dyfed-Powys Police,-3.005296,52.273448,On or near HARPER'S LANE,W01000486,Powys 011G,Unable to prosecute suspect
91163dc4124d3aaefbe1534d08a56676b957dd5674996f240f113983103eef4e,2021-10,Dyfed-Powys Police,Dyfed-Powys Police,-3.762845,51.776281,On or near LLYS TAWEL,W01000502,Powys 021C,Local resolution
5251e80579ffc032ef71219db863ac072f2904ebf2b68e1721df0aa0d992985b,2021-10,Dyfed-Powys Police,Dyfed-Powys Police,-3.395207,52.157411,On or near Parking Area,W01000459,Powys 014D,Investigation complete; no suspect identified
b2f16bf1cc28b8cbe58b524403531ed087f9adf200eebd785b36fcd03e15ecdd,2021-10,Dyfed-Powys Police,Dyfed-Powys Police,-4.079567,52.114991,On or near BRYN YR EGLWYS,W01000527,Ceredigion 008A,Investigation complete; no suspect identified
ba9ca00d7032c0e23841bb118102998ed4b0194da291d47108c443ac6b310390,2021-10,Dyfed-Powys Police,Dyfed-Powys Police,-4.144680,51.685698,On or near BRYNAMLWG,W01000705,Carmarthenshire 022C,Investigation complete; no suspect identified
a3bc3d151440e411a2a7382b59082f50840b6bd0bec5833d1fca86069df08c48,2021-10,Dyfed-Powys Police,Dyfed-Powys Police,-4.644580,51.909974,On or near FEIDIR FAIR,W01000674,Carmarthenshire 027A,Unable to prosecute suspect
5cacbbfdd44ec49fe28b5528cfed9e1d8bb98d2f15f1f61293a6bf0fcfe1080c,2021-10,Dyfed-Powys Police,Dyfed-Powys Police,-3.454540,51.928745,On or near Parking Area,W01001897,Powys 020D,Investigation complete; no suspect identified
5386df5f1988c29476edeb0f7558f495c2ecc106e9ba377896bcb8b0a3b66175,2021-10,Dyfed-Powys Police,Dyfed-Powys Police,-4.237640,51.719854,On or near GARDEN SUBURB,W01000729,Carmarthenshire 018C,Unable to prosecute suspect
104300faae97496a209d51bce1946d5919701555636e0ebd900cbbb2251ef428,2021-10,Dyfed-Powys Police,Dyfed-Powys Police,-5.036239,51.724124,On or near CROMWELL ROAD,W01000593,Pembrokeshire 010C,Investigation complete; no suspect identified
2b1882f75aaccb1313abaed784fe5a9e02b5a6f52e199533a010993a2952d644,2021-10,Dyfed-Powys Police,Dyfed-Powys Police,-4.323811,51.846084,On or near PLAS PENWERN,W01000642,Carmarthenshire 008B,Investigation complete; no suspect identified
a2c63a12fde58b77324f6ba7aa3b2aa3d887dbb8e4b205c8d8a280bd6cefdfa6,2021-10,Dyfed-Powys Police,Dyfed-Powys Police,-4.963278,51.808147,On or near BACK LANE,W01000572,Pembrokeshire 005D,Investigation complete; no suspect identified
35b302d3358fdfbcd95aa20489652d9610aa1558c65a9b646a5c3216da239f40,2021-10,Dyfed-Powys Police,Dyfed-Powys Police,-3.147979,52.659986,On or near BROAD STREET,W01000498,Powys 003A,Investigation complete; no suspect identified
0b97545f68fef83bdff6fc2d6b18d38e17952f9a9e3c50b8eb5be3c04931c795,2021-10,Dyfed-Powys Police,Dyfed-Powys Police,-3.774380,51.774327,On or near SPENCER TERRACE,W01001899,Powys 021F,Local resolution
412fd7e2c80308e409f3aac21508bb74dc142e51da6a57a9ab4a415a01e81de9,2021-10,Dyfed-Powys Police,Dyfed-Powys Police,-4.463265,51.775789,On or near GLEN ROAD,W01000673,Carmarthenshire 027F,Investigation complete; no suspect identified
1618d68fad9f7c2bafbcf7a6c82861e15dbdc4300aa12621c1c2a336b28fb902,2021-10,Dyfed-Powys Police,Dyfed-Powys Police,-3.136084,52.071883,On or near WARREN CLOSE,W01000446,Powys 015D,Investigation complete; no suspect identified
54de25be3683cf6d04a29eab61aca0f540a6a5f5c05a65a9df97d7a47274f9c5,2021-10,Dyfed-Powys Police,Dyfed-Powys Police,-4.699857,51.671293,On or near ST GEORGE'S STREET,W01000620,Pembrokeshire 016C,Investigation complete; no suspect identified
0f693c1c3128db3de95986d9d27830d0c33b30323c15d5751fd798024447180f,2021-10,Dyfed-Powys Police,Dyfed-Powys Police,-4.784926,51.754511,On or near Park/Open Space,W01000576,Pembrokeshire 011D,Offender given a caution
e20111aa113368f1f6a3c42503f69a610c97e56135b697de5188beb5a209b9ba,2021-10,Dyfed-Powys Police,Dyfed-Powys Police,-4.794220,51.657644,On or near STATION ROAD,W01000584,Pembrokeshire 014C,Investigation complete; no suspect identified
723b5e62aaac4eba00ed81e0592d839abb03d84abdfeb620ad00cdd2cac609eb,2021-10,Dyfed-Powys Police,Dyfed-Powys Police,-3.751013,51.782923,On or near AEL-Y-BRYN,W01000504,Powys 021D,Local resolution
643b5694ad238a41e7e8f0334cd6e604ed750194848d35349dbcccb7bf8af895,2021-10,Dyfed-Powys Police,Dyfed-Powys Police,-4.163549,51.678788,On or near WATERLOO STREET,W01000732,Carmarthenshire 026D,Suspect charged
643b5694ad238a41e7e8f0334cd6e604ed750194848d35349dbcccb7bf8af895,2021-10,Dyfed-Powys Police,Dyfed-Powys Police,-4.163549,51.678788,On or near WATERLOO STREET,W01000732,Carmarthenshire 026D,Suspect charged
e6dae25138cb4a7e095226d4296478ddd3d667bd2df7d6c9b3bc3817eff6aa98,2021-10,Dyfed-Powys Police,Dyfed-Powys Police,-4.911723,51.678810,On or near SHOULDER OF MUTTON,W01000607,Pembrokeshire 015C,Investigation complete; no suspect identified
551d72e2e5506f978e9f521104bc4bfd6dde1c02481e5ea9f6b7ded1ee66db44,2021-10,Dyfed-Powys Police,Dyfed-Powys Police,-3.984752,51.785322,On or near CAEMAWR,W01000627,Carmarthenshire 013C,Unable to prosecute suspect
74411d3aaaf52578154260d0b0ddb01e1fd292d4b931bee6d69d262f12530f29,2021-10,Dyfed-Powys Police,Dyfed-Powys Police,-5.062829,51.833880,On or near CUFFERN VIEW,W01000556,Pembrokeshire 008B,Investigation complete; no suspect identified
67b6989c6f1afee4948eca524e58d03d20be8ec88ce9611274849339ec4913ac,2021-10,Dyfed-Powys Police,Dyfed-Powys Police,-3.134230,51.859124,On or near STANDARD STREET,W01001903,Powys 018F,Investigation complete; no suspect identified
eaae705409fd01541fefb0e067850021c375a67a928ae21b8bfc5e7f9c62f659,2021-10,Dyfed-Powys Police,Dyfed-Powys Police,-4.165359,51.680966,On or near Police Station,W01000654,Carmarthenshire 023B,Formal action is not in the public interest
27498631d3d235b11093a959d21706e06eb4b2ce8c3b24ea68b3e6b89d6e82f1,2021-10,Dyfed-Powys Police,Dyfed-Powys Police,-4.183364,52.276589,On or near Parking Area,W01000540,Ceredigion 005E,Investigation complete; no suspect identified
e613e7fdc89405cba3a4da0db041250e875c98274e90e1896e257bf007ae1fb8,2021-10,Dyfed-Powys Police,Dyfed-Powys Police,-4.084715,51.795210,On or near CLOS Y WAUN,W01000697,Carmarthenshire 015A,Investigation complete; no suspect identified
3cccbb96f4ac2a0030cd4c93ebe8a513c87fbc6965c19c3beb2c5acb1dbb46c1,2021-10,Dyfed-Powys Police,Dyfed-Powys Police,-3.816440,51.796596,On or near NEW ROAD,W01000919,Neath Port Talbot 020A,Unable to prosecute suspect
89586a785e87890975c9dd1898e77ccaec182919b823d6704b994975030414f7,2021-10,Dyfed-Powys Police,Dyfed-Powys Police,-4.081864,51.794073,On or near MEADOWS ROAD,W01000697,Carmarthenshire 015A,Local resolution
df121c8be703cd3d57f0447bd9430504d331544c1f4367644865239295d4da30,2021-10,Dyfed-Powys Police,Dyfed-Powys Police,-3.089123,52.781943,On or near NORTH ROAD,W01000458,Powys 002C,Investigation complete; no suspect identified
c3942cd73d3152be7d1aa9f6a55b63a70bbeac47d2101b4acc6eb4fdff92ca0a,2021-10,Dyfed-Powys Police,Dyfed-Powys Police,-3.168097,52.080345,On or near Park/Open Space,W01000443,Powys 015B,Investigation complete; no suspect identified
9649a7c16b256cd8fe1fa0ec7525df97faae755d0dccdee6b5116a91c9fdf992,2021-10,Dyfed-Powys Police,Dyfed-Powys Police,-3.957475,52.338555,On or near Parking Area,W01000552,Ceredigion 011D,Suspect charged
98096d2543ee2e7e3ae24dd2235db0dfc379df985e9071da5a1a650727ae8fe8,2021-10,Dyfed-Powys Police,Dyfed-Powys Police,-3.377666,52.242591,On or near A483,W01000454,Powys 013A,Unable to prosecute suspect
cec64be73cbd55f6ebb32187f095a181968fda9114af594973acb8e96d1ca50d,2021-10,Dyfed-Powys Police,Dyfed-Powys Police,-4.411406,51.787953,On or near GER Y MARBELL,W01000700,Carmarthenshire 027G,Unable to prosecute suspect
cf12701793ff90ae0aaecdb387357fb9f83a9b5517aec30fd063d3a68f5dfbcc,2021-10,Dyfed-Powys Police,Dyfed-Powys Police,-3.334757,52.504814,On or near LON PANTYLLYN,W01000483,Powys 009C,Investigation complete; no suspect identified
15c8884dd8cffd626fc5429352e896ee8e7e8af5dd63297a8802df60b6099a05,2021-10,Dyfed-Powys Police,Dyfed-Powys Police,-4.698158,51.737794,On or near SPRINGBURN CLOSE,W01000553,Pembrokeshire 011A,Local resolution
6d69689926d3797d4190cd7059992afdc6404a020433e7f9fd02992f4d386f88,2021-10,Dyfed-Powys Police,Dyfed-Powys Police,-3.109013,52.669050,On or near FISHER ROAD,W01000497,Powys 005D,Suspect charged
ed7ffdface8f79e43b892751418272bf2eb52c6a9ce582af7b2ff0fc73017ce3,2021-10,Dyfed-Powys Police,Dyfed-Powys Police,-4.024482,51.772757,On or near TEGLAN PARK,W01000731,Carmarthenshire 017C,Unable to prosecute suspect
487446096970a6aa6a0e7ca1fb48a8960a537dbcfff623edda0201c776104494,2021-10,Dyfed-Powys Police,Dyfed-Powys Police,-4.086475,52.414853,On or near PIER STREET,W01000513,Ceredigion 002B,Investigation complete; no suspect identified
a6dbe3269605310e5473497931c6ef9550cec986ec3e1cf4e41bc76b77b6f82e,2021-10,Dyfed-Powys Police,Dyfed-Powys Police,-3.126439,52.074151,On or near CASTLE STREET,W01000446,Powys 015D,Investigation complete; no suspect identified
fa3aa99b51a39616eb051efec48b2e6282c23729c24c131673577df84f80f1ed,2021-10,Dyfed-Powys Police,Dyfed-Powys Police,-4.085927,52.414143,On or near Y STRYD FAWR,W01000517,Ceredigion 002D,Investigation complete; no suspect identified
3e0f1a6fe7cc4d756d46cb2bf17d3196f4e5f202e4dbf0ac54b919e1d6f8c617,2021-10,Dyfed-Powys Police,Dyfed-Powys Police,-3.314550,52.515442,On or near SEVERN STREET,W01000480,Powys 008A,Investigation complete; no suspect identified
2a4ada91c9eec49fa308e4b36afc3032e1206240c7804aa84b91d2639bf3f79f,2021-10,Dyfed-Powys Police,Dyfed-Powys Police,-4.137029,51.677457,On or near Supermarket,W01000628,Carmarthenshire 024A,Investigation complete; no suspect identified
10f2c88994194ce1c482ff86783471bc7396c3a234d99c78be82f0a6971ff9b9,2021-10,Dyfed-Powys Police,Dyfed-Powys Police,-3.864368,51.813767,On or near ARDWYN ROAD,W01000718,Carmarthenshire 010D,Investigation complete; no suspect identified
ac1b3f1fdde4ff5e09505140756166fe82195e9d9b33e333d3e4ebcc4e80f213,2021-10,Dyfed-Powys Police,Dyfed-Powys Police,-4.193871,51.688126,On or near STRADEY HILL,W01001925,Carmarthenshire 023F,Investigation complete; no suspect identified
4735e4e47f6c4563109b20b6b324e0b750586679237a1893ad0d73cdc4119c08,2021-10,Dyfed-Powys Police,Dyfed-Powys Police,-4.312401,51.855760,On or near Sports/Recreation Area,W01000641,Carmarthenshire 008A,Investigation complete; no suspect identified
f37fe1e47dd2fdef150d276c5772036a5461b3ccbf06763d8e30692e97f744ef,2021-10,Dyfed-Powys Police,Dyfed-Powys Police,-3.377310,52.240096,On or near Conference/Exhibition Centre,W01000454,Powys 013A,Investigation complete; no suspect identified
d236fb16bef69abe97709d2e48b7dad5ed301ef8f9ed2b4bf260717348a0e8d2,2021-10,Dyfed-Powys Police,Dyfed-Powys Police,-3.147979,52.659986,On or near BROAD STREET,W01000498,Powys 003A,Unable to prosecute suspect
2c4c8e5eefdb17c35e0f675e7d0390bcc1043229279acd603c9ffde5ca0e2459,2021-10,Dyfed-Powys Police,Dyfed-Powys Police,-4.147305,51.693474,On or near MAESTREF,W01000704,Carmarthenshire 022B,Investigation complete; no suspect identified
22025200f6c2ac1b6cf92f5ef0426c17eb359b6bee46fc5c0e08363b98ff275d,2021-10,Dyfed-Powys Police,Dyfed-Powys Police,-3.454540,51.928745,On or near Parking Area,W01001897,Powys 020D,Investigation complete; no suspect identified
6af61468ff9c1afc17db2ebbd67e8de78926260c303cfc9568d00b63ee793baf,2021-10,Dyfed-Powys Police,Dyfed-Powys Police,-4.062195,51.810507,On or near HEOL Y GAT,W01000684,Carmarthenshire 005D,Investigation complete; no suspect identified
cb01cfd85e99ca899e23ae7af2a4b5fdb57d90a643b1f7c53e004b322a4ff20e,2021-10,Dyfed-Powys Police,Dyfed-Powys Police,-3.249832,52.495942,On or near Sports/Recreation Area,W01000447,Powys 007C,Investigation complete; no suspect identified
4aaa716c7df2d1ce873d3bc9e8477f4f6ee6a275700816b44c17493c08c0dbd4,2021-10,Dyfed-Powys Police,Dyfed-Powys Police,-3.993292,51.795177,On or near TALBOT ROAD,W01000626,Carmarthenshire 013B,Suspect charged
9909293526f187163735fef83fb330b9000c9d003547106b0a26df8f3243b1a2,2021-10,Dyfed-Powys Police,Dyfed-Powys Police,-3.044185,52.342905,On or near Sports/Recreation Area,W01000449,Powys 011C,Investigation complete; no suspect identified
32084f63db4b07e2486d40f83b31627b78d39550bae3db746259692f662c1985,2021-10,Dyfed-Powys Police,Dyfed-Powys Police,-3.102734,52.729729,On or near B4392,W01000457,Powys 002B,Investigation complete; no suspect identified
f6276149ec6cda0ed1db4016038b9d58cb7ffeec7de0504c755635be427a9cd6,2021-10,Dyfed-Powys Police,Dyfed-Powys Police,-4.149803,51.675362,On or near MARTIN ROAD,W01000631,Carmarthenshire 024D,Unable to prosecute suspect
62b2202b71009fb7c3da66b10c0234a78244d2a6ae14913f2576ef04d52f4088,2021-10,Dyfed-Powys Police,Dyfed-Powys Police,-4.163588,51.682051,On or near CHURCH STREET,W01000654,Carmarthenshire 023B,Investigation complete; no suspect identified
21dc885ddbe5034e253c7b5b5457a983404a0f92e79fe0f88b8759507b3d14c0,2021-10,Dyfed-Powys Police,Dyfed-Powys Police,-3.143292,52.665632,On or near BORFA GREEN,W01000501,Powys 003D,Investigation complete; no suspect identified
c3eb12ff9a4464e01aa1f599435634a575ff52ae0db73cf9161fb084c48f5a23,2021-10,Dyfed-Powys Police,Dyfed-Powys Police,-5.260551,51.884145,On or near HEOL DEWI,W01000612,Pembrokeshire 003C,Investigation complete; no suspect identified
32f929ef3cb2402f6c8fbff912566bfa415f16cdef5f56ea34b6980b017eec4a,2021-10,Dyfed-Powys Police,Dyfed-Powys Police,-4.371114,52.108766,On or near Parking Area,W01000551,Ceredigion 010E,Investigation complete; no suspect identified
4d53b7a5e06fd3632b96db5e02118c91f17352c64fc48cc0abc0b7028bd6774c,2021-10,Dyfed-Powys Police,Dyfed-Powys Police,-3.379670,52.237326,On or near MONTPELLIER PARK,W01000456,Powys 013C,Formal action is not in the public interest
4b6eb0dd495f3be049e17f1c1bb82029888b31134b1b5f8d847b35b1208ae3f9,2021-10,Dyfed-Powys Police,Dyfed-Powys Police,-4.240904,51.683380,On or near WOODBROOK TERRACE,W01000633,Carmarthenshire 021B,Unable to prosecute suspect
658dfbee6a2b815f83e43d7298c9daac26bb55e351afca07b4d898776e88dbc3,2021-10,Dyfed-Powys Police,Dyfed-Powys Police,-4.079714,51.699403,On or near LLYS CENNECH,W01000692,Carmarthenshire 019C,Investigation complete; no suspect identified
d23891e57f29c8d3053e8539ac670024d2bf22c5259eb40e648283a710f7721e,2021-10,Dyfed-Powys Police,Dyfed-Powys Police,-3.131170,51.856402,On or near LLANGENNY LANE,W01001903,Powys 018F,Investigation complete; no suspect identified
8e1a594a905d7f0aa61219d7704b2421c276d450f3ddc9ac28fa32dc28346ea5,2021-10,Dyfed-Powys Police,Dyfed-Powys Police,-4.084715,51.795210,On or near CLOS Y WAUN,W01000697,Carmarthenshire 015A,Investigation complete; no suspect identified
5fc5e039b340fcc36fef4d6be3bfe48ecea652e46d67029a389f2f7f0d7f8445,2021-10,Dyfed-Powys Police,Dyfed-Powys Police,-3.109013,52.669050,On or near FISHER ROAD,W01000497,Powys 005D,Suspect charged
d4a668fc1ed6e7fbaa0c746f81aa405350027e67f25b4e59e85a188e09009575,2021-10,Dyfed-Powys Police,Dyfed-Powys Police,-4.978689,51.996401,On or near Police Station,W01000565,Pembrokeshire 002B,Investigation complete; no suspect identified
06c858cb0ab7b89f108e009eb764879edbd7453b1fd2a634db88369622e2ca45,2021-10,Dyfed-Powys Police,Dyfed-Powys Police,-4.715365,51.734384,On or near PARK AVENUE,W01000576,Pembrokeshire 011D,Investigation complete; no suspect identified
ac06d2bc065c11dd250e35589cfbbcd4b99f010c9a6a3f2d933cc403fd95b18f,2021-10,Dyfed-Powys Police,Dyfed-Powys Police,-4.255479,52.244363,On or near Petrol Station,W01000506,Ceredigion 005A,Investigation complete; no suspect identified
c931e3fc6f87d02c0e9867762afe8af06b0672b29279303f36be2dee33b47772,2021-10,Dyfed-Powys Police,Dyfed-Powys Police,-3.965996,51.820447,On or near Park/Open Space,W01000680,Carmarthenshire 011A,Investigation complete; no suspect identified
ef301f3cca620e8bed94e1f51b77bca4da7bb93ede98ff7cce67186a981cd0a1,2021-10,Dyfed-Powys Police,Dyfed-Powys Police,-2.999228,51.873593,On or near PENYCLAWDD LANE,W01001548,Monmouthshire 001B,Investigation complete; no suspect identified
4a4a727d2f2fae2f73c1a17792e2ad9a05fb2a962d1f09e211f6e6b33ba2dd82,2021-10,Dyfed-Powys Police,Dyfed-Powys Police,-4.372955,51.787773,On or near B4312,W01000700,Carmarthenshire 027G,Investigation complete; no suspect identified
f6790b47ebd996907cc3cd29767dd05c2f4a43ff798e87e066be4b03bf484207,2021-10,Dyfed-Powys Police,Dyfed-Powys Police,-4.939139,51.695125,On or near Police Station,W01000602,Pembrokeshire 013C,Suspect charged
762a323460ebbe01067e1a7b55578b9d4c78015c198cde50fa7ed75ae7f334b9,2021-10,Dyfed-Powys Police,Dyfed-Powys Police,-3.400723,52.149649,On or near BROAD STREET,W01000431,Powys 014A,Suspect charged
a0019e5eb2949a595a30edddc6a31034e0f2880a4894fa0fcd7310af56d86990,2021-10,Dyfed-Powys Police,Dyfed-Powys Police,-4.150188,51.684402,On or near FRANSHAM STREET,W01000629,Carmarthenshire 024B,Investigation complete; no suspect identified
4394ac5b820e25d660e3ee5cb3fbb89fa56bdd47b476f99bb5c2ce390ed5588f,2021-10,Dyfed-Powys Police,Dyfed-Powys Police,-4.968793,51.805525,On or near Petrol Station,W01000572,Pembrokeshire 005D,Investigation complete; no suspect identified
ac94363552480952ec1b3dda7e551a5a47c86849cf53ee2ce8cfa00fc5349118,2021-10,Dyfed-Powys Police,Dyfed-Powys Police,-4.926101,51.695370,On or near EASTERN AVENUE,W01000601,Pembrokeshire 013B,Investigation complete; no suspect identified
d0982537d8c63c7e0c8ef32564fce26bdcc35b30dc5ad8b2b062a3826e47559e,2021-10,Dyfed-Powys Police,Dyfed-Powys Police,-3.339837,52.509099,On or near LON GLANYRAFON,W01000478,Powys 009A,Investigation complete; no suspect identified
177e32e19a19146a2a07ae07be0cc1dc0898f370f939f886bb0e641b1fcf60f9,2021-10,Dyfed-Powys Police,Dyfed-Powys Police,-4.151398,52.071583,On or near BRO EINON,W01000702,Carmarthenshire 001D,Investigation complete; no suspect identified
d0b728a0d3f4d85c8f60826e8aeca9658eb323976d0f3f1546b4ebd2658acbe9,2021-10,Dyfed-Powys Police,Dyfed-Powys Police,-4.077959,51.793989,On or near HEOL STANLLYD,W01000697,Carmarthenshire 015A,Action to be taken by another organisation
68dc6715a5a6078033c1bc78e959b813adc3b41549a042e0483b82059b9400b0,2021-10,Dyfed-Powys Police,Dyfed-Powys Police,-2.998098,52.733110,On or near BRYN MAWR,W01000457,Powys 002B,Further investigation is not in the public interest
594fa14fb9b83a994e8f3a172fa521b08d2a8ab54eb854045728f6cb9635e938,2021-10,Dyfed-Powys Police,Dyfed-Powys Police,-4.156202,51.678527,On or near PRENDERGAST STREET,W01000733,Carmarthenshire 026E,Investigation complete; no suspect identified
01d690282a348a3f5c6c14eaa1c0bd6229921d54d9991cf5ce2d6a0cbf7d6a22,2021-10,Dyfed-Powys Police,Dyfed-Powys Police,-3.339837,52.509099,On or near LON GLANYRAFON,W01000478,Powys 009A,Unable to prosecute suspect
ebc716654f8116e03725f13f2e461d571cff6221f0aae7c016c81d8d1d031461,2021-10,Dyfed-Powys Police,Dyfed-Powys Police,-4.978689,51.996401,On or near Police Station,W01000565,Pembrokeshire 002B,Investigation complete; no suspect identified
05ae4f7af7bada73d87d3fe9e0854c8dc579dcd5779af646809e0ff2c4aab58e,2021-10,Dyfed-Powys Police,Dyfed-Powys Police,-4.285181,51.869116,On or near MOSTYN AVENUE,W01000640,Carmarthenshire 007D,Investigation complete; no suspect identified
092e58f29f6567a53037931396ffb36a3a37ed7a0fffdacb7eded723199bae18,2021-10,Dyfed-Powys Police,Dyfed-Powys Police,-4.026921,52.442423,On or near TREGERDDAN,W01000548,Ceredigion 001D,Unable to prosecute suspect
198f95bffe57d77206fb5c25a09b1fd63d9e0602829ccdc8fa2be91649225c84,2021-10,Dyfed-Powys Police,Dyfed-Powys Police,-3.379670,52.237326,On or near MONTPELLIER PARK,W01000456,Powys 013C,Unable to prosecute suspect
e73b81af772c7f4dabb457e0e391668cc90ff9820f1ffe3bf1c6cd319f976736,2021-10,Dyfed-Powys Police,Dyfed-Powys Police,-4.295242,51.698526,On or near PENYBEDD ROAD,W01000710,Carmarthenshire 021D,Unable to prosecute suspect
fa1ead104fe737d4c00315e28b7b2215eadd3fa8ed40a9946656e98cfe549ca3,2021-10,Dyfed-Powys Police,Dyfed-Powys Police,-3.993707,51.800314,On or near OLD ROAD,W01000714,Carmarthenshire 013D,Unable to prosecute suspect
1c589c7aca2409ceac6c2e91b42ba80c00ab3fec4b0ce4bfea5c962bec8dcc92,2021-10,Dyfed-Powys Police,Dyfed-Powys Police,-4.704131,51.671401,On or near Supermarket,W01000620,Pembrokeshire 016C,Investigation complete; no suspect identified
f0fd13081109997ecf387c8ff3af85587ce28fd7bb915733765cdf4704256910,2021-10,Dyfed-Powys Police,Dyfed-Powys Police,-4.103391,51.684782,On or near HEOL-Y-MYNYDD,W01000691,Carmarthenshire 019B,Unable to prosecute suspect
638d58c2a2b6357e2237714180e6e4841cffe305da673b5ba45815d0e6d0fd32,2021-10,Dyfed-Powys Police,Dyfed-Powys Police,-3.909319,51.805330,On or near Sports/Recreation Area,W01000656,Carmarthenshire 010A,Action to be taken by another organisation
7d2efd6d84429f9f4cdc15c955961df6c7e191c62a509c27c6274f26bb82e521,2021-10,Dyfed-Powys Police,Dyfed-Powys Police,-4.967005,51.803700,On or near Parking Area,W01000568,Pembrokeshire 005A,Investigation complete; no suspect identified
7e18ff897908572330bcb7e1389828fa6e776fb2e05de6ac40b2ced3cfa4393f,2021-10,Dyfed-Powys Police,Dyfed-Powys Police,-4.307652,51.858012,On or near JOHN STREET,W01000641,Carmarthenshire 008A,Investigation complete; no suspect identified
f8b328258fa7dc02137cb6f6cdb2e20e58fb52be31675f51ce98fe8268d9dd3e,2021-10,Dyfed-Powys Police,Dyfed-Powys Police,-3.035967,52.705006,On or near GOLFA CLOSE,W01000497,Powys 005D,Investigation complete; no suspect identified
160b2aa105916cfaef59db3d738279ac711b47aab3f0be644b76a124f4efba6c,2021-10,Dyfed-Powys Police,Dyfed-Powys Police,-3.146004,52.659070,On or near SEVERN STREET,W01000499,Powys 003B,Further investigation is not in the public interest
b06e13d9c01fc72d0226b0aabcc0cb20536b4e3344c8b9ec65038668b35142b4,2021-10,Dyfed-Powys Police,Dyfed-Powys Police,-4.997067,51.750619,On or near TALL TREES CLOSE,W01000575,Pembrokeshire 008C,Unable to prosecute suspect
e2bb282907d8ee5358b14aa8e6e9673171442c99234ff2f5b06d08bdee959b9b,2021-10,Dyfed-Powys Police,Dyfed-Powys Police,-5.049591,51.711861,On or near OBSERVATORY AVENUE,W01000589,Pembrokeshire 012A,Unable to prosecute suspect
7382d28e5c29b62467cfe83536ca00e17e8cc7607b51a5d25bf3162e5c2a2254,2021-10,Dyfed-Powys Police,Dyfed-Powys Police,-4.934787,51.694065,On or near Supermarket,W01000601,Pembrokeshire 013B,Unable to prosecute suspect
eeb48b06bea6cf21cd4d573f24400e67923fecffa1b99db14b7475cc3a206a4c,2021-10,Dyfed-Powys Police,Dyfed-Powys Police,-4.077758,52.405205,On or near PENPARCAU ROAD,W01000515,Ceredigion 003A,Action to be taken by another organisation
82be59d8d3bb2a0910ea2707e3bf98d37aaa11204245cabd061a8ee3a044a077,2021-10,Dyfed-Powys Police,Dyfed-Powys Police,-4.082313,52.113414,On or near Police Station,W01000528,Ceredigion 008B,Investigation complete; no suspect identified
6f3f16e1fed4f2dd72f4d86745e9279b4077da47d3e261ea0584a26062e0c054,2021-10,Dyfed-Powys Police,Dyfed-Powys Police,-4.300198,51.738582,On or near GER-Y-GWENDRAETH,W01000671,Carmarthenshire 018B,Unable to prosecute suspect
973883626af65ffba71f75b4d4e679d8b93aa4b38a1dbab4882bff3edf049707,2021-10,Dyfed-Powys Police,Dyfed-Powys Police,-4.953436,51.716864,On or near ELM GROVE,W01000598,Pembrokeshire 009C,Unable to prosecute suspect
bc072c0e56d8c93c8efa99912129bab5155ae555b6a7df1b75e6e68f99986be0,2021-10,Dyfed-Powys Police,Dyfed-Powys Police,-4.137029,51.677457,On or near Supermarket,W01000628,Carmarthenshire 024A,Investigation complete; no suspect identified
f804f79ebf13da0e117a675f1ff87dcfbf09f80c5fb912659dec51b3e50e649e,2021-10,Dyfed-Powys Police,Dyfed-Powys Police,-4.875410,51.724431,On or near Parking Area,W01000585,Pembrokeshire 007B,Investigation complete; no suspect identified
6809ecac7b2b4b0e1f8a25a0dcc5696265bfad5b3034951b352a381bf65985d5,2021-10,Dyfed-Powys Police,Dyfed-Powys Police,-4.590937,51.878361,On or near RHYDYFELIN,W01000674,Carmarthenshire 027A,Investigation complete; no suspect identified
acfab8761071aa95754b8168d41b9ae60f5f232f76ec1435e9f1c2b68696ace3,2021-10,Dyfed-Powys Police,Dyfed-Powys Police,-5.036049,51.715458,On or near DEWSLAND STREET,W01000594,Pembrokeshire 012E,Unable to prosecute suspect
26aa39278556b68034e417a3cc3e164d0232f7ada961981a2c2fb8a8478fcc7c,2021-10,Dyfed-Powys Police,Dyfed-Powys Police,-4.325407,51.856475,On or near ASH GROVE,W01000643,Carmarthenshire 006A,Investigation complete; no suspect identified
10ed760f44e2ea3c6a080b7eb6380e4110684de34202c5f5de3bcf16c65eea34,2021-10,Dyfed-Powys Police,Dyfed-Powys Police,-4.140441,51.684166,On or near Petrol Station,W01000628,Carmarthenshire 024A,Investigation complete; no suspect identified
1eab4f9345e17da79c6abdb7fa5723f8a1df7a185375478c9571828df3eb3c36,2021-10,Dyfed-Powys Police,Dyfed-Powys Police,-4.697319,51.671909,On or near PENNILESS COVE HILL,W01000620,Pembrokeshire 016C,Investigation complete; no suspect identified
a09212cb69602ab674c44b2ba444450b21a326c16962d7502578b9c70d7ea4b5,2021-10,Dyfed-Powys Police,Dyfed-Powys Police,-4.509331,52.131344,On or near RAVENSCROFT,W01000545,Ceredigion 007D,Investigation complete; no suspect identified
7e1efec36a00e3d2dbe25bb6eda9b97b92d267aeb306890fca92b5ac96c818eb,2021-10,Dyfed-Powys Police,Dyfed-Powys Police,-4.721718,51.729480,On or near A477,W01000576,Pembrokeshire 011D,Investigation complete; no suspect identified
041a36e2a9731bd4542864ee014b3ea0d5c1b09d9b5180cb4ab4b2c6bcc4a601,2021-10,Dyfed-Powys Police,Dyfed-Powys Police,-3.299594,52.518493,On or near Sports/Recreation Area,W01000480,Powys 008A,Investigation complete; no suspect identified
e82cdc32c9afa92ab7f177ef2af531f8092c9b8d7c86e97ff4d7dbecda33c148,2021-10,Dyfed-Powys Police,Dyfed-Powys Police,-4.085439,52.414709,On or near MARKET STREET,W01000513,Ceredigion 002B,Suspect charged
1507cd9b3325940cce01f34ac6fe2a9a4447bec2f87bcebb3376aed0802fe57d,2021-10,Dyfed-Powys Police,Dyfed-Powys Police,-4.319053,51.856610,On or near UNION STREET,W01000645,Carmarthenshire 006C,Investigation complete; no suspect identified
b6f68a3a2df33b34b8b3da7c4bda27903f2ff9d120d87cd64917c13f5228868e,2021-10,Dyfed-Powys Police,Dyfed-Powys Police,-4.128402,51.677640,On or near Parking Area,W01000706,Carmarthenshire 025C,Investigation complete; no suspect identified
2cfd18c99f8c2fdf51cce6e68d3c18e2c5d774071569dc1b923edb943b6cf753,2021-10,Dyfed-Powys Police,Dyfed-Powys Police,-3.316155,52.515379,On or near Shopping Area,W01000480,Powys 008A,Investigation complete; no suspect identified
80b7b9d13dd2d1c1abd9b2f9cd752b9d87cc92af6797d39577955f3efeb86b4f,2021-10,Dyfed-Powys Police,Dyfed-Powys Police,-4.466849,52.038933,On or near MARKET SQUARE,W01000646,Carmarthenshire 003A,Unable to prosecute suspect
5f723c01ffa9ae00dbc3942f4bdc6c81772fd0deab668556ac9862fa28f179e2,2021-10,Dyfed-Powys Police,Dyfed-Powys Police,-3.313948,52.516006,On or near ST MARY'S CLOSE,W01000480,Powys 008A,Investigation complete; no suspect identified
fd805a83182a5bda7fdbea7d722b5257513090d4cce9d0f57a7404de1258ca54,2021-10,Dyfed-Powys Police,Dyfed-Powys Police,-4.146186,51.668297,On or near RHES GWAITH TYN,W01001923,Carmarthenshire 026G,Unable to prosecute suspect
94ab80f4b0288e724a7b681fd5e0bd7077d6efe52efae7a497c048406a5c5180,2021-10,Dyfed-Powys Police,Dyfed-Powys Police,-3.349845,52.117766,On or near EDW CRESCENT,W01000459,Powys 014D,Investigation complete; no suspect identified
b5d5c7fbe82b41f506114a91699e014429263b692df215f83bb7cbdd2a5a029f,2021-10,Dyfed-Powys Police,Dyfed-Powys Police,-4.921793,51.672768,On or near MERCHANT'S PARK,W01000606,Pembrokeshire 015B,Unable to prosecute suspect
15b3fefe9513ba2cf239d592704bcb282dff27bbb8fa8ccb15a2eaee5ae84e7a,2021-10,Dyfed-Powys Police,Dyfed-Powys Police,-3.905352,51.806869,On or near MAESYBEDOL,W01000656,Carmarthenshire 010A,Investigation complete; no suspect identified
5e1884c72923ea905a73475d3ee323b4051807371244ec00b16225126ac4e124,2021-10,Dyfed-Powys Police,Dyfed-Powys Police,-4.158452,51.684151,On or near SWANFIELD PLACE,W01000703,Carmarthenshire 022A,Investigation complete; no suspect identified
b0820a9427671156ef2a3a502df7981cc57a0d59be300f944540f3dc22787578,2021-10,Dyfed-Powys Police,Dyfed-Powys Police,-5.003250,52.004393,On or near Sports/Recreation Area,W01000567,Pembrokeshire 002D,Investigation complete; no suspect identified
a6947417eb24aae883b7aba3b4245861e3bdae11e8f581cdde4dc07bcfcba6c5,2021-10,Dyfed-Powys Police,Dyfed-Powys Police,-4.162982,51.674185,On or near GLANMOR ROAD,W01000660,Carmarthenshire 026B,Investigation complete; no suspect identified
2321ddfe1f16cc8684d8fb97bca83763cbc8869d8e281536ae76129ee1d762a0,2021-10,Dyfed-Powys Police,Dyfed-Powys Police,-4.201144,51.749733,On or near GER-Y-COED,W01000662,Carmarthenshire 016A,Further investigation is not in the public interest
486c3749b916c3f65d4c3f16a685033bfe799feaa8c1577bed0797dadd2c39f4,2021-10,Dyfed-Powys Police,Dyfed-Powys Police,-4.308340,51.856425,On or near DARK GATE,W01000641,Carmarthenshire 008A,Investigation complete; no suspect identified
3227143f021140ccfdfcf1bee7dc7e237a8701b3a205e387420671c8e3842fce,2021-10,Dyfed-Powys Police,Dyfed-Powys Police,-3.331893,52.505116,On or near SGWAR RHEDYNEN,W01000483,Powys 009C,Offender given a caution
f93d09e8914c65ed786595b9a103485c1ef18c8dbce250fc5a8df3b122be3290,2021-10,Dyfed-Powys Police,Dyfed-Powys Police,-3.395207,52.157411,On or near Parking Area,W01000459,Powys 014D,Suspect charged
7038d544d0101270e5cf18fbe570a741c0499efe494150add7cf14a90ecd09d2,2021-10,Dyfed-Powys Police,Dyfed-Powys Police,-3.538007,52.446162,On or near GERDDI GLANDWR,W01000467,Powys 010D,Investigation complete; no suspect identified
9cfcef59ad668b5b201dc5956a3688b52c53dc373a1b55736b32a98d6187f736,2021-10,Dyfed-Powys Police,Dyfed-Powys Police,-3.983824,51.879082,On or near HEOL BETHLEHEM,W01000676,Carmarthenshire 004A,Investigation complete; no suspect identified
e5e89c654d1c76b34bc4fe5b6baf19d57a5fbd59f74f14fc47b00b60bb4ac137,2021-10,Dyfed-Powys Police,Dyfed-Powys Police,-3.339361,52.507000,On or near HEOL-Y-COLEG,W01000478,Powys 009A,Investigation complete; no suspect identified
b6cfd6e415c6a3266cf30bd1218b6f57c5d197f4d195ebf2dd46c57f9aef13ed,2021-10,Dyfed-Powys Police,Dyfed-Powys Police,-4.158510,51.674735,On or near EMMA STREET,W01000734,Carmarthenshire 026F,Unable to prosecute suspect
de4af070adb20a965f40d1bf6caf84636fe2fd08d9fce1eec651d8cd9fa840d3,2021-10,Dyfed-Powys Police,Dyfed-Powys Police,-4.084153,52.117158,On or near GWEL-Y-CREUDDYN,W01000528,Ceredigion 008B,Unable to prosecute suspect
122938198ef10c5d6276b61d419903d2c2773d801e7ee43d9dfb92e5b7c79a29,2021-10,Dyfed-Powys Police,Dyfed-Powys Police,-4.590937,51.878361,On or near RHYDYFELIN,W01000674,Carmarthenshire 027A,Investigation complete; no suspect identified
39da825e8d5dbeee355518b5b0ea3712129db1e75ef092ad948397ebc46abd8c,2021-10,Dyfed-Powys Police,Dyfed-Powys Police,-4.697275,51.671415,On or near SERGEANTS LANE,W01000620,Pembrokeshire 016C,Investigation complete; no suspect identified
3ba064c28bd70dfb07108a2c7b8f79025169912bf02d09118c8daeee4e088c47,2021-10,Dyfed-Powys Police,Dyfed-Powys Police,-4.971667,51.704523,On or near Parking Area,W01000599,Pembrokeshire 009D,Investigation complete; no suspect identified
951f4cdf029876ad2958862f1317889551a50369eef641bfe73f555511641019,2021-10,Dyfed-Powys Police,Dyfed-Powys Police,-4.870300,51.668237,On or near PARK VIEW,W01000578,Pembrokeshire 014B,Unable to prosecute suspect
e6d6c79b7f1c4d97d4cd33e0c12b48861315da3cf5fdeeb62e7c2f500550b08f,2021-10,Dyfed-Powys Police,Dyfed-Powys Police,-4.654382,52.088453,On or near Nightclub,W01000509,Ceredigion 009C,Unable to prosecute suspect
847c5682ecbd4976d404620115c2bff9be220eba7c466747e458e0c859d2ac59,2021-10,Dyfed-Powys Police,Dyfed-Powys Police,-4.933470,51.675507,On or near RAMSDEN COURT,W01000606,Pembrokeshire 015B,Formal action is not in the public interest
87cd7c54d66bb595c87fe004f1dd4470345177c0b097b8f64baa52ba7bb25e82,2021-10,Dyfed-Powys Police,Dyfed-Powys Police,-4.323140,51.864919,On or near TREVAUGHAN ROAD,W01000645,Carmarthenshire 006C,Action to be taken by another organisation
da39bb2a492cf0583f3cc350d14def2be430876c0ba7b867818ef9039d21c67a,2021-10,Dyfed-Powys Police,Dyfed-Powys Police,-5.030194,51.718191,On or near Sports/Recreation Area,W01000594,Pembrokeshire 012E,Suspect charged
140d306ad5fdb5eb95ea29c0a33cd0889d1f3c17ee614e8f93290d0071104e31,2021-10,Dyfed-Powys Police,Dyfed-Powys Police,-4.004730,51.817643,On or near RAWLINGS ROAD,W01000681,Carmarthenshire 011B,Investigation complete; no suspect identified
2425df4326a4185e4ec415f1d96de430fb134be6dea5538cdb129f51e5e731c9,2021-10,Dyfed-Powys Police,Dyfed-Powys Police,-3.540089,52.287606,On or near B4518,W01000487,Powys 012E,Unable to prosecute suspect
64ae4ec4926d5be3dadc8b011499c9018d5c1467261ceba5e213302e05437cae,2021-10,Dyfed-Powys Police,Dyfed-Powys Police,-4.139071,51.677204,On or near Shopping Area,W01000628,Carmarthenshire 024A,Investigation complete; no suspect identified
6abc4a03b3b26aa97fadd09b609fdfd3514f90f1c430c9a99a600315d51c677e,2021-10,Dyfed-Powys Police,Dyfed-Powys Police,-4.901696,51.670883,On or near WATERY LANE,W01000609,Pembrokeshire 014D,Investigation complete; no suspect identified
63bfd2b3ecb36bd684584b136c06efacc26ea530290952e97986410dd4f22c98,2021-10,Dyfed-Powys Police,Dyfed-Powys Police,-4.169623,51.678154,On or near ALBERT STREET,W01000654,Carmarthenshire 023B,Investigation complete; no suspect identified
2747e6b858c13100d22def0b0436989119873dfc36e6e1034cf48e635a83d5fc,2021-10,Dyfed-Powys Police,Dyfed-Powys Police,-3.147344,52.658895,On or near Nightclub,W01000498,Powys 003A,Investigation complete; no suspect identified
4ce0d39a8fc454200b6c576350ea6e7fc7ac597021c8346363d1a48112015742,2021-10,Dyfed-Powys Police,Dyfed-Powys Police,-3.331893,52.505116,On or near SGWAR RHEDYNEN,W01000483,Powys 009C,Unable to prosecute suspect
e9a437d2e8c0fbca467a368eb4b274a6949a85b73dea027484e4e10a50e686f5,2021-10,Dyfed-Powys Police,Dyfed-Powys Police,-3.540089,52.287606,On or near B4518,W01000487,Powys 012E,Unable to prosecute suspect
610563d11bb82861df460203b58c11d679da7486f740238ee28a0bf1cad0dff0,2021-10,Dyfed-Powys Police,Dyfed-Powys Police,-3.555049,52.115939,On or near PEN Y BRYN,W01000471,Powys 014E,Unable to prosecute suspect
b7a2372af95d8f93e0cea5e588125dab0ba66f24eac149b17f428e873cd7c9f4,2021-10,Dyfed-Powys Police,Dyfed-Powys Police,-4.162610,51.680639,On or near JOHN STREET,W01000654,Carmarthenshire 023B,Suspect charged
51feb7e5004b0aba19e4c916b073349dc4be8a34c57415d160eff22682966103,2021-10,Dyfed-Powys Police,Dyfed-Powys Police,-4.323140,51.864919,On or near TREVAUGHAN ROAD,W01000645,Carmarthenshire 006C,Action to be taken by another organisation
cf4d84bc3384a7ab159250ec7a67b56417ae8fe3f0246ad692a14fe178734475,2021-10,Dyfed-Powys Police,Dyfed-Powys Police,-5.036000,51.712995,On or near PRIORY STREET,W01000587,Pembrokeshire 010A,Formal action is not in the public interest
d54bf60e9a19a6f7ce04ca5414dc6135784049e6d036f779843a108c3b2ce701,2021-10,Dyfed-Powys Police,Dyfed-Powys Police,-4.132733,51.793997,On or near GWENDRAETH ROAD,W01000663,Carmarthenshire 016B,Investigation complete; no suspect identified
744c563c44696534b429ee95bfd9c9071298a6b37a7be6498ca71dd35e608f5d,2021-10,Dyfed-Powys Police,Dyfed-Powys Police,-4.151383,51.966212,On or near Parking Area,W01000683,Carmarthenshire 005C,Unable to prosecute suspect
052b0c53638dcb4740973124ca0d6c53f6bc43be46c50e99bc20e5cfa2361563,2021-10,Dyfed-Powys Police,Dyfed-Powys Police,-4.307247,51.856644,On or near Shopping Area,W01000641,Carmarthenshire 008A,Investigation complete; no suspect identified
1b387e6b04a2dc34657eabc30c0618d58ecb880eab66cf5eeec100e34f47ff6b,2021-10,Dyfed-Powys Police,Dyfed-Powys Police,-3.193321,52.614757,On or near BRITHDIR LANE,W01000428,Powys 005A,Unable to prosecute suspect
2c648715cbe391ec975b7fca397e1d2bac69b8425116a1899d3c4c03dbd0b6c5,2021-10,Dyfed-Powys Police,Dyfed-Powys Police,-5.016163,51.644441,On or near SANDY LEYS,W01000574,Pembrokeshire 015A,Investigation complete; no suspect identified
71a61710217f338d00c9f8153d740ceb3e3ce3b79e8b999eee1e83140bec4574,2021-10,Dyfed-Powys Police,Dyfed-Powys Police,-4.967005,51.803700,On or near Parking Area,W01000568,Pembrokeshire 005A,Investigation complete; no suspect identified
b93577d0927de2316ed3ca8e45f317a6f0a13e7a8d50c5fe7f4004d37d309ef3,2021-10,Dyfed-Powys Police,Dyfed-Powys Police,-4.083647,52.114451,On or near FFYNON BEDR,W01000528,Ceredigion 008B,Investigation complete; no suspect identified
d053e8a38b1d2ba3bdf2d6b0e46ccf844ab11624440b78846753083730867406,2021-10,Dyfed-Powys Police,Dyfed-Powys Police,-4.076803,51.807328,On or near CHURCH ROAD,W01000664,Carmarthenshire 016C,Investigation complete; no suspect identified
43f6648969d3e395f2975fe93cbae67f315a61f3add93f6a6dee4000ecdf5e9e,2021-10,Dyfed-Powys Police,Dyfed-Powys Police,-3.398646,51.946471,On or near Parking Area,W01000489,Powys 017A,Unable to prosecute suspect
435bf1c9ce6761e147f3865b15a21abf3e00bfd0b2856465b78503c6b9580d33,2021-10,Dyfed-Powys Police,Dyfed-Powys Police,-3.330230,52.506168,On or near VIOLET CLOSE,W01000483,Powys 009C,Suspect charged
51cfb4790122669f650bbbbd646134eec561a46225b96c89a1af739e8dbce5e8,2021-10,Dyfed-Powys Police,Dyfed-Powys Police,-4.158452,51.684151,On or near SWANFIELD PLACE,W01000703,Carmarthenshire 022A,Investigation complete; no suspect identified
765cef0c5c147a95c452edf117ffc4f8d1ee38374c08925b280117924f89f379,2021-10,Dyfed-Powys Police,Dyfed-Powys Police,-4.961160,51.802624,On or near CARTLETT,W01000573,Pembrokeshire 006B,Local resolution
78ec0a2fffa259a323911555b52a192c1b7d6fa12752614276ed451ef90a9c4a,2021-10,Dyfed-Powys Police,Dyfed-Powys Police,-4.494630,51.820065,On or near PENTRE ROAD,W01000720,Carmarthenshire 027B,Unable to prosecute suspect
96941b4393483b4c16df325a9c35d2bdcdbbdeb82e7ba54d1afa14a44246b2ee,2021-10,Dyfed-Powys Police,Dyfed-Powys Police,-4.914133,51.748713,On or near MAIN STREET,W01000580,Pembrokeshire 009B,Investigation complete; no suspect identified
d70ebf95598c06caef7b1fb4da13dfd6d63552a697e5ad723b1bfe6b97c941bf,2021-10,Dyfed-Powys Police,Dyfed-Powys Police,-4.116240,51.753641,On or near MAES Y FFYN NON,W01000699,Carmarthenshire 015C,Investigation complete; no suspect identified
764046247d5edcc12bcadf14e60b5cc01ea9c0f397302dc5f21d7c49b4b46cc4,2021-10,Dyfed-Powys Police,Dyfed-Powys Police,-3.256891,52.353878,On or near Park/Open Space,W01000427,Powys 011A,Investigation complete; no suspect identified
b01685f6ebd86bac824501724e7c9c276912a3839f68e4022b30c22cab58d4ba,2021-10,Dyfed-Powys Police,Dyfed-Powys Police,-4.167382,51.676981,On or near AMOS STREET,W01000732,Carmarthenshire 026D,Unable to prosecute suspect
a0c52952c8920dca342f0fe663783a90136892a6d3133549c39ed285e63fb63e,2021-10,Dyfed-Powys Police,Dyfed-Powys Police,-3.995438,51.799457,On or near NANTLAIS,W01000714,Carmarthenshire 013D,Suspect charged
161ea20910557e9e89d5da9804ff75cc84a4aa569fb605770dd0c62468e8c595,2021-10,Dyfed-Powys Police,Dyfed-Powys Police,-4.936241,51.695288,On or near LONDON ROAD,W01000602,Pembrokeshire 013C,Investigation complete; no suspect identified
9221508904cc46b81c4498a0617ab7e206d84d70ed6799309991a976b5d33d56,2021-10,Dyfed-Powys Police,Dyfed-Powys Police,-3.914396,51.803278,On or near NEW CEIDRIM ROAD,W01000656,Carmarthenshire 010A,Investigation complete; no suspect identified
8f8326a29c0b6957016b867990fa2ac762a924b9c82644213b134d516fba093e,2021-10,Dyfed-Powys Police,Dyfed-Powys Police,-3.315885,52.512775,On or near FROLIC STREET,W01000480,Powys 008A,Unable to prosecute suspect
a14c52ff9e26064bbc43e555d70cc45d82505bbe0c92a6b42b7a3b940b54b5f8,2021-10,Dyfed-Powys Police,Dyfed-Powys Police,-4.294984,51.864213,On or near LLYS CAERMEDI,W01000638,Carmarthenshire 007B,Unable to prosecute suspect
fad2f6d281e6612d6dffc65c3c0c7075ea00fe33d0a38a9cf6fb9a32028749a2,2021-10,Dyfed-Powys Police,Dyfed-Powys Police,-3.015189,52.276016,On or near WARDEN CLOSE,W01000485,Powys 011F,Investigation complete; no suspect identified
c3141580eb57023ddaf88623f1032b5f5ddf941d051d49fed83effdf58753a4f,2021-10,Dyfed-Powys Police,Dyfed-Powys Police,-4.975315,51.799047,On or near FOUNTAIN ROW,W01000568,Pembrokeshire 005A,Investigation complete; no suspect identified
9f9491cbe65e4153268eb8de3a05e8e68688115fcd45f5c9b7bf3540dd8450a8,2021-10,Dyfed-Powys Police,Dyfed-Powys Police,-3.408183,51.945305,On or near ASHFIELD PLACE,W01000489,Powys 017A,Investigation complete; no suspect identified
e3274f76e6da6f0ade79792c5e4f45041a1bd768c3dcbabdfc72b193bdfa0011,2021-10,Dyfed-Powys Police,Dyfed-Powys Police,-4.023850,52.464019,On or near B4353,W01001937,Ceredigion 001F,Investigation complete; no suspect identified
8e706134d543be6c1096efe379cfa95867277007db57d91ba8897aae02d367d0,2021-10,Dyfed-Powys Police,Dyfed-Powys Police,-3.330380,52.638821,On or near GIBBET ROAD,W01000460,Powys 006B,Investigation complete; no suspect identified
d7fa09334537700c9f3e0f3e4138b6db704e84035eabb6a8c63f1d1bddf34709,2021-10,Dyfed-Powys Police,Dyfed-Powys Police,-4.346608,51.817088,On or near COEDMOR AVENUE,W01000700,Carmarthenshire 027G,Formal action is not in the public interest
551e4747215bf967dccbab143a3d6e7a4c7d45a1b7a3ddd68123e6c6bfd4b84e,2021-10,Dyfed-Powys Police,Dyfed-Powys Police,-4.165700,51.682956,On or near COLESHILL TERRACE,W01000654,Carmarthenshire 023B,Suspect charged
a8c1e77cb751ede99136d79393a2bda2e055374f486ad571bf0559cdb4e3d6a8,2021-10,Dyfed-Powys Police,Dyfed-Powys Police,-3.933542,51.808018,On or near MAES-Y-GLYN,W01000657,Carmarthenshire 010B,Investigation complete; no suspect identified
aa8fbbc3dfa3f582484de8451c76d67423c2397eefd62206f4b9dc136b930551,2021-10,Dyfed-Powys Police,Dyfed-Powys Police,-3.844978,52.606100,On or near BRO DULAS,W01000442,Powys 004A,Investigation complete; no suspect identified
b7eb774d45db5ab9173aa9803e2293aa278beb34af1b5f7fe7dbcb50097215b9,2021-10,Dyfed-Powys Police,Dyfed-Powys Police,-4.930485,51.673181,On or near Sports/Recreation Area,W01000606,Pembrokeshire 015B,Investigation complete; no suspect identified
4481a708df47cce5fe21d3ad726647b74f9ad42feb3feb88670ef87d2d4b3980,2021-10,Dyfed-Powys Police,Dyfed-Powys Police,-3.311619,52.514000,On or near Parking Area,W01000480,Powys 008A,Investigation complete; no suspect identified
7d8b3dfcf504b86ff8fed2b8d8bb1a5395e0720d0451d309dcaa2aea5df361a3,2021-10,Dyfed-Powys Police,Dyfed-Powys Police,-4.149185,51.667505,On or near Parking Area,W01001924,Carmarthenshire 026H,Investigation complete; no suspect identified
3c1575b80d5c4a36aa3e5c63e9310a3cfd6893572ec4d9aea172c4a4f9258eab,2021-10,Dyfed-Powys Police,Dyfed-Powys Police,-3.758323,51.785610,On or near HEOL GIEDD,W01000505,Powys 021E,Unable to prosecute suspect
8d76f7afb8dc59de850c4d891b77dc830e28b59d590f32fca27664b3d7de2976,2021-10,Dyfed-Powys Police,Dyfed-Powys Police,-4.556990,51.743524,On or near Parking Area,W01000672,Carmarthenshire 027E,Unable to prosecute suspect
6fdc75a52dcfac44fb87646e23bcbe03854c030657d8fff22b0e69ad2af21cb1,2021-10,Dyfed-Powys Police,Dyfed-Powys Police,-4.312613,51.859038,On or near MORGAN STREET,W01000639,Carmarthenshire 007C,Unable to prosecute suspect
bf6b8c5ddafea2093a299b6f672423b1dc0d65b68eaeecf9dac32421c9faf400,2021-10,Dyfed-Powys Police,Dyfed-Powys Police,-4.047780,51.796542,On or near SPIEN ROAD,W01000713,Carmarthenshire 015E,Unable to prosecute suspect
8b5b22c09b0cf8b9a9adb449777c0c427e1ea41d95b68f5b556c406861c09cdb,2021-10,Dyfed-Powys Police,Dyfed-Powys Police,-4.119859,51.679306,On or near LLWYNHENDY ROAD,W01000708,Carmarthenshire 025E,Formal action is not in the public interest
f8f7ed502220aa41b9ef4c39f096011b00236e0620690b338cc6fcb455762fb6,2021-10,Dyfed-Powys Police,Dyfed-Powys Police,-4.570616,52.111552,On or near B4333,W01000547,Ceredigion 009G,Investigation complete; no suspect identified
28ef601f4cf3484ffd01a8a77f8a85770eb5b1da016d7722c859a919736fd430,2021-10,Dyfed-Powys Police,Dyfed-Powys Police,-4.700109,51.907021,On or near Petrol Station,W01000674,Carmarthenshire 027A,Formal action is not in the public interest
d51cdb91e79c6c2207ea2891963ee576e15041188818211cb1abaa5d051ed271,2021-10,Dyfed-Powys Police,Dyfed-Powys Police,-4.294317,51.862805,On or near ABBEY MEAD,W01000641,Carmarthenshire 008A,Investigation complete; no suspect identified
f2cedb5774ebf63121e13b3c2a4ef838384cca8554c208596180a2382d41e3f0,2021-10,Dyfed-Powys Police,Dyfed-Powys Police,-3.139067,52.668657,On or near BRYN SIRIOL,W01000500,Powys 003C,Suspect charged
dfc058e233f77226f3fa94b7227c07f7bdca45eefd391eb35f34af6d7c0bc8b7,2021-10,Dyfed-Powys Police,Dyfed-Powys Police,-3.537821,52.442910,On or near TAN-Y-BRYN,W01000466,Powys 010C,Investigation complete; no suspect identified
10c6e32f8a4fe778eeabc5d2b383272c64e49982658ae8b4763d85f81212366a,2021-10,Dyfed-Powys Police,Dyfed-Powys Police,-4.874128,51.826919,On or near LONGHOUSE GARDENS,W01000623,Pembrokeshire 004D,Investigation complete; no suspect identified
3a14d7edf5261cb7cd4554d5ea32862e08c9494713303b41c349e7fcb48107ee,2021-10,Dyfed-Powys Police,Dyfed-Powys Police,-3.390161,51.946418,On or near GLAMORGAN STREET,W01000492,Powys 017D,Investigation complete; no suspect identified
1ced9975c25e39211af2d0aa6647879246f3ab4206909e9caa4202c71adc01f4,2021-10,Dyfed-Powys Police,Dyfed-Powys Police,-3.329144,52.504832,On or near LLYS YR HEBOG,W01000483,Powys 009C,Investigation complete; no suspect identified
fba78940a9d42b1f3d15d7f37e178c49df55a9a4528466dc59050f1090217e56,2021-10,Dyfed-Powys Police,Dyfed-Powys Police,-4.653579,52.089424,On or near GREENLAND MEADOWS,W01000509,Ceredigion 009C,Investigation complete; no suspect identified
3031337aee5cc5992780a1225c7a57c9432e7e8f7076b655227c9e29e4b8db5f,2021-10,Dyfed-Powys Police,Dyfed-Powys Police,-3.034974,52.292315,On or near MEADOW CLOSE,W01000485,Powys 011F,Investigation complete; no suspect identified
ddd0e99145155ec67f2330d92431c545e453f1b770032b60b3ba76142a686a5d,2021-10,Dyfed-Powys Police,Dyfed-Powys Police,-4.107650,51.675245,On or near DOLAFON,W01000635,Carmarthenshire 025A,Unable to prosecute suspect
2609f764356a0ca9c94f3b944372fb83c31c69832534b7577c3127100dcc1fb7,2021-10,Dyfed-Powys Police,Dyfed-Powys Police,-4.982854,51.796562,On or near Sports/Recreation Area,W01000571,Pembrokeshire 006A,Investigation complete; no suspect identified
e2977a212e4b39fef89ca1892fcb0c13bde505c3c92164935de753989c34638b,2021-10,Dyfed-Powys Police,Dyfed-Powys Police,-4.084141,51.796605,On or near Pedestrian Subway,W01000697,Carmarthenshire 015A,Investigation complete; no suspect identified
cac3bc0c6c71383e34df980f13719402f9049bf9c796aa6408d85d1c2480ec77,2021-10,Dyfed-Powys Police,Dyfed-Powys Police,-4.155214,51.669598,On or near DOLAU COURT,W01000659,Carmarthenshire 026A,Unable to prosecute suspect
227e4adc37cf9afc8871eb9a2a3d9cc0ce4b975aa4b23dbc628ee2cd4d39d015,2021-10,Dyfed-Powys Police,Dyfed-Powys Police,-4.639655,52.056598,On or near CHURCH STREET,W01000558,Pembrokeshire 001A,Investigation complete; no suspect identified
bacfc99a371f11052595e1b748231b95e7864ea6abe49ebb6a0770f393d55799,2021-10,Dyfed-Powys Police,Dyfed-Powys Police,-4.926101,51.695370,On or near EASTERN AVENUE,W01000601,Pembrokeshire 013B,Investigation complete; no suspect identified
931e0203ad73fde44825b380565de4f6a3d5233d1d97e6ce3064184e4ce0b865,2021-10,Dyfed-Powys Police,Dyfed-Powys Police,-3.236468,52.640027,On or near MAES CASTELL,W01000444,Powys 002A,Investigation complete; no suspect identified
9ca607c830e5aa337f77078d7629fbf83614aa836a47b8fb13b88a9dd0aa3033,2021-10,Dyfed-Powys Police,Dyfed-Powys Police,-4.178056,51.685695,On or near ISCOED,W01000667,Carmarthenshire 023C,Unable to prosecute suspect
1b9db703983e00a2a4d4679265d3ee2cd93b6e31a87d851be587c7b2ceb56386,2021-10,Dyfed-Powys Police,Dyfed-Powys Police,-4.154070,51.678099,On or near BIGYN ROAD,W01000630,Carmarthenshire 024C,Investigation complete; no suspect identified
58cac3efe294e245b22e00032421dca3f4da2f3548e634022b8c05801c82153d,2021-10,Dyfed-Powys Police,Dyfed-Powys Police,-4.977928,51.797757,On or near Supermarket,W01000571,Pembrokeshire 006A,Investigation complete; no suspect identified
d5f2db4604614bc23bcd6df49345b6a138c3abed9835c25c3c385f4ee5247820,2021-10,Dyfed-Powys Police,Dyfed-Powys Police,-4.306992,51.857323,On or near CAMBRIAN PLACE,W01000641,Carmarthenshire 008A,Investigation complete; no suspect identified
17463fb53adbf88e084bfb713e1b9bab19960f59875d8d8c143c0ef4f3f181e9,2021-10,Dyfed-Powys Police,Dyfed-Powys Police,-3.143126,52.657560,On or near Police Station,W01000498,Powys 003A,Investigation complete; no suspect identified
065072f7e6718a85bbe0ba6509d2758c6cf51e487c2932c8553f7db5335edead,2021-10,Dyfed-Powys Police,Dyfed-Powys Police,-3.381612,52.239955,On or near PARK CRESCENT,W01000454,Powys 013A,Investigation complete; no suspect identified
9167d6ce45cf4c6ec06b77e8b18668081f299d2dc5b088bc51f4b2fff38c74c7,2021-10,Dyfed-Powys Police,Dyfed-Powys Police,-3.148011,52.653881,On or near SGWIR HEULWEN,W01000498,Powys 003A,Investigation complete; no suspect identified
a88d5b3040953b2ab3d3e3f7d8fbd8e6ad81d7053c0c7cb12b8252bd099217f5,2021-10,Dyfed-Powys Police,Dyfed-Powys Police,-4.650611,52.092810,On or near MAES Y FELIN,W01000509,Ceredigion 009C,Unable to prosecute suspect
1893abb4c885b58e90c621d936f60a9b9723c5ade02b24c7eaf291b7886f4420,2021-10,Dyfed-Powys Police,Dyfed-Powys Police,-4.940108,51.692655,On or near LAWS STREET,W01000600,Pembrokeshire 013A,Investigation complete; no suspect identified
1ac529e4fd59a00b732d4bab6b07969f8228a473972e685e5424eaa75dfb601d,2021-10,Dyfed-Powys Police,Dyfed-Powys Police,-3.056571,52.344593,On or near RADNOR DRIVE,W01000448,Powys 011B,Unable to prosecute suspect
582f4043e9e745807aab194fdd3fb7cd0065ff81e49f9a0bc0b08e8395f5e8c9,2021-10,Dyfed-Powys Police,Dyfed-Powys Police,-4.510998,52.114222,On or near B4333,W01000545,Ceredigion 007D,Investigation complete; no suspect identified
3f49b1ba13a0ce58bea434e3caffe31381bad75762e98e06f719a4b2639693b8,2021-10,Dyfed-Powys Police,Dyfed-Powys Police,-3.107398,52.531947,On or near A489,E01033530,Shropshire 030E,Investigation complete; no suspect identified
94773590f8ab2e621efe70adf6c87bca3793f6cdbb0ebed7fc2d6ffa0abda89f,2021-10,Dyfed-Powys Police,Dyfed-Powys Police,-4.070526,52.400540,On or near Sports/Recreation Area,W01000515,Ceredigion 003A,Investigation complete; no suspect identified
63db302990e843aa5b3864e005a0819dbe746219bbb3694d731fea442cfca556,2021-10,Dyfed-Powys Police,Dyfed-Powys Police,-5.041823,51.715408,On or near Parking Area,W01000594,Pembrokeshire 012E,Further investigation is not in the public interest
1d12c6d8c1c2aff1828121f2d7708707a3aa02a43e614042c408c4ae42252ac9,2021-10,Dyfed-Powys Police,Dyfed-Powys Police,-4.165359,51.680966,On or near Police Station,W01000654,Carmarthenshire 023B,Investigation complete; no suspect identified
062897cffb0103da0cd73a0cfcca7dbd6bdcced5fbac2d6281361cb2f943f0fe,2021-10,Dyfed-Powys Police,Dyfed-Powys Police,-4.947689,51.706864,On or near ST CLEMENT'S ROAD,W01000598,Pembrokeshire 009C,Investigation complete; no suspect identified
2114732869489ba3515dd38f734fa81c99f1484225e3f4f33ed267c7180fb8c2,2021-10,Dyfed-Powys Police,Dyfed-Powys Police,-4.710455,51.673162,On or near NEWELL HILL,W01000621,Pembrokeshire 016D,Investigation complete; no suspect identified
6d78a5ee64d427179c0c0785367733100033d17766069b5d08ad64b2d143ac58,2021-10,Dyfed-Powys Police,Dyfed-Powys Police,-4.363523,51.917567,On or near GER Y DUAD,W01000649,Carmarthenshire 006E,Unable to prosecute suspect
b06e5c28c3e9745d9edee51f6b5b2a4a86d2ff85892db3eed1a1ba19f5d4ebe9,2021-10,Dyfed-Powys Police,Dyfed-Powys Police,-4.945758,51.694528,On or near KING STREET,W01000600,Pembrokeshire 013A,Investigation complete; no suspect identified
94d251361c70426c589dbf63f909749413563b2bf6a97acbe236f245e4279906,2021-10,Dyfed-Powys Police,Dyfed-Powys Police,-4.351843,52.021467,On or near SARON ROAD,W01000688,Carmarthenshire 003B,Investigation complete; no suspect identified
9367b8ccb9dd107ce20fa730b35f1ff152864e0015be88d41f22422f78f158db,2021-10,Dyfed-Powys Police,Dyfed-Powys Police,-4.154594,51.689123,On or near HAULWEN TERRACE,W01000704,Carmarthenshire 022B,Investigation complete; no suspect identified
0a24efbf640ecc73e22b103d8a368e40e14b91c67d1743ad4a5d6fa074093997,2021-10,Dyfed-Powys Police,Dyfed-Powys Police,-3.074587,52.294514,On or near B4357,W01000464,Powys 011D,Investigation complete; no suspect identified
13bf80c62ec86cbe3ed8d0598094ed082460cda9074e6c7f3fc8967a53b2d0d7,2021-10,Dyfed-Powys Police,Dyfed-Powys Police,-5.265595,51.881153,On or near CROSS SQUARE,W01000612,Pembrokeshire 003C,Investigation complete; no suspect identified
2158cb2c232d1d6c67fe2812767ca801fd5c0ee8a526cda96a2f8b2e4c9525e4,2021-10,Dyfed-Powys Police,Dyfed-Powys Police,-4.076902,52.409833,On or near BOULEVARD ST BRIEUC,W01000518,Ceredigion 003C,Action to be taken by another organisation
fe1f4167c3f7bd8521bc158b2964b61a24c265a360008a8ea6b88e3dfab6cba1,2021-10,Dyfed-Powys Police,Dyfed-Powys Police,-3.994398,51.884586,On or near GREENFIELD PLACE,W01000677,Carmarthenshire 004B,Unable to prosecute suspect
52b65bbc8ef33fe8d614bae049ec13d974b35177d0fa9c35d11eca4406a70883,2021-10,Dyfed-Powys Police,Dyfed-Powys Police,-4.994349,51.759691,On or near VICTORIA GARDENS,W01000575,Pembrokeshire 008C,Suspect charged
0705e8ac28fbc7589e30b3b3e20d659bc92229964c29be9c52266ef4ad8fae35,2021-10,Dyfed-Powys Police,Dyfed-Powys Police,-4.457644,52.033820,On or near Parking Area,W01000646,Carmarthenshire 003A,Investigation complete; no suspect identified
339442abaf859810456f5a04acb07d3f6e5e05fd9b8564d3c6879b607991df92,2021-10,Dyfed-Powys Police,Dyfed-Powys Police,-4.087076,52.414482,On or near Y STRYD NEWYDD,W01000517,Ceredigion 002D,Investigation complete; no suspect identified
446362d4d3df0aa27581a6aa6cf10ea44e3f41cc51fc8825546e1f4defde5a8c,2021-10,Dyfed-Powys Police,Dyfed-Powys Police,-4.074938,51.794528,On or near HEOL PARC MAWR,W01000697,Carmarthenshire 015A,Investigation complete; no suspect identified
53f824dca588dcd18fb6271ded8c2d966d454f0cc80ddac14af65bb4fb83acb2,2021-10,Dyfed-Powys Police,Dyfed-Powys Police,-4.302477,51.862484,On or near CAPEL EVAN ROAD,W01000639,Carmarthenshire 007C,Unable to prosecute suspect
6b98e0d1111b87eab711bd97492f5a1405dbf57f6cbf984b8a39f18b474c6958,2021-10,Dyfed-Powys Police,Dyfed-Powys Police,-4.139256,51.798843,On or near NANT Y DDERWEN,W01000663,Carmarthenshire 016B,Investigation complete; no suspect identified
31a05aa4d3696cdbf021a6de8d0e99bd135c2fe263f285e2c5d9735b6eda4709,2021-10,Dyfed-Powys Police,Dyfed-Powys Police,-3.153504,52.692368,On or near OLDCASTLE AVENUE,W01000444,Powys 002A,Investigation complete; no suspect identified
b80b971d3c7eb7e413ea8f29b24d915bdecba60984a9776b4a2e10a6dfe8a13b,2021-10,Dyfed-Powys Police,Dyfed-Powys Police,-3.305221,52.512443,On or near CLEDAN,W01000480,Powys 008A,Unable to prosecute suspect
fad6b92f8420bea7590a55ae5da8bcc4e6eb2aa65fb41469d303397ba94e430f,2021-10,Dyfed-Powys Police,Dyfed-Powys Police,-4.080856,52.113170,On or near Conference/Exhibition Centre,W01000527,Ceredigion 008A,Offender given a caution
4ef026bb9ae4ef47e186b7d32666c4a8c8113acccca9bc2709fd9277e9b4b453,2021-10,Dyfed-Powys Police,Dyfed-Powys Police,-3.402052,52.151926,On or near LLANELWEDD TERRACE,W01000459,Powys 014D,Investigation complete; no suspect identified
ffaeb5a5c70d6d6acf66a9f4b863db2910455b96692c88e912e283dfbd9f882f,2021-10,Dyfed-Powys Police,Dyfed-Powys Police,-3.989712,51.802144,On or near GWAUN HENLLAN,W01000714,Carmarthenshire 013D,Unable to prosecute suspect
db32dc67f910d121e4567f517d5e83b13c04f6e19e87e8c94c5a24fb9a9a9339,2021-10,Dyfed-Powys Police,Dyfed-Powys Police,-4.058443,51.724956,On or near PLAS-Y-FFOREST,W01000665,Carmarthenshire 017A,Investigation complete; no suspect identified
917e0a79401a6558497cf2d6705667d39184dc142ad9263cb2a9677e5be07eb8,2021-10,Dyfed-Powys Police,Dyfed-Powys Police,-4.363380,51.772984,On or near GLAN MORFA,W01000723,Carmarthenshire 012E,Further investigation is not in the public interest
b1ff15677b19eeebd812246cb198b39c21b04407cbb06a5bea4247b0a4f5a43e,2021-10,Dyfed-Powys Police,Dyfed-Powys Police,-3.173049,52.511104,On or near SPRING FIELDS,W01000447,Powys 007C,Investigation complete; no suspect identified
9633fd23da1f341bc3c7a93a9a18a4d369a902a8ed729d096cd2a45e52d6c7b4,2021-10,Dyfed-Powys Police,Dyfed-Powys Police,-4.932175,51.676286,On or near LONG MAINS,W01000606,Pembrokeshire 015B,Unable to prosecute suspect
48217d8aafb2cd18673710718ede513d34cc5ce24ab5ebd44dcd186e92246845,2021-10,Dyfed-Powys Police,Dyfed-Powys Police,-5.026564,51.723016,On or near CALDY WAY,W01000593,Pembrokeshire 010C,Unable to prosecute suspect
613d82d4076b6a708d7ce892d58e6fac27120786244556db2220fbea10b43be6,2021-10,Dyfed-Powys Police,Dyfed-Powys Police,-4.140539,51.672744,On or near SOUTH AVENUE,W01000628,Carmarthenshire 024A,Further investigation is not in the public interest
78c0e7ae8fa45a17b9c23efe657464fa20776cdf84c1ac274bbe41bc0042202b,2021-10,Dyfed-Powys Police,Dyfed-Powys Police,-4.118781,51.683480,On or near DWYFOR,W01000707,Carmarthenshire 025D,Suspect charged
99c5745a406fad33b6c961028d1bd7a5334e8dbd946a159388b6dea0b2683a5d,2021-10,Dyfed-Powys Police,Dyfed-Powys Police,-4.178291,51.780608,On or near BRANDYWAY,W01000717,Carmarthenshire 016E,Investigation complete; no suspect identified
3047993dfd061d6d727e31cef1186b0d5c85814208a053d8d6b159bfef61ef01,2021-10,Dyfed-Powys Police,Dyfed-Powys Police,-3.387138,51.947452,On or near HEOL GOUESNOU,W01000493,Powys 017E,Investigation complete; no suspect identified
adc82496ad14fc8e99521d5b076c18fdf31010dc8695d7bf0d1e0f14f8a11875,2021-10,Dyfed-Powys Police,Dyfed-Powys Police,-4.360504,51.990251,On or near Parking Area,W01000689,Carmarthenshire 003C,Unable to prosecute suspect
2c895993d693448789604f967943d8603bb7ff80bc0e1f49cb99d1aaa25f8ca5,2021-10,Dyfed-Powys Police,Dyfed-Powys Police,-3.141505,52.657216,On or near SEVERN ROAD,W01000499,Powys 003B,Investigation complete; no suspect identified
56d8cb6581c56d7fa97a0c1958d58a11bfac1e2d48aa8fc0c53cd618d1285939,2021-10,Dyfed-Powys Police,Dyfed-Powys Police,-4.071592,52.416068,On or near Hospital,W01000512,Ceredigion 002A,Suspect charged
458c81c8eddce853c331963581b994960fa0e9eb3a9170ab7a89921a7c8ad1ad,2021-10,Dyfed-Powys Police,Dyfed-Powys Police,-4.163588,51.682051,On or near CHURCH STREET,W01000654,Carmarthenshire 023B,Investigation complete; no suspect identified
9c083478e1a159eafb9ff3fbbeabb79f55b0862ec5611e301ea01f293617de08,2021-10,Dyfed-Powys Police,Dyfed-Powys Police,-4.237114,51.721212,On or near Sports/Recreation Area,W01000729,Carmarthenshire 018C,Action to be taken by another organisation
e3d1cfd6c245f8dd16a0eb1921851e7b7e09a1c892a6fc56ebece809a6946b91,2021-10,Dyfed-Powys Police,Dyfed-Powys Police,-3.991532,51.799676,On or near HEOL MARLAIS,W01000714,Carmarthenshire 013D,Investigation complete; no suspect identified
3d2e13d258ecf0b59c15a2026c5b1e64e377336230d04d31e62306a825595108,2021-10,Dyfed-Powys Police,Dyfed-Powys Police,-3.142895,52.660071,On or near MILL LANE,W01000499,Powys 003B,Investigation complete; no suspect identified
7855701a435b731c475b1a7b6b26f9f14dd8cfdb2377e1322b63ea26e26126fd,2021-10,Dyfed-Powys Police,Dyfed-Powys Police,-4.250410,51.687200,On or near MANSEL STREET,W01000632,Carmarthenshire 021A,Offender given a caution
8b319c9d27b66cd1c294c4e358ba628fc07e85ef4457ec8e96f5182b92381289,2021-10,Dyfed-Powys Police,Dyfed-Powys Police,-4.348540,51.847805,On or near Pedestrian Subway,W01000642,Carmarthenshire 008B,Investigation complete; no suspect identified
f1025b98744fd027cd56174a0edd1f3319156703bfbe1025e3aa0d0bd8045132,2021-10,Dyfed-Powys Police,Dyfed-Powys Police,-4.992501,52.002076,On or near Petrol Station,W01000567,Pembrokeshire 002D,Investigation complete; no suspect identified
c3ffc95f7c4253f379a5a32bcaa07be75eaf2420caf2ee97282271cc89806c0a,2021-10,Dyfed-Powys Police,Dyfed-Powys Police,-3.380839,52.241025,On or near HIGH STREET,W01000454,Powys 013A,Investigation complete; no suspect identified
92906c859f34717028ad7bfc9e0df84f42a8c872b33345c3c4bed1df4bb6ccc1,2021-10,Dyfed-Powys Police,Dyfed-Powys Police,-4.032051,52.356924,On or near TALAR DEG,W01000552,Ceredigion 011D,Local resolution
fbe9b784fc882031136882bfa35575a2a2df284b6edd34da3ddb48328c2515e4,2021-10,Dyfed-Powys Police,Dyfed-Powys Police,-3.143126,52.657560,On or near Police Station,W01000498,Powys 003A,Unable to prosecute suspect
0e8c8ea98a64d3c76600077aa8fb4fb9f2e56ed8409bce2e7653863ebfae734f,2021-10,Dyfed-Powys Police,Dyfed-Powys Police,-4.969090,51.806732,On or near Supermarket,W01000572,Pembrokeshire 005D,Investigation complete; no suspect identified
9e3baff2b6cec4af65259fad5d0ac70504d3943423c627b52dc4e76d66407145,2021-10,Dyfed-Powys Police,Dyfed-Powys Police,-3.082581,52.256123,On or near Parking Area,W01000484,Powys 011E,Investigation complete; no suspect identified
3f8d3a36e322f0deeeaca458d810cfb6054aa25bd367cc1123f6c8e8bd2dfbe4,2021-10,Dyfed-Powys Police,Dyfed-Powys Police,-3.946714,51.844048,On or near HEOL Y CWRT,W01000676,Carmarthenshire 004A,Investigation complete; no suspect identified
4385ad9b8eab3f72f6a0cae21f95645b7f7c68e492609900a5e551f8fe22df6d,2021-10,Dyfed-Powys Police,Dyfed-Powys Police,-3.232622,51.995351,On or near BELL STREET,W01000494,Powys 015E,Local resolution
386721962c009dac8740515a95dee4f51cca9728488a1664892e24926dd3ac20,2021-10,Dyfed-Powys Police,Dyfed-Powys Police,-5.033686,51.722112,On or near HOWARTH CLOSE,W01000594,Pembrokeshire 012E,Unable to prosecute suspect
7eecb22276c317c5cc832fa7481ab45fe84c25d4b1f7c98bc2a5d53c50dc3af5,2021-10,Dyfed-Powys Police,Dyfed-Powys Police,-4.997067,51.750619,On or near TALL TREES CLOSE,W01000575,Pembrokeshire 008C,Unable to prosecute suspect
f17a1944bed860b0dbe6a741fa819f04ea4131dba49d5ce1cd43b378bd28b835,2021-10,Dyfed-Powys Police,Dyfed-Powys Police,-4.406661,51.843968,On or near Parking Area,W01000649,Carmarthenshire 006E,Investigation complete; no suspect identified
4cd4898e9ec1c7e6eb350a4a65a39f54bc8d452c60765dccecbb5822dbc60c86,2021-10,Dyfed-Powys Police,Dyfed-Powys Police,-3.147993,52.664445,On or near BLUE BELL DRIVE,W01000501,Powys 003D,Unable to prosecute suspect
2a38c4219ff1b8e33bba471497828621709ab767467227bac557997646111415,2021-10,Dyfed-Powys Police,Dyfed-Powys Police,-3.141446,52.667987,On or near BRYN-Y-DDOL,W01000500,Powys 003C,Offender given a caution
9bbfeee8dfaa12ebbc3f941bdf01112e36f6e856c86c6e51a752214c37757da6,2021-10,Dyfed-Powys Police,Dyfed-Powys Police,-3.124997,52.074273,On or near MARKET STREET,W01000446,Powys 015D,Investigation complete; no suspect identified
da4eb95bcfa896db42e339b02c99b32db189b2d04aedadf7ae6bf9c3ee4c35b6,2021-10,Dyfed-Powys Police,Dyfed-Powys Police,-4.972937,51.789367,On or near ST ISSELL'S AVENUE,W01000586,Pembrokeshire 006C,Unable to prosecute suspect
6910bed1613ea7250c6dc713329be3a545a57d2392408212c122103c0107598d,2021-10,Dyfed-Powys Police,Dyfed-Powys Police,-4.658137,52.076219,On or near THE RIDGEWAY,W01000511,Ceredigion 009E,Unable to prosecute suspect
b65d502911e5dd25d228076270af1a7108e812d32a5d3488097649443593831f,2021-10,Dyfed-Powys Police,Dyfed-Powys Police,-3.830000,52.598951,On or near KINGFISHER GLADE,W01000442,Powys 004A,Investigation complete; no suspect identified
90b85112e50e6466471525e5f56f3c3e3018520ffafef30c9eb8d602479ae36c,2021-10,Dyfed-Powys Police,Dyfed-Powys Police,-4.963278,51.808147,On or near BACK LANE,W01000572,Pembrokeshire 005D,Further investigation is not in the public interest
10dd1fe2284dd6f6110ecd56a34e2703bab8eb9bfd503b026f9fa3cb54e94745,2021-10,Dyfed-Powys Police,Dyfed-Powys Police,-4.963340,51.811086,On or near Pedestrian Subway,W01000572,Pembrokeshire 005D,Investigation complete; no suspect identified
3a7140dc80087b8d74ad2d57840b384ebdc4a254e40f37d5e33095b7768b80a2,2021-10,Dyfed-Powys Police,Dyfed-Powys Police,-4.266653,51.994506,On or near RHANDIR WEN,W01000685,Carmarthenshire 001A,Formal action is not in the public interest
1cea2fbbda389d0067afd36bca1c65cb4700130eed24c3c0b60b1621d7105e78,2021-10,Dyfed-Powys Police,Dyfed-Powys Police,-4.261392,52.233324,On or near RHIWGOCH,W01000524,Ceredigion 005B,Unable to prosecute suspect
f24731eabec321a5136b77f8bacba2e5980b154ce59bfb0de3bf80420fd718c8,2021-10,Dyfed-Powys Police,Dyfed-Powys Police,-3.371365,51.819499,On or near Parking Area,W01001897,Powys 020D,Investigation complete; no suspect identified
48129d0032bed9570b7fafb2b7aa924ca357e0553892c3fb8268bbcea4e1e2b0,2021-10,Dyfed-Powys Police,Dyfed-Powys Police,-4.082278,52.416275,On or near PORTLAND ROAD,W01000513,Ceredigion 002B,Investigation complete; no suspect identified
28b95b895b9d63ccd62013d82d6e1b2196b4210575da28753ef0ff755c0b195d,2021-10,Dyfed-Powys Police,Dyfed-Powys Police,-3.403147,52.149107,On or near STRAND STREET,W01000431,Powys 014A,Unable to prosecute suspect
3f500a3e30d47118931368a54aa4f6ad1719b97a59da6878557b98144252d48a,2021-10,Dyfed-Powys Police,Dyfed-Powys Police,-3.986837,51.791510,On or near Supermarket,W01000626,Carmarthenshire 013B,Investigation complete; no suspect identified
0278cf63bff894c0023b77334eef16de72c73b8497f743b283ca6e8f4abcec2c,2021-10,Dyfed-Powys Police,Dyfed-Powys Police,-4.079153,52.416106,On or near STRYD Y DOLLBORTH,W01001934,Ceredigion 002F,Investigation complete; no suspect identified
4460fd501df0c15d1603c291dcd0f7f9b312a069045b6de9848785feb5e1525a,2021-10,Dyfed-Powys Police,Dyfed-Powys Police,-4.307247,51.856644,On or near Shopping Area,W01000641,Carmarthenshire 008A,Investigation complete; no suspect identified
cca0a44a2d0e8de2e1a046b86a17c9089455d9dbb1c4b8d60ec2cb0e3c714922,2021-10,Dyfed-Powys Police,Dyfed-Powys Police,-3.334757,52.504814,On or near LON PANTYLLYN,W01000483,Powys 009C,Unable to prosecute suspect
26804d8be9989c149ddfcd4e8c69ae3e0bd979ccdda43902224b67872337253b,2021-10,Dyfed-Powys Police,Dyfed-Powys Police,-4.701274,51.671521,On or near TRAFALGAR ROAD,W01000620,Pembrokeshire 016C,Investigation complete; no suspect identified
88f3100aeca77c8bb7f7634361e673ad33352b50f6f2c28b855f81f1f336079b,2021-10,Dyfed-Powys Police,Dyfed-Powys Police,-4.115184,51.683599,On or near AMANWY,W01000636,Carmarthenshire 025B,Offender given a caution
71f48babbefbbee3f896c8264fb8250fa592d46e14d010cbb203d9ac03a1302b,2021-10,Dyfed-Powys Police,Dyfed-Powys Police,-4.908856,51.674043,On or near EAST END SQUARE,W01000608,Pembrokeshire 015D,Investigation complete; no suspect identified
be46fc4521c0d8a7b2e3530f336d58e9401e38a348edaac3a6955804f5b67c5b,2021-10,Dyfed-Powys Police,Dyfed-Powys Police,-3.127719,52.073428,On or near CASTLE STREET,W01000446,Powys 015D,Unable to prosecute suspect
82441b61efc460a8f384d0f44f2f323cb355e6251e695bb821b4b1e17b70b990,2021-10,Dyfed-Powys Police,Dyfed-Powys Police,-4.038894,52.419388,On or near TREFAENOR,W01000525,Ceredigion 011A,Suspect charged
b100c68407f00129522ada11b255b7580216ebd8357a58bceecc4b80f074c63f,2021-10,Dyfed-Powys Police,Dyfed-Powys Police,-4.968891,51.801278,On or near HILL LANE,W01000568,Pembrokeshire 005A,Suspect charged
459aabba36416a9615251c38a6db4da45590f8dae2a3ef601280e5ea1f5bec64,2021-10,Dyfed-Powys Police,Dyfed-Powys Police,-4.927596,51.690512,On or near KAVANAGH COURT,W01000601,Pembrokeshire 013B,Investigation complete; no suspect identified
a031774d62513fd2c870d5e0a54946bbde607b50f7e54d7cccbfb25eb6bb8311,2021-10,Dyfed-Powys Police,Dyfed-Powys Police,-4.331644,51.859427,On or near Parking Area,W01000644,Carmarthenshire 006B,Investigation complete; no suspect identified
c1aca8e3aeda5bac804b7fc992bc2e62cef65c05cd5ad895002442ef7e5e1673,2021-10,Dyfed-Powys Police,Dyfed-Powys Police,-4.371475,51.848253,On or near Petrol Station,W01000644,Carmarthenshire 006B,Investigation complete; no suspect identified
1b6ec7a34140e6adbcc356ac24111ffc444583cb22902a17e74dcfbb83b8e25e,2021-10,Dyfed-Powys Police,Dyfed-Powys Police,-4.879159,51.852077,On or near DUNGLEDDY COURT,W01000623,Pembrokeshire 004D,Unable to prosecute suspect
08b911816c4ca4ff0dd5cd9ed477a2281261b55674c9b1c6a069305149338ba7,2021-10,Dyfed-Powys Police,Dyfed-Powys Police,-4.174550,51.828796,On or near CAE PERSON,W01000675,Carmarthenshire 012A,Unable to prosecute suspect
5874fd03ebffd1449f4d858657368537b497c09d95a7072364f6e46d6936d88d,2021-10,Dyfed-Powys Police,Dyfed-Powys Police,-3.377666,52.242591,On or near A483,W01000454,Powys 013A,Unable to prosecute suspect
dca7458424abac077fca91d46bc6dc60100373f80e5b61323c758b49205668ad,2021-10,Dyfed-Powys Police,Dyfed-Powys Police,-3.389354,52.217756,On or near MILL VIEW CLOSE,W01000438,Powys 012A,Formal action is not in the public interest
122008d414adaab3eb8302f8356b96b8c8e5bc1dbc6b83fac9e289d8d101cc23,2021-10,Dyfed-Powys Police,Dyfed-Powys Police,-4.074761,52.118115,On or near PARC Y FELIN,W01000528,Ceredigion 008B,Unable to prosecute suspect
ef65523b14589a4387453205487568f0518d3857e46bbd7bc2a52d99ca484b5a,2021-10,Dyfed-Powys Police,Dyfed-Powys Police,-3.403289,52.253483,On or near TIR EGLWYS,W01000472,Powys 012C,Formal action is not in the public interest
83149995f53039c5010f91f0d696489e1db7eda6fb88541af4e7c3d3e8be968c,2021-10,Dyfed-Powys Police,Dyfed-Powys Police,-4.075316,52.117161,On or near MAESYFELIN,W01000528,Ceredigion 008B,Investigation complete; no suspect identified
e04c8193a2012bd9c9a98ad8812ac3ab082b813e7ceea96224ef2caa7faf1f2d,2021-10,Dyfed-Powys Police,Dyfed-Powys Police,-3.125370,52.610361,On or near A490,W01000441,Powys 005B,Investigation complete; no suspect identified
4a39a431319f8856ab4b89b7b1880b6d10f8bd1dba796939742ffb14f2402d16,2021-10,Dyfed-Powys Police,Dyfed-Powys Police,-4.299062,51.863018,On or near BELVEDERE AVENUE,W01000638,Carmarthenshire 007B,Suspect charged
6e7f730806688e7cb9062bed971c57119889cefb26b752c7e41b813a12a0f641,2021-10,Dyfed-Powys Police,Dyfed-Powys Police,-3.144765,52.659747,On or near Parking Area,W01000499,Powys 003B,Unable to prosecute suspect
3194b9d337bdd541a68b1be49eac0cbc64fdbc6fd0e8324e705c3c63001ccab5,2021-10,Dyfed-Powys Police,Dyfed-Powys Police,-4.157568,51.677135,On or near GER Y LLAN,W01000734,Carmarthenshire 026F,Investigation complete; no suspect identified
47171a6b4313a394dde412dc40beb937db8cd1e1f1a00e0fe14bfdf758bfce5f,2021-10,Dyfed-Powys Police,Dyfed-Powys Police,-4.348540,51.847805,On or near Pedestrian Subway,W01000642,Carmarthenshire 008B,Investigation complete; no suspect identified
b35a501c10a55a77b73a7504f6dfa7fc64509e3ac3147633a9023a3f6b54c80c,2021-10,Dyfed-Powys Police,Dyfed-Powys Police,-4.985573,51.997594,On or near HEOL DYFED,W01000566,Pembrokeshire 002C,Formal action is not in the public interest
d26e1d3553cd63c36bc9c2eb947be75eb325c8fb1e6441135a4e2bd06c27d0be,2021-10,Dyfed-Powys Police,Dyfed-Powys Police,-5.041823,51.715408,On or near Parking Area,W01000594,Pembrokeshire 012E,Investigation complete; no suspect identified
6053a172e7334a7167fa992f6a61b64d1157188463205de9be495eaf398a8da6,2021-10,Dyfed-Powys Police,Dyfed-Powys Police,-4.082230,52.411825,On or near STRYD CAE GLAS,W01000518,Ceredigion 003C,Investigation complete; no suspect identified
928221414aa1046c116fc9b6703d622ee89d811edffccd3caf77a03f60d7e96d,2021-10,Dyfed-Powys Police,Dyfed-Powys Police,-3.034593,52.706996,On or near CHESTNUT DRIVE,W01000497,Powys 005D,Investigation complete; no suspect identified
9e69f164dcc157b74816bf7381cf6d422248a8d2d5645a1dfb380a085d18338f,2021-10,Dyfed-Powys Police,Dyfed-Powys Police,-4.323572,51.858634,On or near COLLEGE ROAD,W01000644,Carmarthenshire 006B,Unable to prosecute suspect
5de55238a8f566788532740fa46d5a0834d7a755a96a35f174594180ca1590dc,2021-10,Dyfed-Powys Police,Dyfed-Powys Police,-4.019204,51.851233,On or near Parking Area,W01000684,Carmarthenshire 005D,Investigation complete; no suspect identified
e0ee22cff7392ac838e17433699425858a02eba5f1ca26819c65330a590e30f7,2021-10,Dyfed-Powys Police,Dyfed-Powys Police,-3.334757,52.504814,On or near LON PANTYLLYN,W01000483,Powys 009C,Investigation complete; no suspect identified
0796d4499bfff4b99bae5995f61f9b8797be221343847869f58b1042796fe8b3,2021-10,Dyfed-Powys Police,Dyfed-Powys Police,-3.334757,52.504814,On or near LON PANTYLLYN,W01000483,Powys 009C,Unable to prosecute suspect
c8b3be2cd82f16ac1d0ef01b0265efae5b508daf10b865e4a33aa99e777ce7d0,2021-10,Dyfed-Powys Police,Dyfed-Powys Police,-4.134256,51.679701,On or near A4138,W01000628,Carmarthenshire 024A,Investigation complete; no suspect identified
74b0425bc4041120108c563fa381f462284eb08eb9a35afa153f5090df258d82,2021-10,Dyfed-Powys Police,Dyfed-Powys Police,-4.089704,51.797423,On or near CARMARTHEN ROAD,W01000697,Carmarthenshire 015A,Investigation complete; no suspect identified
c3a2a5d5d0224970ec01b43602ac79503c70aa4b7df2fc6f33ece9310c49d76c,2021-10,Dyfed-Powys Police,Dyfed-Powys Police,-3.798499,51.993399,On or near STRYD LYDAN,W01000679,Carmarthenshire 002D,Action to be taken by another organisation
e7db26e9dacab1449831a8e761fcdb515a292698de6b3e480a4c3da6bf9e1cd1,2021-10,Dyfed-Powys Police,Dyfed-Powys Police,-4.165359,51.680966,On or near Police Station,W01000654,Carmarthenshire 023B,Formal action is not in the public interest
bbf4fa341e8d27f74735107792191dcc63e14109c5d1ae8c2103beb6904d48d1,2021-10,Dyfed-Powys Police,Dyfed-Powys Police,-3.315126,52.516469,On or near OLD CHURCH STREET,W01000480,Powys 008A,Investigation complete; no suspect identified
fb9db4a24b7e5f57c14060d7054abb6addeeefe40653d09f853524d3ae027449,2021-10,Dyfed-Powys Police,Dyfed-Powys Police,-3.996416,51.857009,On or near HEOL FFIGYS,W01000676,Carmarthenshire 004A,Unable to prosecute suspect
22cc40d6b324f5e477933fc7ed00f21289c43e29adad11939551f92840c186b3,2021-10,Dyfed-Powys Police,Dyfed-Powys Police,-3.990505,51.788534,On or near FFYNONN LAS,W01000625,Carmarthenshire 013A,Investigation complete; no suspect identified
26c71af75887bc281ec49f9f3b153d649abbdf5aa3b468c95398ea6909ced8cb,2021-10,Dyfed-Powys Police,Dyfed-Powys Police,-4.886619,51.847460,On or near ORTON LANE,W01000623,Pembrokeshire 004D,Unable to prosecute suspect
171e93c07cd3a4d839f616cbe82c05a22c8f116f6fec59a5179a251b3f43197f,2021-10,Dyfed-Powys Police,Dyfed-Powys Police,-4.147955,51.681844,On or near BRYNALLT TERRACE,W01000630,Carmarthenshire 024C,Suspect charged
c1e638f0e480fb7d09f68ae003dd3eaf5161b067eecf15cb08e2fa8d7f69c899,2021-10,Dyfed-Powys Police,Dyfed-Powys Police,-4.403292,52.021103,On or near GER Y LLAN,W01000688,Carmarthenshire 003B,Unable to prosecute suspect
3f7bd343ac4225507b1d60577f6debb69fc41373e1a7db090f919253d1549e21,2021-10,Dyfed-Powys Police,Dyfed-Powys Police,-4.299062,51.863018,On or near BELVEDERE AVENUE,W01000638,Carmarthenshire 007B,Suspect charged
54ee059bba890076c13302cbaa05b6f77c745526c29a0900295937dc76ce894b,2021-10,Dyfed-Powys Police,Dyfed-Powys Police,-4.146764,51.670418,On or near BOWEN TERRACE,W01001923,Carmarthenshire 026G,Offender given a caution
5cb15f3cf981571b21963ed36ab8da36951908b7760f73801bc800505661e2dd,2021-10,Dyfed-Powys Police,Dyfed-Powys Police,-3.020727,52.296961,On or near SCHOOL LANE,W01000485,Powys 011F,Investigation complete; no suspect identified
ea5e96b8b020a53292948e80c47709735abf3d788da5c49eff03494712dbb262,2021-10,Dyfed-Powys Police,Dyfed-Powys Police,-4.942871,51.694429,On or near Parking Area,W01000600,Pembrokeshire 013A,Suspect charged
0ff6593132d0270bd58e4620b90268be434367a7bbd2144d225b1de55c327fb2,2021-10,Dyfed-Powys Police,Dyfed-Powys Police,-4.639655,52.056598,On or near CHURCH STREET,W01000558,Pembrokeshire 001A,Investigation complete; no suspect identified
53f24cfc8d51e122dd1045d1becfcc43be57dcf2ea5d5a2169a046f52dc31c35,2021-10,Dyfed-Powys Police,Dyfed-Powys Police,-4.034825,51.788719,On or near LLYS YR YSGOL,W01000724,Carmarthenshire 011C,Investigation complete; no suspect identified
d98667c3c2d1d1a12a350888814d8f7b3e6b4e56dda1f8310c7433d07f7bdf35,2021-10,Dyfed-Powys Police,Dyfed-Powys Police,-3.378190,52.242486,On or near Supermarket,W01000454,Powys 013A,Investigation complete; no suspect identified
8f32878f7043065b5fe23ee86912a2d6606e8b3c65cb07c2e0da563b86ce0cff,2021-10,Dyfed-Powys Police,Dyfed-Powys Police,-3.539834,52.449582,On or near LONG BRIDGE STREET,W01000467,Powys 010D,Formal action is not in the public interest
9c13223599ec76b6933bd3a85f35255800bfd2abf809f25530b431cfa3a4db31,2021-10,Dyfed-Powys Police,Dyfed-Powys Police,-4.156549,51.690688,On or near FELINFOEL ROAD,W01000704,Carmarthenshire 022B,Unable to prosecute suspect
ef5390e208ced9e952e47faf5f87825ef7190098721a95bcccc5c91ca788287e,2021-10,Dyfed-Powys Police,Dyfed-Powys Police,-3.102287,52.733176,On or near BRYN TEG,W01000457,Powys 002B,Investigation complete; no suspect identified
feed734c7055bab29fe855b8c6252204afa541bd229fcfaf7c3f7636c0e4e446,2021-10,Dyfed-Powys Police,Dyfed-Powys Police,-3.390851,51.948011,On or near Supermarket,W01000492,Powys 017D,Investigation complete; no suspect identified
85220ccc26f44c4a6ef721b4c3f4c6b27d44ccb225878187d23fd650cd7cb4b6,2021-10,Dyfed-Powys Police,Dyfed-Powys Police,-4.510998,52.114222,On or near B4333,W01000545,Ceredigion 007D,Investigation complete; no suspect identified
7449080bff60d626e10e3440ced565918b9247b146fb2061f6734b364c7f8152,2021-10,Dyfed-Powys Police,Dyfed-Powys Police,-3.800226,51.783834,On or near TAI GWALIA,W01001899,Powys 021F,Suspect charged
0854bb6efac4d0339062d16dca1833e09ea80e1bc97a0247cb3c103390e6b7af,2021-10,Dyfed-Powys Police,Dyfed-Powys Police,-4.087476,52.415186,On or near Conference/Exhibition Centre,W01000517,Ceredigion 002D,Investigation complete; no suspect identified
16c58c8ac5408f869cff5be1ef2957ce5e14323649ed06bbe0367eb43c7e7bfc,2021-10,Dyfed-Powys Police,Dyfed-Powys Police,-4.715187,51.672216,On or near MARSH ROAD,W01000621,Pembrokeshire 016D,Investigation complete; no suspect identified
36054d3a0a11b1faa5eebda8ca5e8aac8c902cb3a1ffa6b5a3d2f084d9fa047a,2021-10,Dyfed-Powys Police,Dyfed-Powys Police,-4.790959,51.648099,On or near LONGFIELD,W01000584,Pembrokeshire 014C,Unable to prosecute suspect
8f21b6d04d5277d47ab6b476ceedf4b6b52b4b3dafa123971bb51083a298e605,2021-10,Dyfed-Powys Police,Dyfed-Powys Police,-4.155502,51.681139,On or near WERN ROAD,W01000629,Carmarthenshire 024B,Investigation complete; no suspect identified
be571a56833b04a575e9ae4b0092a8628e303b801fe3aade89c6b50ff8dbab22,2021-10,Dyfed-Powys Police,Dyfed-Powys Police,-4.681275,52.081909,On or near HIGH STREET,W01000613,Pembrokeshire 001E,Investigation complete; no suspect identified
92329348cc82140f31d9dae2b93c7b5d9d97c3ac127fb918318f63454cdf5446,2021-10,Dyfed-Powys Police,Dyfed-Powys Police,-4.730645,51.715872,On or near VALLEY CLOSE,W01000564,Pembrokeshire 011C,Investigation complete; no suspect identified
7dcd12cee59d42c034e3e2f87efafc7962a814ac2b9c579fab9d8665e4344131,2021-10,Dyfed-Powys Police,Dyfed-Powys Police,-4.308583,52.041027,On or near HEOL-Y-NEUADD,W01000533,Ceredigion 010D,Further investigation is not in the public interest
45b19a14fa5c6ec9bcc8fa723d860c3284355fab896967f919cee7a1583506d6,2021-10,Dyfed-Powys Police,Dyfed-Powys Police,-4.081961,51.786743,On or near PONTARDULAIS ROAD,W01000699,Carmarthenshire 015C,Further investigation is not in the public interest
b5d4f66301214904f81b1cae9602913cf323f6a3419d6802fd746add3b1f2743,2021-10,Dyfed-Powys Police,Dyfed-Powys Police,-4.140613,51.675845,On or near Shopping Area,W01000628,Carmarthenshire 024A,Local resolution
c843287ac0ecbe881e346aae4034055d096f41c40ee095f90927ec87f9e23b55,2021-10,Dyfed-Powys Police,Dyfed-Powys Police,-4.987013,51.803310,On or near SANDERLING CLOSE,W01000570,Pembrokeshire 005C,Unable to prosecute suspect
314f99ac35c4b96a42e1b55543f6ff27cf6adc36896f283730b11129812fc6ea,2021-10,Dyfed-Powys Police,Dyfed-Powys Police,-4.697275,51.671415,On or near SERGEANTS LANE,W01000620,Pembrokeshire 016C,Investigation complete; no suspect identified
8f99bafa8ed2b7f99db5aedc4a841696cc3b16254f685068f960a51d9e2500ad,2021-10,Dyfed-Powys Police,Dyfed-Powys Police,-3.149261,52.654193,On or near BRYN-Y-CASTELL,W01000498,Powys 003A,Investigation complete; no suspect identified
3575ed44d0a0a904c538dc3b692fb93cfb8199d1c87346a1e22216fc4c6a24d1,2021-10,Dyfed-Powys Police,Dyfed-Powys Police,-4.240481,52.221152,On or near A482,W01000524,Ceredigion 005B,Unable to prosecute suspect
f01c69a1d113a6115b1a11c14c595ec4c428a114f67659872970edb7a0145dbe,2021-10,Dyfed-Powys Police,Dyfed-Powys Police,-4.613667,51.955522,On or near BROMEINI,W01000561,Pembrokeshire 001D,Investigation complete; no suspect identified
9a44df8cad17acba02bc2886749ea997f30fb7ca426c1fd9dfd6fb6fc90a82c8,2021-10,Dyfed-Powys Police,Dyfed-Powys Police,-3.402660,51.953427,On or near CRADOC ROAD,W01001902,Powys 017G,Further investigation is not in the public interest
c836849674564a9bfa90bd8c2c1b8205f28c9ddf591a2a65d11136d2b4c8ee69,2021-10,Dyfed-Powys Police,Dyfed-Powys Police,-4.163578,51.683355,On or near VAUXHALL ROAD,W01000653,Carmarthenshire 023A,Unable to prosecute suspect
3a51ece7743f879b368d847db876f940b95c37b2578be6d841e24ae440112450,2021-10,Dyfed-Powys Police,Dyfed-Powys Police,-4.258850,51.682361,On or near HEOL VAUGHAN,W01000633,Carmarthenshire 021B,Investigation complete; no suspect identified
6e02767b37a585ab4ae47f75bcf55c5dce56d40148d4c44771a11433930cf0d1,2021-10,Dyfed-Powys Police,Dyfed-Powys Police,-4.087610,52.412729,On or near PEN-MAES-GLAS ROAD,W01000517,Ceredigion 002D,Unable to prosecute suspect
b0f4e01bd8c1c8ea28d3d34f3b0de7cc2de124a71e67a212fe69d92b8148d913,2021-10,Dyfed-Powys Police,Dyfed-Powys Police,-3.470377,51.849917,On or near A4059,W01001897,Powys 020D,Unable to prosecute suspect
812dbeef5d4546b251c04659ad6d8d15ae8cb91c668d325172f9bebb65fa1a85,2021-10,Dyfed-Powys Police,Dyfed-Powys Police,-3.906091,51.800670,On or near HEOL Y CORONI,W01000656,Carmarthenshire 010A,Investigation complete; no suspect identified
c76eafeb2412165fb09fe2f7b6847a0a70caa84f3ef6126424ea046d79414c37,2021-10,Dyfed-Powys Police,Dyfed-Powys Police,-3.351058,52.636986,On or near NEW ROAD,W01000460,Powys 006B,Unable to prosecute suspect
312f62057c5f5b32854286d3afd731dc1b3deb0221b8afc209b4ec40e3a613a8,2021-10,Dyfed-Powys Police,Dyfed-Powys Police,-4.165359,51.680966,On or near Police Station,W01000654,Carmarthenshire 023B,Investigation complete; no suspect identified
b3c7e2d0b32ad62044fad58557bd47d5dfe20078f05014bcd78163d8a0f692a1,2021-10,Dyfed-Powys Police,Dyfed-Powys Police,-4.277931,51.748593,On or near HEOL YR YSGOL,W01000671,Carmarthenshire 018B,Investigation complete; no suspect identified
8380b269886e32f34058950b89881c78aba223d4f6b2881e4f49c68d785fac0a,2021-10,Dyfed-Powys Police,Dyfed-Powys Police,-4.045232,52.152360,On or near Parking Area,W01000537,Ceredigion 008D,Investigation complete; no suspect identified
ca0db2e7ad0b4efba9614c6874aa582ef8b4aeebacd833ef804864ec09c8c76f,2021-10,Dyfed-Powys Police,Dyfed-Powys Police,-3.985955,51.792244,On or near HALL STREET,W01000626,Carmarthenshire 013B,Investigation complete; no suspect identified
a6bfa8ac9b7883149ca1d237ef8b7cc799414fded1c8acc68ebe07c12d361abf,2021-10,Dyfed-Powys Police,Dyfed-Powys Police,-4.933222,51.673688,On or near GWILLIAM COURT,W01000606,Pembrokeshire 015B,Investigation complete; no suspect identified
bcfa8e630962d9451a66bf404bb3bfd22e2fc6b86ad5e1b724069399fa3c5f8d,2021-10,Dyfed-Powys Police,Dyfed-Powys Police,-4.078834,52.417145,On or near PARC Y BRYN,W01001934,Ceredigion 002F,Suspect charged
1a94bfd19cad9136e8c01f364bb935543196d38053b7fc4a9852d1aec4525c85,2021-10,Dyfed-Powys Police,Dyfed-Powys Police,-5.033883,51.717061,On or near PRIORY ROAD,W01000594,Pembrokeshire 012E,Investigation complete; no suspect identified
a4b31a3931b45cc3b1e021b41a36c644806a243fe05948d23b259bea6405dcd5,2021-10,Dyfed-Powys Police,Dyfed-Powys Police,-5.039979,51.715114,On or near ST PETER'S ROAD,W01000594,Pembrokeshire 012E,Unable to prosecute suspect
b13e73912c075f525908cad6312e185292d3dae24f846d526f8cecb602dd12e8,2021-10,Dyfed-Powys Police,Dyfed-Powys Police,-5.265595,51.881153,On or near CROSS SQUARE,W01000612,Pembrokeshire 003C,Investigation complete; no suspect identified
28ace6b656912bac6b20800c69008afa567cecb6608f5c4e87ffdd945dd25f9d,2021-10,Dyfed-Powys Police,Dyfed-Powys Police,-3.984016,51.789363,On or near STRYD Y PARC,W01000627,Carmarthenshire 013C,Investigation complete; no suspect identified
c2cbce0fa715871a5ecdb805f11e81ccce6f14899b66b634557b30d26ee7d067,2021-10,Dyfed-Powys Police,Dyfed-Powys Police,,,No location,,,Investigation complete; no suspect identified
0110727d93cddec24b993c615db59d1c4dcad6b9e6899cb7e1e1c21d486b9b1a,2021-10,Dyfed-Powys Police,Dyfed-Powys Police,-4.084484,52.417217,On or near MARINE TERRACE,W01001934,Ceredigion 002F,Unable to prosecute suspect
94a3b6979f669745bd2c8ec2d45fe6acaa8cbec0270f9ea9a1b7f4f2802c6d47,2021-10,Dyfed-Powys Police,Dyfed-Powys Police,-4.146186,51.668297,On or near RHES GWAITH TYN,W01001923,Carmarthenshire 026G,Investigation complete; no suspect identified
c6f29b91019ad0714f39ea9ba063908515aa228d8f674be5709d034907f55d94,2021-10,Dyfed-Powys Police,Dyfed-Powys Police,-4.137029,51.677457,On or near Supermarket,W01000628,Carmarthenshire 024A,Investigation complete; no suspect identified
10c6d5c9166188147b2ce0ff09dbedd8aa8fc378fdf866e3893322b70f9f303b,2021-10,Dyfed-Powys Police,Dyfed-Powys Police,-4.929772,51.693057,On or near LLANION COTTAGES,W01000601,Pembrokeshire 013B,Suspect charged
2e9f507adc6b40f31591574727a24a670baf8d43cc533ad768875d01d625eebd,2021-10,Dyfed-Powys Police,Dyfed-Powys Police,-4.973672,51.802074,On or near SPRING GARDENS LANE,W01000571,Pembrokeshire 006A,Unable to prosecute suspect
ea0cd058ce00cbbc8e8a504fd5071f0062dd192b745a33168fe1c8756168982e,2021-10,Dyfed-Powys Police,Dyfed-Powys Police,-3.470377,51.849917,On or near A4059,W01001897,Powys 020D,Unable to prosecute suspect
ed683d5dad458cdd20aac1d319ba3fc2957442811277e0a1c3df82d303bc5c70,2021-10,Dyfed-Powys Police,Dyfed-Powys Police,-4.999080,51.799540,On or near CUCKOO LANE,W01000571,Pembrokeshire 006A,Investigation complete; no suspect identified
0be33445e3fbc2d04ef536ede362b2d4169bea847360df7ff4ceaaa3ce8ad63a,2021-10,Dyfed-Powys Police,Dyfed-Powys Police,-5.051684,51.715845,On or near COURT RISE,W01000591,Pembrokeshire 012C,Action to be taken by another organisation
61e5972b82471ceb9bfe527724fdff3ca41a555b84b2d6e0e5c1116099e8782e,2021-10,Dyfed-Powys Police,Dyfed-Powys Police,-3.876749,51.971181,On or near BRODAWEL,W01000647,Carmarthenshire 002A,Unable to prosecute suspect
a2b784260f50318190d037010a2cb8b1da3533d204249f6681eccccc38275519,2021-10,Dyfed-Powys Police,Dyfed-Powys Police,-4.476583,51.762208,On or near Park/Open Space,W01000673,Carmarthenshire 027F,Further investigation is not in the public interest
33a5a751dfea3d62b936c81b9c1a66ef9b355c106ebc464a2b8cb754c0b5a883,2021-10,Dyfed-Powys Police,Dyfed-Powys Police,-4.118947,51.783914,On or near TIR BECCA,W01000697,Carmarthenshire 015A,Investigation complete; no suspect identified
c2fffe0638e3e3e93994fb70c3abde0165c1f62fdfcf94a5a260e578b60ed237,2021-10,Dyfed-Powys Police,Dyfed-Powys Police,-3.385421,51.944145,On or near CHARLES STREET,W01000492,Powys 017D,Suspect charged
14ee30705f0770519f19756c66cd26bdd70e6a77e5fd62f24b74fe67f0d8b059,2021-10,Dyfed-Powys Police,Dyfed-Powys Police,-3.209446,52.028238,On or near GWERNYFED PARK,W01000445,Powys 015C,Unable to prosecute suspect
15c6918e30cf74120af59e853c5f658ee53f6a68100ab9154f3573ec650f0a97,2021-10,Dyfed-Powys Police,Dyfed-Powys Police,-3.396884,51.947382,On or near SILVER STREET,W01000489,Powys 017A,Investigation complete; no suspect identified
c29d97184317d1ab9694f2b3b2597eeafdb102fc8278b14b63aa07c237e58880,2021-10,Dyfed-Powys Police,Dyfed-Powys Police,-4.697319,51.671909,On or near PENNILESS COVE HILL,W01000620,Pembrokeshire 016C,Investigation complete; no suspect identified
9b4ee8512adec30e9afbf92cc201be112ec66195185e17e825c631a3c3d175e5,2021-10,Dyfed-Powys Police,Dyfed-Powys Police,-4.467795,52.038374,On or near SYCAMORE STREET,W01000646,Carmarthenshire 003A,Suspect charged
f5df73593541fd3e5e594dc306abc236f6eed8e945c30371d8fd2653ab1d7cb8,2021-10,Dyfed-Powys Police,Dyfed-Powys Police,-5.049591,51.711861,On or near OBSERVATORY AVENUE,W01000589,Pembrokeshire 012A,Unable to prosecute suspect
2cafc28e8ddbf94d730b63ea35f2b1e287bb04818da145b0a90103f349742a8e,2021-10,Dyfed-Powys Police,Dyfed-Powys Police,-4.149092,51.696067,On or near Petrol Station,W01000655,Carmarthenshire 020C,Offender given a caution
e526c59675688bad6c068eac89d424709578592d987e7fbf75a9eecc75dc50fa,2021-10,Dyfed-Powys Police,Dyfed-Powys Police,-3.375955,52.248842,On or near TREMONT ROAD,W01000455,Powys 013B,Unable to prosecute suspect
7a37cdf074ee85321a313fe66ede3fb241f7f3340371c7b8df94fb4e0cb3ba0c,2021-10,Dyfed-Powys Police,Dyfed-Powys Police,-3.268527,52.766692,On or near MAES Y DDERWEN,W01000461,Powys 001A,Investigation complete; no suspect identified
69fb1adfeadc293941d0ccaa1cc620d41c2f1e1f556b1adc186a0c5ed778bf89,2021-10,Dyfed-Powys Police,Dyfed-Powys Police,-4.026713,52.445582,On or near MAES AFALLEN,W01000548,Ceredigion 001D,Investigation complete; no suspect identified
c0e91f695c5f66055da6cc4d628067722b03e83285ad1de036ac2e49b36ed176,2021-10,Dyfed-Powys Police,Dyfed-Powys Police,-4.307936,51.857611,On or near Shopping Area,W01000641,Carmarthenshire 008A,Investigation complete; no suspect identified
846b5e561907a9fd08d5c345d7f4cf1ab3c3faf28b6fbfe8631dc718375382a0,2021-10,Dyfed-Powys Police,Dyfed-Powys Police,-4.317494,51.859635,On or near THE GROVE,W01000645,Carmarthenshire 006C,Unable to prosecute suspect
adbf5d710bc4878c68bcf94bf637a585e5161e90696174d9eb49c6df786fbc3c,2021-10,Dyfed-Powys Police,Dyfed-Powys Police,-5.087434,51.726467,On or near LITTLE CASTLE GROVE,W01000614,Pembrokeshire 008D,Unable to prosecute suspect
eaa3707eae090814d32b7ba6da0e3d60e2bc052ebc463d736df55c135254ee5b,2021-10,Dyfed-Powys Police,Dyfed-Powys Police,-4.314588,51.854225,On or near Petrol Station,W01000641,Carmarthenshire 008A,Investigation complete; no suspect identified
261359c164ff9276878da23e23332bb57fe2dc88307adb1038137b475738dca5,2021-10,Dyfed-Powys Police,Dyfed-Powys Police,-3.969968,51.795409,On or near LAUREL DRIVE,W01000715,Carmarthenshire 013E,Suspect charged
fccbdf085c0dee636a86a8b81af9e769a289b80efbfd75f700d356fc47fab5e8,2021-10,Dyfed-Powys Police,Dyfed-Powys Police,-3.946714,51.844048,On or near HEOL Y CWRT,W01000676,Carmarthenshire 004A,Unable to prosecute suspect
91a936881a644a15f80b27e12899bd465f991f8a726b5b136561aedfcdfae131,2021-10,Dyfed-Powys Police,Dyfed-Powys Police,-4.121674,51.681935,On or near HEOL ELFED,W01000708,Carmarthenshire 025E,Investigation complete; no suspect identified
840af310759fe6eb4ca3bce7ad6c3422f469e9c99f5cf3c45e82e5e6baf23436,2021-10,Dyfed-Powys Police,Dyfed-Powys Police,-3.156118,52.660788,On or near DOLYFELIN,W01000501,Powys 003D,Unable to prosecute suspect
c6fcb1b6eacb234746480034b31adbdd56d365e35971cfd38ee8f9fd197a43de,2021-10,Dyfed-Powys Police,Dyfed-Powys Police,-3.379308,52.249270,On or near A4081,W01000455,Powys 013B,Unable to prosecute suspect
dfdcd6931c970847fb2f510af5b4a14047002bda1dbf1279fb69ea7d868d9e04,2021-10,Dyfed-Powys Police,Dyfed-Powys Police,-3.141505,52.657216,On or near SEVERN ROAD,W01000499,Powys 003B,Investigation complete; no suspect identified
5cab6fc0a654f9bab986a32ffa6bfa97adf89002f9d70b1adb3d993fc5368e0a,2021-10,Dyfed-Powys Police,Dyfed-Powys Police,-4.994349,51.759691,On or near VICTORIA GARDENS,W01000575,Pembrokeshire 008C,Unable to prosecute suspect
239b3026828b04e743b1322a72cdbfd78fb496b0409078fb122896c6efab9384,2021-10,Dyfed-Powys Police,Dyfed-Powys Police,-4.155502,51.671697,On or near FLORENCE STREET,W01000659,Carmarthenshire 026A,Investigation complete; no suspect identified
4db236c183f8c4bc3b30ba621df516c46f2d44fab4220fb9b6af857e34090a02,2021-10,Dyfed-Powys Police,Dyfed-Powys Police,-4.161847,51.681031,On or near COWELL STREET,W01000654,Carmarthenshire 023B,Investigation complete; no suspect identified
2545410fcead62724157a4879a573931b5dbe3984b63383951bdbd1fc649512c,2021-10,Dyfed-Powys Police,Dyfed-Powys Police,-4.042875,51.784290,On or near TANYFAN,W01000724,Carmarthenshire 011C,Unable to prosecute suspect
a78a222f46b19545628f323b63032c1318d876468774f4234c3a0fd1d0d5c33f,2021-10,Dyfed-Powys Police,Dyfed-Powys Police,-5.035455,51.716094,On or near ST DAVID'S ROAD,W01000594,Pembrokeshire 012E,Investigation complete; no suspect identified
11c55f8b3ca0910f3fb5ef6bd53e7e7e9c315d5be52c63bf7dad1f122c1c3f90,2021-10,Dyfed-Powys Police,Dyfed-Powys Police,-4.138427,51.685947,On or near TIR CAPEL,W01000652,Carmarthenshire 020B,Investigation complete; no suspect identified
e8ba61f8ddbb34fee5b2f811308f9b15eb36d0f88b19d4eefe00f66ef97e45e3,2021-10,Dyfed-Powys Police,Dyfed-Powys Police,-4.313793,51.855148,On or near MORFA LANE,W01000641,Carmarthenshire 008A,Unable to prosecute suspect
7c5a20b7697eb8fe251629c2d7204cdd603327634f3464a416a119d7c3c40efa,2021-10,Dyfed-Powys Police,Dyfed-Powys Police,-4.092293,52.140645,On or near CLOS TAWEL,W01000537,Ceredigion 008D,Investigation complete; no suspect identified
57c294bf2ecdbc471de7889ace921bb87189147ae0ec9fcb91479adf81d5bbb3,2021-10,Dyfed-Powys Police,Dyfed-Powys Police,-4.915246,51.678255,On or near WOGAN ROAD,W01000607,Pembrokeshire 015C,Suspect charged
0cd42b9782cdebe8fe6fa912ad6aaddb4c90f3a45e04faf231fd84faa3c076bf,2021-10,Dyfed-Powys Police,Dyfed-Powys Police,-4.152435,51.669235,On or near CLOS DEWI MEDI,W01001924,Carmarthenshire 026H,Investigation complete; no suspect identified
f92d75d6e8b77e111b416ea5094387ca42cef387d0124c6228c36c4fe913813d,2021-10,Dyfed-Powys Police,Dyfed-Powys Police,-4.947418,51.692462,On or near ALBION SQUARE,W01000603,Pembrokeshire 013D,Investigation complete; no suspect identified
dedfe32f807f478f2c6521f5cf7dcbcd0b83d5e38b6b990ed3e20d9aa0d1500a,2021-10,Dyfed-Powys Police,Dyfed-Powys Police,-3.830000,52.598951,On or near KINGFISHER GLADE,W01000442,Powys 004A,Investigation complete; no suspect identified
bf0c0f25e80f7b325c5aa7b06e4d64483a3582fc3526ec9b29771bc3928704d0,2021-10,Dyfed-Powys Police,Dyfed-Powys Police,-4.271468,51.865659,On or near BWLCH LANE,W01000624,Carmarthenshire 005A,Formal action is not in the public interest
abb6562f80b6726b94dfafe6904e4b8e722afad71d7561671203c62c584e0acc,2021-10,Dyfed-Powys Police,Dyfed-Powys Police,-3.305221,52.512443,On or near CLEDAN,W01000480,Powys 008A,Investigation complete; no suspect identified
f44fa96afe166dacfb3273f5770f0e9f6835436e2fa5b805ef7359109a49376e,2021-10,Dyfed-Powys Police,Dyfed-Powys Police,-4.214268,52.183089,On or near B4339,W01000535,Ceredigion 008C,Investigation complete; no suspect identified
ed5c0701fdfd065e6e9ff0eed8ae013aa646dd00e28acc70523e6c3fb6d34fde,2021-10,Dyfed-Powys Police,Dyfed-Powys Police,-4.456934,52.033628,On or near B4333,W01000646,Carmarthenshire 003A,Unable to prosecute suspect
7625232c8bdd78e6a6196112bf8491ce7e300d196a36f04ab47bae0e098155b4,2021-10,Dyfed-Powys Police,Dyfed-Powys Police,-5.096841,51.783935,On or near ATLANTIC DRIVE,W01000622,Pembrokeshire 008E,Unable to prosecute suspect
4b1853c12f9f1fcae9c7fedda8f9e8aafbcba4aafddfea8c85b3a9736d780648,2021-10,Dyfed-Powys Police,Dyfed-Powys Police,-5.037813,51.711959,On or near NELSON QUAY,W01000587,Pembrokeshire 010A,Unable to prosecute suspect
ced29ce975c4d33d7eb216ae870d7743c0c9fd99535b5bac575f65e563d912fa,2021-10,Dyfed-Powys Police,Dyfed-Powys Police,-4.972619,51.801723,On or near MARINERS SQUARE,W01000568,Pembrokeshire 005A,Unable to prosecute suspect
76b68ee26c34942c7a9cfab00fcbeabcd9fee4dd47013407355256ea58fbdee0,2021-10,Dyfed-Powys Police,Dyfed-Powys Police,-4.075271,51.803992,On or near LLANDEILO ROAD,W01000664,Carmarthenshire 016C,Unable to prosecute suspect
a2d620df97c5615be0a4eb61e0e55f9d9af26616770e0ab0b0450bbd1671207c,2021-10,Dyfed-Powys Police,Dyfed-Powys Police,-4.307786,51.849286,On or near Supermarket,W01000694,Carmarthenshire 008D,Local resolution
3d1822147f72335c046c074db73358bb10c8de6010f0792bd22e2267cd29f30e,2021-10,Dyfed-Powys Police,Dyfed-Powys Police,-3.310715,52.516320,On or near MILL CLOSE,W01000481,Powys 008B,Unable to prosecute suspect
3d71d0d4c83dc343951cefb144cec61e6c6b4eb5c67b262e0fcf2fe137b120ff,2021-10,Dyfed-Powys Police,Dyfed-Powys Police,-3.914396,51.803278,On or near NEW CEIDRIM ROAD,W01000656,Carmarthenshire 010A,Investigation complete; no suspect identified
d3ad002327774b8e7e8f0d0c7536fbc08ea8b0bc1a1a1d2f3c0ce9ad5ef4c0f4,2021-10,Dyfed-Powys Police,Dyfed-Powys Police,-4.650611,52.092810,On or near MAES Y FELIN,W01000509,Ceredigion 009C,Investigation complete; no suspect identified
b7204de72803cc35087cbc1d96c6b0d14015cbf066821baa4bfc454081ff0ee6,2021-10,Dyfed-Powys Police,Dyfed-Powys Police,-4.082230,52.411825,On or near STRYD CAE GLAS,W01000518,Ceredigion 003C,Investigation complete; no suspect identified
a8e6ab84935c9f82c6c6d5df1325a86494fb9547d8a73498d4063381e33b9253,2021-10,Dyfed-Powys Police,Dyfed-Powys Police,-5.033883,51.717061,On or near PRIORY ROAD,W01000594,Pembrokeshire 012E,Investigation complete; no suspect identified
627bff04cbbb3aefd3657175ee8c847d898c7a70d88f67546f962c34fb205281,2021-10,Dyfed-Powys Police,Dyfed-Powys Police,-4.879159,51.852077,On or near DUNGLEDDY COURT,W01000623,Pembrokeshire 004D,Action to be taken by another organisation
1d524e641e0f330d381ec75daaef54535e34e58d76afa2a7bdc76e9276750cee,2021-10,Dyfed-Powys Police,Dyfed-Powys Police,-4.163013,51.673312,On or near GEORGE STREET,W01000660,Carmarthenshire 026B,Investigation complete; no suspect identified
6ae92e2b83944adcc2add8318bfd7e1e174990105bea118577402afe28118b7a,2021-10,Dyfed-Powys Police,Dyfed-Powys Police,-4.260950,51.684731,On or near BRYNYMOR,W01000711,Carmarthenshire 021E,Unable to prosecute suspect
685caafe5560fda8dad9d86bf601d41164291f7f8e902dd3edb28bf1129c41ce,2021-10,Dyfed-Powys Police,Dyfed-Powys Police,-4.604663,52.064968,On or near Petrol Station,W01000546,Ceredigion 009F,Unable to prosecute suspect
3503fd58775acd3f35f84a1246c7e6ba2097262cad0f6d522781545fbb48524e,2021-10,Dyfed-Powys Police,Dyfed-Powys Police,-3.936974,52.544247,On or near A487,W01000523,Ceredigion 001C,Investigation complete; no suspect identified
20c762022e65d3374aacaa817de50e17b8896df04b5ab505ab4541b7de9a1fad,2021-10,Dyfed-Powys Police,Dyfed-Powys Police,-3.118218,52.646147,On or near COCHION REDWOOD CLOSE,W01000441,Powys 005B,Unable to prosecute suspect
5ad5d13953f6f15176817101b5e2cdcd2da453caa239156fc0daa723d7899976,2021-10,Dyfed-Powys Police,Dyfed-Powys Police,-3.778832,51.767758,On or near Petrol Station,W01000502,Powys 021C,Suspect charged
50ed87406415723ade62dc08e6adcd3a76b32b1f6c174d7d66dc786a87d295a7,2021-10,Dyfed-Powys Police,Dyfed-Powys Police,-3.886430,52.415113,On or near Parking Area,W01000543,Ceredigion 011C,Investigation complete; no suspect identified
b108f527ec9a9d464a0f920f811b271a53e754d8c40e65447fad85271c1a47d8,2021-10,Dyfed-Powys Police,Dyfed-Powys Police,-4.060050,52.416413,On or near CEFNLLAN,W01000525,Ceredigion 011A,Investigation complete; no suspect identified
e9bcee37fc15afd13cfce3c7f1bc6b4e1b71a4c66a2c75d98954b2627a91e98d,2021-10,Dyfed-Powys Police,Dyfed-Powys Police,-3.996494,51.797083,On or near BRYNDERWEN ROAD,W01000714,Carmarthenshire 013D,Investigation complete; no suspect identified
657c658333826cb8cda69de0de602b7cf14783e28f71050c7429eb66630147c4,2021-10,Dyfed-Powys Police,Dyfed-Powys Police,-4.792527,51.773873,On or near A4115,W01000585,Pembrokeshire 007B,Local resolution
5e79e34d170091011925b2d106f9bc74e3625702f002604999b98c0fc21bde4e,2021-10,Dyfed-Powys Police,Dyfed-Powys Police,-4.081746,52.413713,On or near Parking Area,W01000513,Ceredigion 002B,Investigation complete; no suspect identified
f098354816ae28da2ea8ddc69e0aea5180d32780640287831841578ffefc685b,2021-10,Dyfed-Powys Police,Dyfed-Powys Police,-4.090366,51.665527,On or near B4297,W01000635,Carmarthenshire 025A,Investigation complete; no suspect identified
7c1a248fdf617c41b8dc93cd798a96802c55e027d81b00272ad8251789eddb02,2021-10,Dyfed-Powys Police,Dyfed-Powys Police,-3.390851,51.948011,On or near Supermarket,W01000492,Powys 017D,Investigation complete; no suspect identified
37b374ed84e6032d4ff3239923328580b9023a445d4d1342c939d7fc8a61247b,2021-10,Dyfed-Powys Police,Dyfed-Powys Police,-4.314588,51.854225,On or near Petrol Station,W01000641,Carmarthenshire 008A,Investigation complete; no suspect identified
0350a19ba8367d0eb54fa432f41555c894d5ab914d9e123e4c0bab36554d96cb,2021-10,Dyfed-Powys Police,Dyfed-Powys Police,-4.060598,51.714083,On or near MAESDERI,W01000666,Carmarthenshire 017B,Unable to prosecute suspect
9b8e0e5e2b280bb6a4e73a9dba57b96911549a635d052c3a72bd8b5c6198c982,2021-10,Dyfed-Powys Police,Dyfed-Powys Police,-4.777598,51.670036,On or near EASTERN LANE,W01000584,Pembrokeshire 014C,Investigation complete; no suspect identified
db2f4874c6d5d8f1e8d2553c9c15cd86d4d5e182dcd730841d81f454ee578279,2021-10,Dyfed-Powys Police,Dyfed-Powys Police,-4.158605,51.674598,On or near MARSH STREET,W01000734,Carmarthenshire 026F,Investigation complete; no suspect identified
723093c9ee13bf04220576c9c2da0e73e147f5fbb8841e5f113225981cc65b64,2021-10,Dyfed-Powys Police,Dyfed-Powys Police,-3.147456,52.660314,On or near Supermarket,W01000501,Powys 003D,Offender given a caution
954e5f996118dfb967bb79c1419cb02716a5eb4270b0eea0ca70fd93d77bd0d6,2021-10,Dyfed-Powys Police,Dyfed-Powys Police,-4.993193,51.754487,On or near GREENHALL PARK,W01000575,Pembrokeshire 008C,Unable to prosecute suspect
9b1de3e6429441bacc0c294ba373ae8251cf15ce5f84b4500897a2e62a406995,2021-10,Dyfed-Powys Police,Dyfed-Powys Police,-4.993163,52.006754,On or near NEW HILL,W01000567,Pembrokeshire 002D,Local resolution
4362ef9f1aa4e3deff3b9f4860562365400cd4bc4e3736fb5f3d3466c33564ae,2021-10,Dyfed-Powys Police,Dyfed-Powys Police,-4.795098,51.647236,On or near WARLOW'S MEADOW,W01000584,Pembrokeshire 014C,Unable to prosecute suspect
2dcad8a1af295f22c0ceb7f5f3eda39c057d591fa73909b178c11b0fdc402bf6,2021-10,Dyfed-Powys Police,Dyfed-Powys Police,-4.081746,52.413713,On or near Parking Area,W01000513,Ceredigion 002B,Investigation complete; no suspect identified
b62f7ff5a9cc36fe20563462be28afc4993667225b62de6a1122d3f7283246a2,2021-10,Dyfed-Powys Police,Dyfed-Powys Police,-3.816440,51.796596,On or near NEW ROAD,W01000919,Neath Port Talbot 020A,Investigation complete; no suspect identified
0ab0b14cca974f911ed893f1f00f079e2ec5eff33f6c965cce5d58e0f3b23d70,2021-10,Dyfed-Powys Police,Dyfed-Powys Police,-4.151773,51.677853,On or near LLWYNCELYN,W01000630,Carmarthenshire 024C,Unable to prosecute suspect
4d773fa9a5226930c7b0f875d0b761f3598fc05f04a55e845038287e5738a8b6,2021-10,Dyfed-Powys Police,Dyfed-Powys Police,-4.328739,51.854359,On or near HEOL DYFNALLT,W01000643,Carmarthenshire 006A,Investigation complete; no suspect identified
a5944b632f2241fec607acb8fdf042be6bd3d5df4dc0892efaee3a855c94f130,2021-10,Dyfed-Powys Police,Dyfed-Powys Police,-4.124442,51.681102,On or near MOR-AWEL,W01000708,Carmarthenshire 025E,Investigation complete; no suspect identified
0e50946374f1aa82cf38627842ff7715b87334759ae676c3f360e25f3c38ea72,2021-10,Dyfed-Powys Police,Dyfed-Powys Police,-5.023152,51.724192,On or near Sports/Recreation Area,W01000593,Pembrokeshire 010C,Action to be taken by another organisation
fd35a438397db71edaa807bdad9ea1a0db21dc1e6d356d6b68bf53f8c7827a47,2021-10,Dyfed-Powys Police,Dyfed-Powys Police,-4.079153,52.416106,On or near STRYD Y DOLLBORTH,W01001934,Ceredigion 002F,Unable to prosecute suspect
246fb6a005207276f24f9b831fc5796c2131bc47dc60545db5c06fac667c1444,2021-10,Dyfed-Powys Police,Dyfed-Powys Police,-4.994349,51.759691,On or near VICTORIA GARDENS,W01000575,Pembrokeshire 008C,Unable to prosecute suspect
5f23838aff3d078d8b7306a90d3e4087d52b1ec693a7121a8d9797ca19f4e0a9,2021-10,Dyfed-Powys Police,Dyfed-Powys Police,-4.084118,52.409769,On or near SPRING GARDENS,W01000518,Ceredigion 003C,Formal action is not in the public interest
a9a56f87dd2bfced259107ad40dc2fbc06b907ea0f8f7d7c5f6356287c7e4d7d,2021-10,Dyfed-Powys Police,Dyfed-Powys Police,-3.986837,51.791510,On or near Supermarket,W01000626,Carmarthenshire 013B,Offender given a caution
134912157424c43087a70f34ca21581c695d11f17b93b3b34d70fa29020ab0f6,2021-10,Dyfed-Powys Police,Dyfed-Powys Police,-4.161908,51.682307,On or near FREDERICK STREET,W01000654,Carmarthenshire 023B,Investigation complete; no suspect identified
d103bcfa67c46271f3f3730c9b8f954d767c0748a2ea559b1d11653e311c5c65,2021-10,Dyfed-Powys Police,Dyfed-Powys Police,-4.140081,51.693399,On or near Y-GAER,W01000652,Carmarthenshire 020B,Unable to prosecute suspect
a309cccdf9ac75f7c7332500f3c23745b4bf5934cfed8e6bdbffd257f802851c,2021-10,Dyfed-Powys Police,Dyfed-Powys Police,-3.994398,51.884586,On or near GREENFIELD PLACE,W01000677,Carmarthenshire 004B,Unable to prosecute suspect
917e70da50137ced85953ab6f51d8ba538e2be53cad26e6a0649fbc69b45741c,2021-10,Dyfed-Powys Police,Dyfed-Powys Police,-3.224401,51.991417,On or near Sports/Recreation Area,W01000494,Powys 015E,Investigation complete; no suspect identified
caa4670fbf1968c860e23336e3b2ceee1b32dcb070c6f9ef7b29eb2a21ca709c,2021-10,Dyfed-Powys Police,Dyfed-Powys Police,-4.137029,51.677457,On or near Supermarket,W01000628,Carmarthenshire 024A,Investigation complete; no suspect identified
88ddb02efb9a59558d9259ae71e47ae2f0e711b28e3c9bea624663fd17eca3c8,2021-10,Dyfed-Powys Police,Dyfed-Powys Police,-5.033883,51.717061,On or near PRIORY ROAD,W01000594,Pembrokeshire 012E,Investigation complete; no suspect identified
d28cc3f869d4a8596ef54f733be3189d462fa6b680dcc228f87c2601418b8168,2021-10,Dyfed-Powys Police,Dyfed-Powys Police,-4.933222,51.673688,On or near GWILLIAM COURT,W01000606,Pembrokeshire 015B,Investigation complete; no suspect identified
9c74bbb49c2fc94992be5f201bc0d7fe7e1f7984cab46016e9d5d737e6556dad,2021-10,Dyfed-Powys Police,Dyfed-Powys Police,-4.932175,51.676286,On or near LONG MAINS,W01000606,Pembrokeshire 015B,Investigation complete; no suspect identified
7e88d2dd0bc709095aebc5ded4ba018a1bf557ce7a310998040568aeff5a153a,2021-10,Dyfed-Powys Police,Dyfed-Powys Police,-3.402973,52.148228,On or near MARKET STREET,W01000431,Powys 014A,Investigation complete; no suspect identified
dbfb577af5dfde2ab156f2c0c9849f492b44ec2eb79862aaf74cc9441bb072e9,2021-10,Dyfed-Powys Police,Dyfed-Powys Police,-4.042875,51.784290,On or near TANYFAN,W01000724,Carmarthenshire 011C,Unable to prosecute suspect
f0518d53146e478b167a1d4de2fb83ed1fc34918f0d0347ff16b45b4b7448f5c,2021-10,Dyfed-Powys Police,Dyfed-Powys Police,-4.301238,51.862958,On or near PROSSER CLOSE,W01000638,Carmarthenshire 007B,Unable to prosecute suspect
ba5131c45cf44e621bbdfd5f8dd78aedd3ada2b93cf53e372e4c5559f9de6a46,2021-10,Dyfed-Powys Police,Dyfed-Powys Police,-4.468382,52.033677,On or near QUARRY-FFINANT,W01000646,Carmarthenshire 003A,Unable to prosecute suspect
62233d23e99eb684251362d9549e32f4b678bfbc529ac9263fd2b54d6501fb7f,2021-10,Dyfed-Powys Police,Dyfed-Powys Police,-5.044280,51.713402,On or near GWILI ROAD,W01000589,Pembrokeshire 012A,Suspect charged
afbfe7e274ae224b8f7079783c6e56d8abc6a83d9634bfc4c1a146d8a5080200,2021-10,Dyfed-Powys Police,Dyfed-Powys Police,-4.081418,52.413000,On or near Shopping Area,W01000513,Ceredigion 002B,Investigation complete; no suspect identified
ba3d9ff6db53807b9bbba73758d54f938dc07d6152bf7a481230b357956c747c,2021-10,Dyfed-Powys Police,Dyfed-Powys Police,-4.990709,52.011026,On or near HARBOUR VILLAGE,W01000567,Pembrokeshire 002D,Investigation complete; no suspect identified
754b290d5e9bbb427f6987567ac438619dbe049de56d8c89f18db2cca73152ac,2021-10,Dyfed-Powys Police,Dyfed-Powys Police,-4.086420,52.412741,On or near Y STRYD UCHEL,W01000517,Ceredigion 002D,Investigation complete; no suspect identified
84be04223dfd31f55ed78c0fc584c1c84d91e6d17ccfc641afbdd543ebf0cfde,2021-10,Dyfed-Powys Police,Dyfed-Powys Police,-3.401731,52.148225,On or near MARKET STREET,W01000431,Powys 014A,Investigation complete; no suspect identified
11c631513f052678077c940671fdaa18bf629af46367b70ac85b8e02db5c3384,2021-10,Dyfed-Powys Police,Dyfed-Powys Police,-3.004622,52.570326,On or near Park/Open Space,W01000434,Powys 007A,Unable to prosecute suspect
486368dabf20099576af643b00375ae2a77f5f8b0479894b0c0af69ef83c4efe,2021-10,Dyfed-Powys Police,Dyfed-Powys Police,-4.134256,51.679701,On or near A4138,W01000628,Carmarthenshire 024A,Investigation complete; no suspect identified
3e6ca66044372d7804ce29ed93bc6204cb0681338a1697318088698f4e5c3472,2021-10,Dyfed-Powys Police,Dyfed-Powys Police,-4.082983,51.813639,On or near Parking Area,W01000664,Carmarthenshire 016C,Unable to prosecute suspect
34d81b94d086cd11967a0b206a5c5c21be1fe0f2fad11f90847ea1001f9da6b3,2021-10,Dyfed-Powys Police,Dyfed-Powys Police,-3.756958,51.775470,On or near MAESCYNOG,W01000502,Powys 021C,Unable to prosecute suspect
28b97a6be3b20c0baf603fd6e0fbce2b57345ee4e587b0c4c8d527d127d87e69,2021-10,Dyfed-Powys Police,Dyfed-Powys Police,-3.074587,52.294514,On or near B4357,W01000464,Powys 011D,Investigation complete; no suspect identified
c7c3da11847f9fc6919ea99b7254b1cb011cbb34522f288b144f4c31ed46cb89,2021-10,Dyfed-Powys Police,Dyfed-Powys Police,-4.256760,51.681934,On or near Y DERWYDD,W01000633,Carmarthenshire 021B,Unable to prosecute suspect
2c33fd10293a7c2d76c38a38c0d269a244a89ffb7b695dde8391266cb567e378,2021-10,Dyfed-Powys Police,Dyfed-Powys Police,-4.147305,51.693474,On or near MAESTREF,W01000704,Carmarthenshire 022B,Investigation complete; no suspect identified
54df0437503a835f537953b536beadcff20036a8c6b80817416c6af3b812003f,2021-10,Dyfed-Powys Police,Dyfed-Powys Police,-4.151383,51.966212,On or near Parking Area,W01000683,Carmarthenshire 005C,Unable to prosecute suspect
751206fa4ab737020c02a66e79faaa18209b7d73c29e44f7a4e60805a1bb0a25,2021-10,Dyfed-Powys Police,Dyfed-Powys Police,-3.288654,52.108318,On or near Park/Open Space,W01000443,Powys 015B,Action to be taken by another organisation
fb5bf87e7aefd44c919c2ee6119b1750911296a902084b61232a130c16b3e32e,2021-10,Dyfed-Powys Police,Dyfed-Powys Police,-4.374098,52.176149,On or near CAER HENWAS,W01000532,Ceredigion 007B,Investigation complete; no suspect identified
3c0c2dc87667fddfe00507452854e1a6b98b06599d2fdf3431ab1a6829782ee2,2021-10,Dyfed-Powys Police,Dyfed-Powys Police,-4.111233,51.784512,On or near HEOL-Y-BRYN,W01000698,Carmarthenshire 015B,Investigation complete; no suspect identified
5b00b139b310f3c1b8fb7c15bce991c23bac840ae5e49e22da998b13af94e28f,2021-10,Dyfed-Powys Police,Dyfed-Powys Police,-4.148251,51.675256,On or near HEOL FFYNNON,W01000631,Carmarthenshire 024D,Investigation complete; no suspect identified
0530edf79de98532f894fab62e4ca420a2590373b9204bb21189e02831afac4b,2021-10,Dyfed-Powys Police,Dyfed-Powys Police,-4.963340,51.811086,On or near Pedestrian Subway,W01000572,Pembrokeshire 005D,Investigation complete; no suspect identified
afa1f1d6938e6e5ba3369fbf7de89ffe7617e2f9f07d611980a12309efe81b9a,2021-10,Dyfed-Powys Police,Dyfed-Powys Police,-4.155502,51.671697,On or near FLORENCE STREET,W01000659,Carmarthenshire 026A,Unable to prosecute suspect
9455148f0e47af2d9059bb880195aca1de878d3d39791003c497aa928724bd58,2021-10,Dyfed-Powys Police,Dyfed-Powys Police,-4.001395,51.779717,On or near MILL TERRACE,W01000731,Carmarthenshire 017C,Investigation complete; no suspect identified
e4f1f472389d146c2ed6c23a7175449c30460dde7c6a654716e2edf82c0574fb,2021-10,Dyfed-Powys Police,Dyfed-Powys Police,-3.380839,52.241025,On or near HIGH STREET,W01000454,Powys 013A,Investigation complete; no suspect identified
ec28dd36739413cf259a889b96bbdd643b6be080204725e053f2b6afeed3acb2,2021-10,Dyfed-Powys Police,Dyfed-Powys Police,-3.562900,51.937283,On or near HIGH STREET,W01000474,Powys 020B,Investigation complete; no suspect identified
f4e0a4af5154a5ac74f6cf030d79ba20e797fb2431ca9542001118df6993cd23,2021-10,Dyfed-Powys Police,Dyfed-Powys Police,-3.149261,52.654193,On or near BRYN-Y-CASTELL,W01000498,Powys 003A,Investigation complete; no suspect identified
3add0b170bd127ed59254f7c355bec7f1cf95f559ba99863964911b60220b73b,2021-10,Dyfed-Powys Police,Dyfed-Powys Police,-3.320912,52.510372,On or near LATHAM DRIVE,W01000479,Powys 009B,Investigation complete; no suspect identified
7e6995655bb4f00920b644f66319ee7cbd08c15d2137f773d769067722e320a4,2021-10,Dyfed-Powys Police,Dyfed-Powys Police,-3.387301,51.946605,On or near FREE STREET,W01000492,Powys 017D,Local resolution
0ddbe2058e93a3712db0d8d006af00c53b8c2c0f992ca4ab01bca245fe9e74f2,2021-10,Dyfed-Powys Police,Dyfed-Powys Police,-4.264037,51.997506,On or near MAES CADER,W01000685,Carmarthenshire 001A,Investigation complete; no suspect identified
ab0da41a683f6a328a9e02b45d50a8e5e07d83589ed2b7dc7db1e7ddc5a5874b,2021-10,Dyfed-Powys Police,Dyfed-Powys Police,-4.142256,51.686138,On or near GELLI DEG,W01000705,Carmarthenshire 022C,Investigation complete; no suspect identified
2ebb427614334d4b7ed368b03cade2800b8f24a25f1f69add66ef50c3d752e6c,2021-10,Dyfed-Powys Police,Dyfed-Powys Police,-4.311433,51.859817,On or near PENTREFELIN STREET,W01000639,Carmarthenshire 007C,Unable to prosecute suspect
23daaf28cbb6c883d7565822732c1f9a3a051833a9820714d883962785d8b7ae,2021-10,Dyfed-Powys Police,Dyfed-Powys Police,-4.726319,51.734445,On or near PEN-Y-BRYN,W01000576,Pembrokeshire 011D,Unable to prosecute suspect
c456948a20586a0824b706ccffbae6d4f1753c18f6f0d4510ff524a3a771a441,2021-10,Dyfed-Powys Police,Dyfed-Powys Police,-5.021170,51.719233,On or near LARCH ROAD,W01000588,Pembrokeshire 010B,Unable to prosecute suspect
34df3d58a24ad4f92997badcb17200d7ceadb04a07791c66a318c6a2d8a04c61,2021-10,Dyfed-Powys Police,Dyfed-Powys Police,-4.000014,52.393141,On or near A4120,W01000534,Ceredigion 011B,Unable to prosecute suspect
68ca8bd93b4de9f1060c5eeb862b7482812af960b7ee785d17051dc042c32e0c,2021-10,Dyfed-Powys Police,Dyfed-Powys Police,-3.991323,51.792945,On or near Sports/Recreation Area,W01000626,Carmarthenshire 013B,Investigation complete; no suspect identified
832f4c1e4ccd4a3e7458ac006f0f61fd9338285b5d1cb20aabb0027abfe93bec,2021-10,Dyfed-Powys Police,Dyfed-Powys Police,-3.089507,52.783063,On or near NORTH ROAD,E01028915,Shropshire 012B,Formal action is not in the public interest
dde04622137c093867381f63d26b7d41d1998cac68e23547af5e3ca11c460f8d,2021-10,Dyfed-Powys Police,Dyfed-Powys Police,-3.391294,51.947286,On or near CHURCH LANE,W01000492,Powys 017D,Investigation complete; no suspect identified
593fb7101e42f16e8c3f181581126b5705bf600a74cf2ef2a4b7efb1bf15a97e,2021-10,Dyfed-Powys Police,Dyfed-Powys Police,-3.339837,52.509099,On or near LON GLANYRAFON,W01000478,Powys 009A,Unable to prosecute suspect
c1c902855274661b04777accef9640b87b59ec440512a413dbc3ea8ec1cbbba1,2021-10,Dyfed-Powys Police,Dyfed-Powys Police,-4.157437,51.671022,On or near NEW DOCK ROAD,W01000659,Carmarthenshire 026A,Investigation complete; no suspect identified
4e6c35352b5b92653bb9248b3f5b14de81a7e0e36165bf6986308a66aef8f870,2021-10,Dyfed-Powys Police,Dyfed-Powys Police,-4.169783,51.688771,On or near THE WILLOWS,W01000653,Carmarthenshire 023A,Investigation complete; no suspect identified
f6a8de976470e8d14c7020e1e209d831d6aa74a76731244d4989c9eba1de6211,2021-10,Dyfed-Powys Police,Dyfed-Powys Police,-4.042875,51.784290,On or near TANYFAN,W01000724,Carmarthenshire 011C,Unable to prosecute suspect
9533374673a9e2ec509b8eeaf094b01b0d1c3275ea4a527fd0ba2b7f1438e359,2021-10,Dyfed-Powys Police,Dyfed-Powys Police,-4.147461,51.667428,On or near SPRINGFIELDS,W01001924,Carmarthenshire 026H,Investigation complete; no suspect identified
8cda6b55ab100fcb57005458d6a02c6e642a63c0227d72268f277155e9b05bfe,2021-10,Dyfed-Powys Police,Dyfed-Powys Police,-3.996531,51.884190,On or near Parking Area,W01000677,Carmarthenshire 004B,Investigation complete; no suspect identified
c32ddeb44dec9344086beceef3cbc45c2b64f6ceb65a3ccb5e5f5e858cc1b614,2021-10,Dyfed-Powys Police,Dyfed-Powys Police,-3.967202,51.796507,On or near PONTAMMAN ROAD,W01000715,Carmarthenshire 013E,Unable to prosecute suspect
7f403d55fe1f620913411a5cd8f995de711827224d607580888fef10015281de,2021-10,Dyfed-Powys Police,Dyfed-Powys Police,-4.938523,51.764402,On or near NEW ROAD,W01000580,Pembrokeshire 009B,Investigation complete; no suspect identified
04d6dab23170e34b8f5a495c82f595b87eb6efe9940e5d25663514b402095159,2021-10,Dyfed-Powys Police,Dyfed-Powys Police,-4.157437,51.671022,On or near NEW DOCK ROAD,W01000659,Carmarthenshire 026A,Investigation complete; no suspect identified
c329e5f7a46921f3bd7bfb1b4dd49d2655c297cecf80c33b79997965fa9bbb9f,2021-10,Dyfed-Powys Police,Dyfed-Powys Police,-5.050986,51.710646,On or near PICTON CLOSE,W01000590,Pembrokeshire 012B,Suspect charged
38710c5ddf4accd90ff31cd59f003cddc4ed8274e49cf67c77ee117092ea3eff,2021-10,Dyfed-Powys Police,Dyfed-Powys Police,-4.273559,51.894718,On or near CWRT Y GLOCH,W01000624,Carmarthenshire 005A,Unable to prosecute suspect
3903a1268c39b90ac13fb3c575a8039d8f9ab9b0b6261b5b35b774e0572968b2,2021-10,Dyfed-Powys Police,Dyfed-Powys Police,-4.255640,52.243218,On or near PRINCE'S AVENUE,W01000506,Ceredigion 005A,Investigation complete; no suspect identified
b9d5f5ca1a6b605c94bc4c2c087f98c47ee08e1e5339d3a275655203a9ddb6ca,2021-10,Dyfed-Powys Police,Dyfed-Powys Police,-4.179526,51.689193,On or near PENYWERN,W01000667,Carmarthenshire 023C,Investigation complete; no suspect identified
268282695ce6a883b2d9c54da7efc28eca978b5db752767f2d246e2b7497f940,2021-10,Dyfed-Powys Police,Dyfed-Powys Police,-4.966308,51.802593,On or near PICTON PLACE,W01000568,Pembrokeshire 005A,Suspect charged
e3cdddec32c78a8d2cb21737cf5a1bb5407675d5a79af5b6c0eb248f1e1ae4c5,2021-10,Dyfed-Powys Police,Dyfed-Powys Police,-4.060598,51.714083,On or near MAESDERI,W01000666,Carmarthenshire 017B,Further investigation is not in the public interest
c3ba7357671b77ad90ab591bf8a35b6e220aff9d28d8c55ab4d7accda3372e3c,2021-10,Dyfed-Powys Police,Dyfed-Powys Police,-4.124543,51.683888,On or near DOLWAR FACH,W01000707,Carmarthenshire 025D,Further investigation is not in the public interest
f1d2553c423cde1f84c594023e5ac6145318575077c4b7d23797865d4422402a,2021-10,Dyfed-Powys Police,Dyfed-Powys Police,-3.131809,52.665886,On or near GALLOWSTREE BANK,W01000500,Powys 003C,Formal action is not in the public interest
18d9d6ca2e3779e249dd47e16a8868d8f1a7b1a250fa3f3d85c29d7c0976c1f4,2021-10,Dyfed-Powys Police,Dyfed-Powys Police,-3.370173,51.943164,On or near BRYNAWELON,W01000493,Powys 017E,Unable to prosecute suspect
b6bfae729aa0fa6aeae82f8ea623d6a6025136f42e37279d0fd14345b4768e28,2021-10,Dyfed-Powys Police,Dyfed-Powys Police,-4.307526,51.855550,On or near QUAY STREET,W01000641,Carmarthenshire 008A,Investigation complete; no suspect identified
4241d0dbc59c4fc02425bd8eee5b6bbd79637768f66be3d1b9025a256d2eb506,2021-10,Dyfed-Powys Police,Dyfed-Powys Police,-4.314743,51.856398,On or near B4312,W01000641,Carmarthenshire 008A,Unable to prosecute suspect
244fe90177f38a493f5a80d1807e7a1d6b111b39a480012528b1e92b3bd43ca7,2021-10,Dyfed-Powys Police,Dyfed-Powys Police,-4.742225,51.807614,On or near REDSTONE ROAD,W01000596,Pembrokeshire 007D,Investigation complete; no suspect identified
cc724255f17b7b54b0c64139181b9db85063ba8f622922965ebe26972154e6ad,2021-10,Dyfed-Powys Police,Dyfed-Powys Police,-4.311901,51.857623,On or near WATER STREET,W01000641,Carmarthenshire 008A,Unable to prosecute suspect
5ee0225cac64f5e0bd4391f44249e210dffe4b466b452e1fe91fe82dd9ebe90a,2021-10,Dyfed-Powys Police,Dyfed-Powys Police,-3.541818,52.449511,On or near PENYGRAIG STREET,W01000467,Powys 010D,Investigation complete; no suspect identified
7d46b5bb6bfc66ce9f95d08c2d9a4ff1e718de90e5ce670a4322d0879ab2ab3c,2021-10,Dyfed-Powys Police,Dyfed-Powys Police,-4.285597,51.692077,On or near DAN-Y-BRYN,W01000711,Carmarthenshire 021E,Unable to prosecute suspect
9e47df3e0b88bac66c5c5ccea3b852028e01c432229974ce38855660ac254b8d,2021-10,Dyfed-Powys Police,Dyfed-Powys Police,-3.988724,51.793213,On or near STRYD FAWR,W01000626,Carmarthenshire 013B,Unable to prosecute suspect
50f5c0b61d7ae21656ac861dab4b5329aa80656434dc6700f44d79553611e2b1,2021-10,Dyfed-Powys Police,Dyfed-Powys Police,-4.299062,51.863018,On or near BELVEDERE AVENUE,W01000638,Carmarthenshire 007B,Suspect charged
fc6ad0e48f9a8f69b8afb838b2212589e3635543d04f207d78d85d14a2c8e9ff,2021-10,Dyfed-Powys Police,Dyfed-Powys Police,-3.290073,52.037057,On or near Park/Open Space,W01000440,Powys 020A,Investigation complete; no suspect identified
0f6361edbf1b22921dbfe04e35d9eca0e4436ce0019f0575849836691f7bb0e5,2021-10,Dyfed-Powys Police,Dyfed-Powys Police,-4.080391,52.415248,On or near MOOR LANE,W01000513,Ceredigion 002B,Unable to prosecute suspect
1880f4f33b287e23ab72849827dc272147f00fa6aeeca7b2936de6fd4c03583e,2021-10,Dyfed-Powys Police,Dyfed-Powys Police,-4.144246,51.694582,On or near DANYCWM,W01000655,Carmarthenshire 020C,Unable to prosecute suspect
953360af5dbb57427fadcea92b0cddc5b25ecf707b9b833e6bbafc5cf30f558d,2021-10,Dyfed-Powys Police,Dyfed-Powys Police,-3.004622,52.570326,On or near Park/Open Space,W01000434,Powys 007A,Unable to prosecute suspect
5f38dd89ccd914f9f3c08f399c220b6185142f54399416e568148269dfff9586,2021-10,Dyfed-Powys Police,Dyfed-Powys Police,-3.147969,52.658484,On or near Supermarket,W01000498,Powys 003A,Investigation complete; no suspect identified
7f512111890a6641a7fbd2974a04bb03c524d1ee7415ad0c6a6ba84f6bb2146b,2021-10,Dyfed-Powys Police,Dyfed-Powys Police,-4.074761,52.118115,On or near PARC Y FELIN,W01000528,Ceredigion 008B,Unable to prosecute suspect
e66b883297b636ba07f9fa2820a1b3ba1f8c03c990605e66d8c2b250ca3facbf,2021-10,Dyfed-Powys Police,Dyfed-Powys Police,-5.038027,51.713213,On or near Parking Area,W01000587,Pembrokeshire 010A,Local resolution
616c71c67a440837303c86ccbaf5098b652e369b75b9c7405e900315ffcc4b12,2021-10,Dyfed-Powys Police,Dyfed-Powys Police,-5.041823,51.715408,On or near Parking Area,W01000594,Pembrokeshire 012E,Investigation complete; no suspect identified
d0d221357837fc1bb844e05aac5a325d26b998e97abc24898f73ae6bdb4cac26,2021-10,Dyfed-Powys Police,Dyfed-Powys Police,-3.331893,52.505116,On or near SGWAR RHEDYNEN,W01000483,Powys 009C,Unable to prosecute suspect
92732279711477bfe6e5c45fc92f6330778e0d21c9ee101722ea4ecacf297169,2021-10,Dyfed-Powys Police,Dyfed-Powys Police,-4.178056,51.685695,On or near ISCOED,W01000667,Carmarthenshire 023C,Suspect charged
b368b8fa978da543d85276d2c65ac1f40b0c4638d40b90847a37bf2244571288,2021-10,Dyfed-Powys Police,Dyfed-Powys Police,-4.161241,51.674064,On or near GREAT WESTERN CRESCENT,W01000733,Carmarthenshire 026E,Investigation complete; no suspect identified
fae0ec7c2bd19e688843fecadc1f5fafa2cc9c798623f44bbb9ba2b5d8e58594,2021-10,Dyfed-Powys Police,Dyfed-Powys Police,-4.161719,51.679550,On or near INKERMAN STREET,W01000733,Carmarthenshire 026E,Investigation complete; no suspect identified
b2796b91477978023ae538dfdbaa1fcef2b6443fa4788f69b2375a3f2296f624,2021-10,Dyfed-Powys Police,Dyfed-Powys Police,-4.160920,51.678881,On or near ROBINSON STREET,W01000733,Carmarthenshire 026E,Investigation complete; no suspect identified
1ec02f5b1a9c52952f8eb1a22a8427ae84f5b21a31871b452717791b0a6ca54d,2021-10,Dyfed-Powys Police,Dyfed-Powys Police,-4.595965,52.063676,On or near ADAM STREET,W01000546,Ceredigion 009F,Further investigation is not in the public interest
2e9eeb253cc1c3309d183c4a99103a3103aca197d2b084736aabfce37bcc1829,2021-10,Dyfed-Powys Police,Dyfed-Powys Police,-4.049199,52.405021,On or near A44,W01001936,Ceredigion 003F,Investigation complete; no suspect identified
0b54772b7475d8224a1bae12e58247f479176e33f5fd99f6a6c37b8630c9d79d,2021-10,Dyfed-Powys Police,Dyfed-Powys Police,-3.918110,52.412220,On or near Parking Area,W01000543,Ceredigion 011C,Investigation complete; no suspect identified
e9b4d7cf68e2021e71402ba8085112b4413d9a5a09b1c638d35748dfe4634d35,2021-10,Dyfed-Powys Police,Dyfed-Powys Police,-3.749236,51.784945,On or near MIN-Y-RHOS,W01000426,Powys 021A,Unable to prosecute suspect
c7b2c4470020a23824a3aa8dd2c8cc4bc05337f6a5f20090b15f570a359e0243,2021-10,Dyfed-Powys Police,Dyfed-Powys Police,-3.990505,51.788534,On or near FFYNONN LAS,W01000625,Carmarthenshire 013A,Investigation complete; no suspect identified
38adda39fdb3fcfd43dd4bc046584c3c1ad9b9b31eb5c4b08a42571085244a88,2021-10,Dyfed-Powys Police,Dyfed-Powys Police,-4.304186,51.860112,On or near RICHMOND CLOSE,W01000641,Carmarthenshire 008A,Investigation complete; no suspect identified
7c8a5c12d1af463d98b9965ed62e9a9190c544e9f66b613893cbc2cad448a418,2021-10,Dyfed-Powys Police,Dyfed-Powys Police,-4.939611,51.686335,On or near BRITANNIA DRIVE,W01000604,Pembrokeshire 013E,Suspect charged
d8c70d1beb6a0748865f0211a3c893dd9d350f977d15b77b251d11e2a6587e2a,2021-10,Dyfed-Powys Police,Dyfed-Powys Police,-4.146818,51.681649,On or near UPPER CROSS ROAD,W01000630,Carmarthenshire 024C,Suspect charged
1003d6c2f164145382f97b65472e50bc5ba8c48c211c8243b8acf7224fe8c0cb,2021-10,Dyfed-Powys Police,Dyfed-Powys Police,-5.046302,51.711820,On or near Parking Area,W01000589,Pembrokeshire 012A,Suspect charged
3a0f0058e06ce14cc7d9e81c3171e0c2efcc8a65b73228a497fa65faa80454ee,2021-10,Dyfed-Powys Police,Dyfed-Powys Police,-4.175589,51.682819,On or near SWAN WALK,W01001925,Carmarthenshire 023F,Formal action is not in the public interest
972e8ccbdcead3cceeec3a0bb258edb80a019bbfa570a6b37fc5e4b5c248c749,2021-10,Dyfed-Powys Police,Dyfed-Powys Police,-4.158605,51.674598,On or near MARSH STREET,W01000734,Carmarthenshire 026F,Unable to prosecute suspect
f8edbae227c61003712c691f4ac19738e5b8cd281afc0cf14d77341950d1923d,2021-10,Dyfed-Powys Police,Dyfed-Powys Police,-4.994349,51.759691,On or near VICTORIA GARDENS,W01000575,Pembrokeshire 008C,Investigation complete; no suspect identified
6f2465e6857f830d481d0a4ce1f3b4419fdad7ceea76151be6314e933fec3842,2021-10,Dyfed-Powys Police,Dyfed-Powys Police,-4.127015,51.690012,On or near DAFEN INN ROW,W01000651,Carmarthenshire 020A,Investigation complete; no suspect identified
7965f97d69486d78b9d84b8d4c85d842a04c69dffa8b7b8db4fba73c245a1dbd,2021-10,Dyfed-Powys Police,Dyfed-Powys Police,-4.309468,52.041208,On or near LINCOLN STREET,W01000533,Ceredigion 010D,Investigation complete; no suspect identified
afa483a3eba54e7809e822cd011efb35843ea969f8c717eba9f6303f29dedccd,2021-10,Dyfed-Powys Police,Dyfed-Powys Police,-4.953980,51.710987,On or near Police Station,W01000599,Pembrokeshire 009D,Investigation complete; no suspect identified
bf5d6ebd06a8dd13aea615a8299696ca036240de394321745d4786eb51d8ab74,2021-10,Dyfed-Powys Police,Dyfed-Powys Police,-4.951437,51.713731,On or near FERN RISE,W01000598,Pembrokeshire 009C,Unable to prosecute suspect
3a8f1265b03678cd96e9ce2337cc496a0beb8a11050603d8424b4ac158dbeb72,2021-10,Dyfed-Powys Police,Dyfed-Powys Police,-3.147808,51.853454,On or near Parking Area,W01001904,Powys 018G,Investigation complete; no suspect identified
afe6aafe8f11161a4c96a026ad164ca7c3b60ff6ed937b4891470ba1c3dc93b4,2021-10,Dyfed-Powys Police,Dyfed-Powys Police,-3.402052,52.151926,On or near LLANELWEDD TERRACE,W01000459,Powys 014D,Investigation complete; no suspect identified
3486d017d57e6cf621f66b668fddb5cba518b6419e63287fac3644a38f230760,2021-10,Dyfed-Powys Police,Dyfed-Powys Police,-4.989160,51.801106,On or near HYWEL ROAD,W01000570,Pembrokeshire 005C,Investigation complete; no suspect identified
bd01b5aa1b3dc1d0fcfce058a9586aebd0c82a1d0c06da2353d10c57379003a2,2021-10,Dyfed-Powys Police,Dyfed-Powys Police,-5.042473,51.709995,On or near NUBIAN CRESCENT,W01000590,Pembrokeshire 012B,Unable to prosecute suspect
8cda950a7edf97e7d5e29c56899522a2c2a8ecdb10f8b3b49dc73fd0a25465d6,2021-10,Dyfed-Powys Police,Dyfed-Powys Police,-4.076803,51.807328,On or near CHURCH ROAD,W01000664,Carmarthenshire 016C,Investigation complete; no suspect identified
1ab3ea969dcd553b9c93c5fdf0af64a870d1583417c269fc850beab7e793d189,2021-10,Dyfed-Powys Police,Dyfed-Powys Police,-4.299062,51.863018,On or near BELVEDERE AVENUE,W01000638,Carmarthenshire 007B,Suspect charged
c094baaf45a98dc0c56107095a2248825285d07db67f48af9c61e7a58596cb9f,2021-10,Dyfed-Powys Police,Dyfed-Powys Police,-5.036220,51.729233,On or near THORNTON ROAD,W01000575,Pembrokeshire 008C,Unable to prosecute suspect
f2cf7bd9f0c29243c33ba8dd3a5dc20b51c67e6a0baf013ed8a31335734fea31,2021-10,Dyfed-Powys Police,Dyfed-Powys Police,-4.647878,51.976097,On or near MAES MEIGAN,W01000561,Pembrokeshire 001D,Unable to prosecute suspect
96a5ae90c7405183660aa0103adec966932827675d6744eafd13e5c9eaac781e,2021-10,Dyfed-Powys Police,Dyfed-Powys Police,-4.699954,51.739740,On or near KILGETTY LANE,W01000553,Pembrokeshire 011A,Unable to prosecute suspect
c3cf56e22960d09af07dd6ebc06dcf67d27b6d35327367869c7e2a3c835044c2,2021-10,Dyfed-Powys Police,Dyfed-Powys Police,-4.931015,51.695265,On or near Sports/Recreation Area,W01000601,Pembrokeshire 013B,Investigation complete; no suspect identified
19accf9a7f75ffdb27bc053a70f80b38784f2e0e68245f612addf5d69f6b1edc,2021-10,Dyfed-Powys Police,Dyfed-Powys Police,-4.163549,51.678788,On or near WATERLOO STREET,W01000732,Carmarthenshire 026D,Unable to prosecute suspect
2777ddffba5045751adf6c64bca6232cc143af9d3adaee576866e625aa85995a,2021-10,Dyfed-Powys Police,Dyfed-Powys Police,-4.691591,51.864040,On or near Bus/Coach Station,W01000674,Carmarthenshire 027A,Unable to prosecute suspect
fb3d6440ede57128c9035c24e6e8bebb907944d5f1b9b36aa708e43f14606ea9,2021-10,Dyfed-Powys Police,Dyfed-Powys Police,-4.702915,51.671627,On or near UPPER PARK ROAD,W01000620,Pembrokeshire 016C,Local resolution
ec6335501ca5ce57e566e4f54a4153b37c137e644fa9504412c402383658b59f,2021-10,Dyfed-Powys Police,Dyfed-Powys Police,-4.169623,51.688154,On or near MILES STREET,W01000653,Carmarthenshire 023A,Investigation complete; no suspect identified
621797ffa8e0006be90c426c8d56a3ef7fbaa6b9cea245dc17f5482bc0488bd5,2021-10,Dyfed-Powys Police,Dyfed-Powys Police,-4.071204,52.402452,On or near RHYD-Y-BONT,W01000515,Ceredigion 003A,Unable to prosecute suspect
ce8a0db2d403543813ae3e61dd84b3847cbc349dd6e58b3cc43e3a6a62dfdb17,2021-10,Dyfed-Powys Police,Dyfed-Powys Police,-4.165359,51.680966,On or near Police Station,W01000654,Carmarthenshire 023B,Unable to prosecute suspect
b82dc50f2d2dbcb10d860516ad93bd1c97e9ca839ab449e34912d03974bf82f9,2021-10,Dyfed-Powys Police,Dyfed-Powys Police,-4.183922,51.823929,On or near IS-Y-LLAN,W01000675,Carmarthenshire 012A,Suspect charged
50b352dcd39f400d36d90a861d26e944807d5a836ae0d43f315e785c3fa04c0a,2021-10,Dyfed-Powys Police,Dyfed-Powys Police,-4.153969,51.671392,On or near PEN-Y-FON STREET,W01000659,Carmarthenshire 026A,Investigation complete; no suspect identified
30e4976569abba0d0af840aef86a5b64d63348e0943ea568655156729bd5fd10,2021-10,Dyfed-Powys Police,Dyfed-Powys Police,-5.033836,51.713105,On or near FULKE STREET,W01000587,Pembrokeshire 010A,Suspect charged
acc0d5162bf2d43d2d7654694bf1170ae87621d5f187eb545e9b142b0e207dcb,2021-10,Dyfed-Powys Police,Dyfed-Powys Police,-5.055247,51.715860,On or near CHURCH ROAD,W01000591,Pembrokeshire 012C,Investigation complete; no suspect identified
5877291cd487ab01a8be8d6a78c025efe6385bba5a37bc7b8e91708dd6538c29,2021-10,Dyfed-Powys Police,Dyfed-Powys Police,-4.957584,51.815351,On or near CARDIGAN ROAD,W01000611,Pembrokeshire 004C,Suspect charged
e7a5c32e93e33ae76dc169c626bfcdcdf71b48e35c20bde2cb3de6197be924dd,2021-10,Dyfed-Powys Police,Dyfed-Powys Police,-4.008125,51.816659,On or near WOODFIELD ROAD,W01000681,Carmarthenshire 011B,Unable to prosecute suspect
19a0ed3fb656c540df9964710e52ad00561ce23670bce6540be6ec9be4a54c10,2021-10,Dyfed-Powys Police,Dyfed-Powys Police,-4.090113,51.799979,On or near Sports/Recreation Area,W01000697,Carmarthenshire 015A,Investigation complete; no suspect identified
87ef9f13337e6ec502572f735544142ec4042a24ea823252d141290d0cb50bfe,2021-10,Dyfed-Powys Police,Dyfed-Powys Police,-3.982650,51.785655,On or near Sports/Recreation Area,W01000627,Carmarthenshire 013C,Formal action is not in the public interest
fb725d718a79bd956f5ab2c340401f95a12c3a870a2fec6d6d6b393b5dae066a,2021-10,Dyfed-Powys Police,Dyfed-Powys Police,-4.933222,51.673688,On or near GWILLIAM COURT,W01000606,Pembrokeshire 015B,Investigation complete; no suspect identified
f7a5a8af2dc4075e557b4a2f66f4d623c6434cecc2f40afcf25d5335cde56a7f,2021-10,Dyfed-Powys Police,Dyfed-Powys Police,-5.033686,51.722112,On or near HOWARTH CLOSE,W01000594,Pembrokeshire 012E,Unable to prosecute suspect
92eb48f7d7fffbc9739ed4cccf35fddd6e1ceae2f272dc497eaddfffee6c30e9,2021-10,Dyfed-Powys Police,Dyfed-Powys Police,-3.421519,52.172975,On or near Parking Area,W01000459,Powys 014D,Investigation complete; no suspect identified
674a403005d2564e5414d2c5d165567da710c7ae96d9f4d6c2bcae77dc6596bc,2021-10,Dyfed-Powys Police,Dyfed-Powys Police,-4.161719,51.679550,On or near INKERMAN STREET,W01000733,Carmarthenshire 026E,Investigation complete; no suspect identified
f1d3de78014a4a845601eaeb8b5c6803c664fcc7b7f49801b1e8b5ed1a297a68,2021-10,Dyfed-Powys Police,Dyfed-Powys Police,-3.979115,52.504410,On or near CHAPEL STREET,W01000523,Ceredigion 001C,Investigation complete; no suspect identified
a785d8048e38a862a37c28cfb99468498f3791e9824ce874557c8fdc641d0676,2021-10,Dyfed-Powys Police,Dyfed-Powys Police,-4.085127,51.691879,On or near CLOS CAE FAINC,W01000692,Carmarthenshire 019C,Unable to prosecute suspect
70f1bb9169e501399da6b0f44ed7bb0dca3ac04075727192da380d86d1232002,2021-10,Dyfed-Powys Police,Dyfed-Powys Police,-4.305341,51.855989,On or near THE MOUNT,W01000641,Carmarthenshire 008A,Unable to prosecute suspect
7a22b42150341536e89333d0857b4c58b718cce3a8f9d62848ed8fdf92e21e87,2021-10,Dyfed-Powys Police,Dyfed-Powys Police,-3.000485,52.272006,On or near LUGG VIEW,W01000486,Powys 011G,Unable to prosecute suspect
78ccc1883aedeb83c13426e46651b948472eeb9e30909a15ea2f011ba07fa8a0,2021-10,Dyfed-Powys Police,Dyfed-Powys Police,-3.186572,52.019812,On or near NANT-Y-DERI,W01000445,Powys 015C,Investigation complete; no suspect identified
36314bedea2da3203e1a72dad71df46faa37bcccf69cb2458c1b1dbda9ad5ea7,2021-10,Dyfed-Powys Police,Dyfed-Powys Police,-4.151203,51.683214,On or near GLEVERING STREET,W01000629,Carmarthenshire 024B,Unable to prosecute suspect
eb57dc68ec1fb5c8a72b72ca111ce89adb0de125a426fa6e08fc2f20f290fbfe,2021-10,Dyfed-Powys Police,Dyfed-Powys Police,-4.984593,51.793685,On or near NETHER EDGE DRIVE,W01000573,Pembrokeshire 006B,Investigation complete; no suspect identified
b417015fadbe8c00cffdd7312f01203b4bcf8d49c95fcf56d5ba47d8571f6f1f,2021-10,Dyfed-Powys Police,Dyfed-Powys Police,-4.948024,51.693769,On or near COMMERCIAL ROW,W01000603,Pembrokeshire 013D,Unable to prosecute suspect
b347850a102491d312f389010a10c0dc515e696234361742e638a269657c0679,2021-10,Dyfed-Powys Police,Dyfed-Powys Police,-4.972024,51.799733,On or near HORN'S LANE,W01000568,Pembrokeshire 005A,Investigation complete; no suspect identified
bcdc11947c09cceb51db2c309ccfba3b8303fcc99b06a19c61fd7f9143f4df84,2021-10,Dyfed-Powys Police,Dyfed-Powys Police,-3.123884,52.614618,On or near HOLLY VIEW,W01000441,Powys 005B,Investigation complete; no suspect identified
f39de53c8f6d1d8aab79bac02cb244d2b040f2d3e7844f675bc5c6ebe08e874d,2021-10,Dyfed-Powys Police,Dyfed-Powys Police,-3.131809,52.665886,On or near GALLOWSTREE BANK,W01000500,Powys 003C,Formal action is not in the public interest
92f1fb0e595a908000e60bf39556e2dc7af71e943b335527fb668a920ba25afe,2021-10,Dyfed-Powys Police,Dyfed-Powys Police,-4.927570,51.709148,On or near TRINITY TERRACE,W01000554,Pembrokeshire 009A,Investigation complete; no suspect identified
fb340916472508c49f9f1e136d3d81b898b051385afe07078ea086b91d3306c6,2021-10,Dyfed-Powys Police,Dyfed-Powys Police,-4.109113,51.771394,On or near Hospital,W01000699,Carmarthenshire 015C,Unable to prosecute suspect
ae20e21dc5827768e512c0f99b8e704da9c1260ea9e9162a7689ddc145597b35,2021-10,Dyfed-Powys Police,Dyfed-Powys Police,-4.929772,51.693057,On or near LLANION COTTAGES,W01000601,Pembrokeshire 013B,Investigation complete; no suspect identified
9ab04e17832523b120281d0b6ffc525f3350e1292c84b7c96b5307a953629510,2021-10,Dyfed-Powys Police,Dyfed-Powys Police,-3.390851,51.948011,On or near Supermarket,W01000492,Powys 017D,Unable to prosecute suspect
f1c5875156eb39eedb64f0ac033c17987420a781c0a24763bc5fe5f5feb5622c,2021-10,Dyfed-Powys Police,Dyfed-Powys Police,-3.329348,52.176450,On or near Park/Open Space,W01000459,Powys 014D,Investigation complete; no suspect identified
239dcebaf857c4fdde0c846cbd5955f26563a38500d88db3c5438c08a148700b,2021-10,Dyfed-Powys Police,Dyfed-Powys Police,-4.165359,51.680966,On or near Police Station,W01000654,Carmarthenshire 023B,Investigation complete; no suspect identified
41c0c262aacd0309c838bc7711c56d69455573214495d6167be8d93f970d817a,2021-10,Dyfed-Powys Police,Dyfed-Powys Police,-4.119562,51.683789,On or near LON CEIRIOG,W01000707,Carmarthenshire 025D,Unable to prosecute suspect
3d454ce82d8a41aa34b9764236985309470329ef249d75bfdd8918e976b7f625,2021-10,Dyfed-Powys Police,Dyfed-Powys Police,-4.156787,51.675315,On or near DILLWYN STREET,W01000734,Carmarthenshire 026F,Investigation complete; no suspect identified
ec1ec865e608dc0ecb58f0a9218c55f753c002207fc68da92232f6bf648bdf1a,2021-10,Dyfed-Powys Police,Dyfed-Powys Police,-4.979207,51.792518,On or near Police Station,W01000573,Pembrokeshire 006B,Investigation complete; no suspect identified
a3e3871b865ce423c174b2cbcb085fc6f6f0f31c07584e5b87181bb4e9280813,2021-10,Dyfed-Powys Police,Dyfed-Powys Police,-5.021512,51.717416,On or near CHESTNUT WAY,W01000588,Pembrokeshire 010B,Unable to prosecute suspect
afd27737897d36fe1a4fb8247b33761f840137fa48fa88081c4b264390a2f54b,2021-10,Dyfed-Powys Police,Dyfed-Powys Police,-4.909676,51.673743,On or near GOOSE'S LANE,W01000608,Pembrokeshire 015D,Investigation complete; no suspect identified
d88196c34cc316a9777afe6805c124a907c52a02208b929dd6c925407215fa50,2021-10,Dyfed-Powys Police,Dyfed-Powys Police,-5.021512,51.717416,On or near CHESTNUT WAY,W01000588,Pembrokeshire 010B,Investigation complete; no suspect identified
3fb96ed448b70b2b4e7a28128cf805ab74a3708f9ff656b41dd5c035f76d8e6d,2021-10,Dyfed-Powys Police,Dyfed-Powys Police,-4.613667,51.955522,On or near BROMEINI,W01000561,Pembrokeshire 001D,Unable to prosecute suspect
3dd31eadfc3bf2ca34833780050ef60a42bd2fc30e8c2d597a7766d077822850,2021-10,Dyfed-Powys Police,Dyfed-Powys Police,-4.155502,51.681139,On or near WERN ROAD,W01000629,Carmarthenshire 024B,Investigation complete; no suspect identified
4e0130a6dc35994bb4b8b702d3a45267920c0605af6055cead90050638acf575,2021-10,Dyfed-Powys Police,Dyfed-Powys Police,,,No location,,,Unable to prosecute suspect
7e9f7415aa9dcacbb65bbce7e6cc657e4f1c3b7f4cec4bab222690701227e926,2021-10,Dyfed-Powys Police,Dyfed-Powys Police,-3.124872,52.075092,On or near CHANCERY LANE,W01000446,Powys 015D,Unable to prosecute suspect
d8a27a5398b2fb2fb4a3ba8509d3e7a31ffb8379f7c0fd0428c9877eaa9b0679,2021-10,Dyfed-Powys Police,Dyfed-Powys Police,-5.195319,51.873659,On or near HIGH STREET,W01000618,Pembrokeshire 003D,Local resolution
5284ec32e498e6478b5fc710dcbb6d8e7e63c5a629492c8af5d9137ae34274b5,2021-10,Dyfed-Powys Police,Dyfed-Powys Police,-4.971978,51.990770,On or near GARNLAS,W01000565,Pembrokeshire 002B,Unable to prosecute suspect
d725c093dd01e9fc8ac7d34cad1aef19ad3ae0cd565abed80abe758ae5ec8984,2021-10,Dyfed-Powys Police,Dyfed-Powys Police,-3.310103,52.721325,On or near Park/Open Space,W01000475,Powys 001E,Unable to prosecute suspect
e00ac3bfe3f9bfda2e529930df3dfdd46f67e06248e3777acc8885538b621edf,2021-10,Dyfed-Powys Police,Dyfed-Powys Police,-4.397673,52.023708,On or near PARC MEIROS,W01000688,Carmarthenshire 003B,Unable to prosecute suspect
6de37718cf6e1c5fbf79c57bf3cb4d1e6bab7f351ba1dc7e023b0f20a67ed3fa,2021-10,Dyfed-Powys Police,Dyfed-Powys Police,-3.315348,52.515999,On or near Shopping Area,W01000480,Powys 008A,Investigation complete; no suspect identified
939026df6d46ca4bcd40be0f68456b33a6cc627e08f9ebd1896bcaf6e07b22be,2021-10,Dyfed-Powys Police,Dyfed-Powys Police,-4.163304,51.680024,On or near STATION ROAD,W01000654,Carmarthenshire 023B,Investigation complete; no suspect identified
d35f41a97ad72584e02d23a9028bf2078d53ae4e40c3fdb827b1267046c133d5,2021-10,Dyfed-Powys Police,Dyfed-Powys Police,-4.139256,51.798843,On or near NANT Y DDERWEN,W01000663,Carmarthenshire 016B,Unable to prosecute suspect
d3e4a5ee61b257f87de0ad350f333179e64bf6b3b12c084364356e34325284df,2021-10,Dyfed-Powys Police,Dyfed-Powys Police,-3.364326,52.273720,On or near GRAVEL ROAD,W01000477,Powys 012D,Unable to prosecute suspect
4a7f2b19bfce33e5ad838a5cd4d90c4378994a2e2f910c6eaf7e52abf5bbb648,2021-10,Dyfed-Powys Police,Dyfed-Powys Police,-4.147461,51.667428,On or near SPRINGFIELDS,W01001924,Carmarthenshire 026H,Investigation complete; no suspect identified
1c277c8c798a3158461ad35ff829bd315729714d028f1f3ef37c87956cdd0401,2021-10,Dyfed-Powys Police,Dyfed-Powys Police,-4.765062,51.744844,On or near MAES ELWYN JOHN,W01000576,Pembrokeshire 011D,Investigation complete; no suspect identified
ed4b657fcbc36063f3dc66aa4d49a0b04221f403d7a0dd64fc9503e4518bb84c,2021-10,Dyfed-Powys Police,Dyfed-Powys Police,-4.183922,51.823929,On or near IS-Y-LLAN,W01000675,Carmarthenshire 012A,Suspect charged
0e4e984d878f088604e23ced53b229df028f0db86981b24ce15f6aaf50eae84d,2021-10,Dyfed-Powys Police,Dyfed-Powys Police,-3.995320,51.796779,On or near STRYD HAROLD,W01000714,Carmarthenshire 013D,Investigation complete; no suspect identified
b8cb94d51b746108f9ed1e984ad6c7e1afaf1b753a4dcc2d417e547c742611b7,2021-10,Dyfed-Powys Police,Dyfed-Powys Police,-3.372893,52.250729,On or near HERNOG CLOSE,W01000455,Powys 013B,Suspect charged
edd98389ee1de82ca21c936a43e229fec2af261cddb9c10deec11ad9ff8267b8,2021-10,Dyfed-Powys Police,Dyfed-Powys Police,-4.009022,51.816599,On or near WOODFIELD AVENUE,W01000681,Carmarthenshire 011B,Local resolution
2eb46490be75e21507bdde0b689fbc9376ab505b9872d41e589ce6db047a9870,2021-10,Dyfed-Powys Police,Dyfed-Powys Police,-3.338174,52.507697,On or near HEOL VAYNOR,W01000478,Powys 009A,Unable to prosecute suspect
bbf6a641dcc528a34f0286365a2e5c18368623b60e1e75338669344457d1763b,2021-10,Dyfed-Powys Police,Dyfed-Powys Police,-5.045992,51.714310,On or near JAMES STREET,W01000589,Pembrokeshire 012A,Investigation complete; no suspect identified
2ea554f139dd88ee1a256f3d74017f8c55c7f7cd2841f7018f743006967ee76e,2021-10,Dyfed-Powys Police,Dyfed-Powys Police,-3.378190,52.242486,On or near Supermarket,W01000454,Powys 013A,Formal action is not in the public interest
f63f40eafae159cc1be1fc5a13be56340efb8e0bbd8fe7cbf74bf60dcc3c2866,2021-10,Dyfed-Powys Police,Dyfed-Powys Police,-4.945758,51.694528,On or near KING STREET,W01000600,Pembrokeshire 013A,Investigation complete; no suspect identified
835d740097fbdd27c252c9b3eccece9eba77e9690929074e387feffced40f093,2021-10,Dyfed-Powys Police,Dyfed-Powys Police,-4.165359,51.680966,On or near Police Station,W01000654,Carmarthenshire 023B,Investigation complete; no suspect identified
2243ce9ed71d9847f926572e2c898c6e1545cffd2a7368c0b77ec54f5cb103e0,2021-10,Dyfed-Powys Police,Dyfed-Powys Police,-3.994479,51.790211,On or near Sports/Recreation Area,W01000625,Carmarthenshire 013A,Offender given a caution
9df9c77231dfaf958916b84273f527aec029e92da97e38008f18e22ffdbff276,2021-10,Dyfed-Powys Police,Dyfed-Powys Police,-4.960515,51.691143,On or near ORIELTON TERRACE,W01000603,Pembrokeshire 013D,Investigation complete; no suspect identified
4e671f20c33749386bead5ed26ce857b32e28b0d26446f781b55d901b2418675,2021-10,Dyfed-Powys Police,Dyfed-Powys Police,-4.983379,51.790019,On or near UNDER THE HILLS,W01000573,Pembrokeshire 006B,Investigation complete; no suspect identified
20ffd8cf624020805025a6cc6388408cf82b5f8211cfbd25fcd46c3c0d44c221,2021-10,Dyfed-Powys Police,Dyfed-Powys Police,-4.158912,51.681975,On or near Shopping Area,W01000654,Carmarthenshire 023B,Suspect charged
b3bb68a4c5c09a5b35952b3b251ecc7434ce6271bde215a5de8eb228c804c79e,2021-10,Dyfed-Powys Police,Dyfed-Powys Police,-4.179526,51.689193,On or near PENYWERN,W01000667,Carmarthenshire 023C,Unable to prosecute suspect
4d12c5689f83a086203691c8d225c47dff46f78420fbc342b2de09c838a9789a,2021-10,Dyfed-Powys Police,Dyfed-Powys Police,-4.253699,51.684664,On or near LLYS-Y-LLYFRGELL,W01000711,Carmarthenshire 021E,Investigation complete; no suspect identified
07bce96fe524a028a6a57a0257087e517ed92cbb9d52b707f66076cffd8493b4,2021-10,Dyfed-Powys Police,Dyfed-Powys Police,-5.260551,51.884145,On or near HEOL DEWI,W01000612,Pembrokeshire 003C,Investigation complete; no suspect identified
f1e8bdbfeda991ed749e6295c1bb717158b69769233a3334bd1b425be4e899d8,2021-10,Dyfed-Powys Police,Dyfed-Powys Police,-4.307346,51.738721,On or near CASTLE STREET,W01000670,Carmarthenshire 018A,Investigation complete; no suspect identified
ea1da85bf17a9669998c5bd503436bc07479f820c245d6797f5399f27df17f8d,2021-10,Dyfed-Powys Police,Dyfed-Powys Police,-4.140613,51.675845,On or near Shopping Area,W01000628,Carmarthenshire 024A,Local resolution
35bdf1b2f09b7c7821212fc201e3018319296ed5e8515b431d1fd305d2865b5b,2021-10,Dyfed-Powys Police,Dyfed-Powys Police,-3.271875,52.765641,On or near HIGH STREET,W01000461,Powys 001A,Offender given a caution
5a4604cea30cba3757b5c711796362b341e35ddd31af8a31a5178cd4cd59f3aa,2021-10,Dyfed-Powys Police,Dyfed-Powys Police,-3.341505,52.275141,On or near GREENWAY CLOSE,W01000451,Powys 012B,Unable to prosecute suspect
c5beb5c57f50f8bf2f8aa1756497d87fdfeb3497428bb1d6ceecf4b4c1f3dbc5,2021-10,Dyfed-Powys Police,Dyfed-Powys Police,-4.735607,51.770932,On or near HILLSIDE TERRACE,W01000596,Pembrokeshire 007D,Investigation complete; no suspect identified
6cadb504752b7ff1e7bbe40c273ff80444265dc3d5a6bbe36710a27c8819ea8b,2021-10,Dyfed-Powys Police,Dyfed-Powys Police,-4.374098,52.176149,On or near CAER HENWAS,W01000532,Ceredigion 007B,Unable to prosecute suspect
2f62e9614d0e510199705d457ca3fea8fcce3a56ab720d4f2b99f0589a0b7a41,2021-10,Dyfed-Powys Police,Dyfed-Powys Police,-4.314588,51.854225,On or near Petrol Station,W01000641,Carmarthenshire 008A,Investigation complete; no suspect identified
a0abf7037ac76175fc82dddce78bd82053263bfce95348139bf48ed7da9b8635,2021-10,Dyfed-Powys Police,Dyfed-Powys Police,-4.904104,51.673468,On or near ROPEWALK TERRACE,W01000609,Pembrokeshire 014D,Unable to prosecute suspect
763da4c88497623de1040334895372379f72d9cd6f2b198b9dc963163ea1c97f,2021-10,Dyfed-Powys Police,Dyfed-Powys Police,-4.328739,51.854359,On or near HEOL DYFNALLT,W01000643,Carmarthenshire 006A,Unable to prosecute suspect
5e32e6bb83af15636b8dd941dde69272751e15c0af653dad82659aa1a4878479,2021-10,Dyfed-Powys Police,Dyfed-Powys Police,-4.317889,51.856291,On or near PICTON COURT,W01000645,Carmarthenshire 006C,Investigation complete; no suspect identified
6afe9def70ff74c318de0e0c2af9e80ba94c79b7eeca02be3387addffdae661d,2021-10,Dyfed-Powys Police,Dyfed-Powys Police,-3.049189,52.344065,On or near BROAD STREET,W01000449,Powys 011C,Investigation complete; no suspect identified
0afb8fc1283ca16a269f3fc03727c70de479d0fb24ea8829ec12912773bf500a,2021-10,Dyfed-Powys Police,Dyfed-Powys Police,-4.084218,52.419676,On or near ALBERT PLACE,W01001934,Ceredigion 002F,Suspect charged
dbfe96740e3b5274af58cbc1b4af83c125c8954f3d1c0ff0e41bd2447a4dcd32,2021-10,Dyfed-Powys Police,Dyfed-Powys Police,-4.882395,51.681045,On or near PHILLIP'S LANE,W01000578,Pembrokeshire 014B,Formal action is not in the public interest
80c8577466cac0206e1eba80d68fe6f7df96ffc550924a074d5afe5083e4f3f4,2021-10,Dyfed-Powys Police,Dyfed-Powys Police,-4.900703,52.017190,On or near MAES YR EGLWYS,W01000562,Pembrokeshire 002A,Unable to prosecute suspect
b10c955776ffa638e901b4acf15e9a7e997b50015eb4b4869b7be9d93ddf671c,2021-10,Dyfed-Powys Police,Dyfed-Powys Police,-3.147969,52.658484,On or near Supermarket,W01000498,Powys 003A,Unable to prosecute suspect
866db34fd4be2b08df4b944e38a90a079654d8657ecd6139356614f2b7287b7b,2021-10,Dyfed-Powys Police,Dyfed-Powys Police,-4.004730,51.817643,On or near RAWLINGS ROAD,W01000681,Carmarthenshire 011B,Unable to prosecute suspect
ca33d6e4984eed113f557c0eea0fabb6e5ce4bc6631a219e9281d336dc5c0783,2021-10,Dyfed-Powys Police,Dyfed-Powys Police,-4.163825,51.675482,On or near NEVILL STREET,W01000732,Carmarthenshire 026D,Investigation complete; no suspect identified
a499aff51578165f62861a6cfc71bad7ca750885f40f62542e4a859faa15abb1,2021-10,Dyfed-Powys Police,Dyfed-Powys Police,-4.161703,51.677095,On or near STATION ROAD,W01000733,Carmarthenshire 026E,Investigation complete; no suspect identified
dece8bbb413c2fc654a2b7ab00e62b34fc34293caaff74efc340ab13d4a91fc8,2021-10,Dyfed-Powys Police,Dyfed-Powys Police,-3.771766,51.764951,On or near Sports/Recreation Area,W01000502,Powys 021C,Unable to prosecute suspect
b5539c868f7bc6b73c6d69e2f58dd70178fe4f3a0791c8cd75d450c4c9c8a3e4,2021-10,Dyfed-Powys Police,Dyfed-Powys Police,-4.933512,51.673015,On or near ANGLE ROAD,W01000606,Pembrokeshire 015B,Unable to prosecute suspect
c94e3b0bd6bfe2bcacdb825a44708b82d5ce80553d303dcee0949328b0b20cc6,2021-10,Dyfed-Powys Police,Dyfed-Powys Police,-3.902123,51.805285,On or near HEOL MAESGLAS,W01000656,Carmarthenshire 010A,Offender given a caution
e609d290da2675550f2914a232e81aafe97a8b6c02e3ca13054379a64ff5db69,2021-10,Dyfed-Powys Police,Dyfed-Powys Police,-4.971978,51.990770,On or near GARNLAS,W01000565,Pembrokeshire 002B,Unable to prosecute suspect
90af83b187f26d2b5cdb6906bba6d64398c0c0583ff114e76bdd1e98c0659ac1,2021-10,Dyfed-Powys Police,Dyfed-Powys Police,-4.201144,51.749733,On or near GER-Y-COED,W01000662,Carmarthenshire 016A,Suspect charged
f713cc9f6ff1f1a24913cb6a17290b8c28f2e5410081e155da5d68cc9e0220c3,2021-10,Dyfed-Powys Police,Dyfed-Powys Police,-4.304572,51.858567,On or near LITTLE WATER STREET,W01000641,Carmarthenshire 008A,Suspect charged
382008450c652b15d8bbc8dd6ac095970b4f6566ff89fbbb94b61801952afc58,2021-10,Dyfed-Powys Police,Dyfed-Powys Police,-4.949885,51.688344,On or near FAIRWAYS,W01000603,Pembrokeshire 013D,Investigation complete; no suspect identified
0def41509b4fff6a9cded66fcf649c6997d92f1405bae14ab802c76212c2d251,2021-10,Dyfed-Powys Police,Dyfed-Powys Police,-3.902123,51.805285,On or near HEOL MAESGLAS,W01000656,Carmarthenshire 010A,Offender given a caution
54100d60cd8859a532b0e7305249bb871081a642bb06792279035e17b3dd4454,2021-10,Dyfed-Powys Police,Dyfed-Powys Police,-4.971673,51.803429,On or near NORTH STREET,W01000568,Pembrokeshire 005A,Investigation complete; no suspect identified
ef5e7754cf1965c3433f6244de72a9adc970d996fb96f5c4c384bf9af90cbe42,2021-10,Dyfed-Powys Police,Dyfed-Powys Police,-3.995464,51.787875,On or near VILLIERS ROAD,W01000625,Carmarthenshire 013A,Unable to prosecute suspect
f4edc4379fc12e50b178e3cb527b3fbdf3e131676f4ec7b2815af1e772e8a08e,2021-10,Dyfed-Powys Police,Dyfed-Powys Police,-4.313366,52.044962,On or near THE BEECHES,W01000533,Ceredigion 010D,Suspect charged
e4834712dd181be92ab2fa0090bdba68bfad19b902cee0ec42433ff448bfe590,2021-10,Dyfed-Powys Police,Dyfed-Powys Police,-4.636167,51.762530,On or near CRUNWERE CLOSE,W01000553,Pembrokeshire 011A,Suspect charged
19380da5624e3b9250e822d305d3f225f25df7bb381d5c9d3b585f37c131981b,2021-10,Dyfed-Powys Police,Dyfed-Powys Police,-3.151986,52.660549,On or near MOUNT CLOSE,W01000498,Powys 003A,Formal action is not in the public interest
6985ab0924d49e534691bc45c6816d94285a249dcc863add275d6f6a23c1342e,2021-10,Dyfed-Powys Police,Dyfed-Powys Police,-4.087076,52.414482,On or near Y STRYD NEWYDD,W01000517,Ceredigion 002D,Unable to prosecute suspect
53a100692820c0351058392d16d9a1b6937d1c142eb81b8ee74226e2e95533eb,2021-10,Dyfed-Powys Police,Dyfed-Powys Police,-3.316155,52.515379,On or near Shopping Area,W01000480,Powys 008A,Investigation complete; no suspect identified
1bbce3a942dcac5b3d28a6ada2a0fedb343989c621ffa140063bdff5b10c9181,2021-10,Dyfed-Powys Police,Dyfed-Powys Police,-4.917233,51.676092,On or near Nightclub,W01000608,Pembrokeshire 015D,Offender given a caution
aad45ba334a1a4efc731d7fde3a82728cf431d0e73d88a4e306145ea35ba67bc,2021-10,Dyfed-Powys Police,Dyfed-Powys Police,-4.060598,51.714083,On or near MAESDERI,W01000666,Carmarthenshire 017B,Unable to prosecute suspect
fc402665da0c0bd2dee731c743172cb00aa0114e3d99479323125a52c8beb1e9,2021-10,Dyfed-Powys Police,Dyfed-Powys Police,-4.075316,52.117161,On or near MAESYFELIN,W01000528,Ceredigion 008B,Unable to prosecute suspect
d89e6fda14504b1eae9f15c650b0b63642a2323144f587d37ff775564132e805,2021-10,Dyfed-Powys Police,Dyfed-Powys Police,-4.940972,51.694378,On or near GORDON STREET,W01000600,Pembrokeshire 013A,Suspect charged
6e2680f674e335abb618aef56086e5ac86b952e4793065f2c84ba3dadfa5e899,2021-10,Dyfed-Powys Police,Dyfed-Powys Police,-3.147969,52.658484,On or near Supermarket,W01000498,Powys 003A,Unable to prosecute suspect
52bf5fac037ffe244312780e71464966609e4d918fb15d7b9ab02913364e7b94,2021-10,Dyfed-Powys Police,Dyfed-Powys Police,-4.975923,51.808925,On or near SLADE LANE,W01000568,Pembrokeshire 005A,Unable to prosecute suspect
c88236c88d5cd8aed579a85d2d0846ffe0252b219e7aad847f0d4d8d3e794969,2021-10,Dyfed-Powys Police,Dyfed-Powys Police,-3.988841,51.789291,On or near CARREGAMMAN ISAF,W01000625,Carmarthenshire 013A,Local resolution
98e2c5c4f4654ea0c33092fbf01b7014f8ce73bda527767bb8bb62d9eeb77c76,2021-10,Dyfed-Powys Police,Dyfed-Powys Police,-4.916904,51.683115,On or near STRONGBOW WALK,W01000607,Pembrokeshire 015C,Investigation complete; no suspect identified
2da8517a4d22210b0f281160e202aa5e94ef11c5bd9a94f8b3058c37e2e91609,2021-10,Dyfed-Powys Police,Dyfed-Powys Police,-4.152799,51.687276,On or near CORPORATION CLOSE,W01000705,Carmarthenshire 022C,Further investigation is not in the public interest
eda4adc7ee884761d36d415f9eb08fb1ade6e2a3941a5f3beac1df5d2ed178c7,2021-10,Dyfed-Powys Police,Dyfed-Powys Police,-4.294984,51.864213,On or near LLYS CAERMEDI,W01000638,Carmarthenshire 007B,Unable to prosecute suspect
844caab105e280ae358e5080a9366b67270a7d2be2feb2efa840ed90f9fa972f,2021-10,Dyfed-Powys Police,Dyfed-Powys Police,-4.161703,51.677095,On or near STATION ROAD,W01000733,Carmarthenshire 026E,Investigation complete; no suspect identified
a2525cf9c7504465343a448ab9c6de94a83094035d5466a9619d86647f77c3f3,2021-10,Dyfed-Powys Police,Dyfed-Powys Police,-4.154985,51.675429,On or near RICE STREET,W01000734,Carmarthenshire 026F,Investigation complete; no suspect identified
45e4f82a1f8ba8d160640a323c1ba4f791fc8709637b2cf19849198ab81b9ef2,2021-10,Dyfed-Powys Police,Dyfed-Powys Police,-3.407950,51.942044,On or near FFRWDGRECH ROAD,W01000489,Powys 017A,Investigation complete; no suspect identified
6ff36a1ba3a578833263a24ecdcdbb257a0ac2d2821117aaa79b142196d1eeca,2021-10,Dyfed-Powys Police,Dyfed-Powys Police,-3.344231,51.937259,On or near A40,W01001897,Powys 020D,Investigation complete; no suspect identified
22d209c975062a1fc6efe10ee93f5481bef37010abc589362fc8a37983bda907,2021-10,Dyfed-Powys Police,Dyfed-Powys Police,-3.007763,52.274317,On or near HIGH STREET,W01000485,Powys 011F,Unable to prosecute suspect
0a2569fab5d8f3694e84ab15f5737ddc2470db1ea879d4d449daaac5fa756ab2,2021-10,Dyfed-Powys Police,Dyfed-Powys Police,-4.397673,52.023708,On or near PARC MEIROS,W01000688,Carmarthenshire 003B,Investigation complete; no suspect identified
9efff7122ba2ab94955f1c10be8809d900dea3a3e8a999def539ed9e00480813,2021-10,Dyfed-Powys Police,Dyfed-Powys Police,-4.165403,51.906129,On or near B4310,W01000683,Carmarthenshire 005C,Investigation complete; no suspect identified
0c3a0c3e4322040f66e06d14a27888576adba7dcb5fc7586db69feffadde9b4a,2021-10,Dyfed-Powys Police,Dyfed-Powys Police,-4.008506,51.828810,On or near PENPOUND LANE,W01000681,Carmarthenshire 011B,Investigation complete; no suspect identified
466c0d0dea779acf1d639ecac38741c94b2794f4da2283ae178fbe3f72353816,2021-10,Dyfed-Powys Police,Dyfed-Powys Police,-3.040380,52.338389,On or near ROCKE'S MEADOW,W01000448,Powys 011B,Unable to prosecute suspect
cb956ddd04dc44b3ef5da47173bc036aba3f43663d520bf9b5b121ea2f5b8546,2021-10,Dyfed-Powys Police,Dyfed-Powys Police,-3.316723,52.516649,On or near Nightclub,W01000480,Powys 008A,Suspect charged
0b5397fca86b0e96d8e9cbe4799472aaf0bebd16fb9b877187d4eebdd03910c2,2021-10,Dyfed-Powys Police,Dyfed-Powys Police,-4.556990,51.743524,On or near Parking Area,W01000672,Carmarthenshire 027E,Investigation complete; no suspect identified
17728fecfd3f847e29734ee1247584a4e5a6b4cf636267a32f21740c45f408de,2021-10,Dyfed-Powys Police,Dyfed-Powys Police,-3.125582,52.076038,On or near BROAD STREET,W01000446,Powys 015D,Unable to prosecute suspect
0bcdcaf1d1acb5552f51b5b70428be3e2f1ef22002a5757df5a09a709eac7004,2021-10,Dyfed-Powys Police,Dyfed-Powys Police,-4.638513,52.055050,On or near CASTELL CORWG,W01000558,Pembrokeshire 001A,Investigation complete; no suspect identified
b9f9b8d2ba9afcf8c652202baf1fdfed1f845ac8c952aa82689b31ad2f5eef4f,2021-10,Dyfed-Powys Police,Dyfed-Powys Police,-4.163304,51.680024,On or near STATION ROAD,W01000654,Carmarthenshire 023B,Investigation complete; no suspect identified
e5852008249ccaf6d36d62763eb1d8f2bd4c1a98116e2d007c0eaa31daf1ce5b,2021-10,Dyfed-Powys Police,Dyfed-Powys Police,-3.933542,51.808018,On or near MAES-Y-GLYN,W01000657,Carmarthenshire 010B,Unable to prosecute suspect
0fcb4c882890b8bae213f8d65e1bed70f55cb3fdaf61988ec873cb42a7318dc8,2021-10,Dyfed-Powys Police,Dyfed-Powys Police,-3.997458,51.778875,On or near Parking Area,W01000625,Carmarthenshire 013A,Unable to prosecute suspect
0a510f066fc6009d8279ece8ac29d599e039ede5660236d30d323323a5e56388,2021-10,Dyfed-Powys Police,Dyfed-Powys Police,-3.880941,51.939175,On or near RHYD Y FRO,W01000687,Carmarthenshire 004C,Investigation complete; no suspect identified
19a9d5a34eed4f95fe756ac97c34e4887d5cb3794aad31355c8385d3b743193a,2021-10,Dyfed-Powys Police,Dyfed-Powys Police,-3.914056,51.805855,On or near LON LLWYD,W01000658,Carmarthenshire 010C,Investigation complete; no suspect identified
bda3545b08fd4b1110c2f4ba34accb67d034ba1ec0b3f2439e308fbfaaa582b1,2021-10,Dyfed-Powys Police,Dyfed-Powys Police,-4.079491,52.416432,On or near VAYNOR STREET,W01001934,Ceredigion 002F,Local resolution
a1ecc2bc55c5a07245d33f603315ae06c9312a800ff1cff1d1c879b738a2f04f,2021-10,Dyfed-Powys Police,Dyfed-Powys Police,-3.508654,52.300528,On or near CAEHERBERT LANE,W01000487,Powys 012E,Unable to prosecute suspect
e868be2d907bcad392c44f8c83f02fbe0070d59c0f9d6a562054d04ef3b2486f,2021-10,Dyfed-Powys Police,Dyfed-Powys Police,-4.161880,51.673522,On or near GREAT WESTERN TERRACE,W01000659,Carmarthenshire 026A,Investigation complete; no suspect identified
bbd3284ab34a337b7f60a5511b1175e8d5d1e009c9654c3c86043780c22ceed7,2021-10,Dyfed-Powys Police,Dyfed-Powys Police,-4.163825,51.675482,On or near NEVILL STREET,W01000732,Carmarthenshire 026D,Investigation complete; no suspect identified
4923fe09ae8dab7c48b4f75e015a85bc53a4c4abb25d99c27f586ceb187eaa4f,2021-10,Dyfed-Powys Police,Dyfed-Powys Police,-4.083920,52.412731,On or near MILL STREET,W01000518,Ceredigion 003C,Investigation complete; no suspect identified
cfa4f298e1225f10c76e5c1def62c52ec1af23d448c1e2925743017e3dddbbdd,2021-10,Dyfed-Powys Police,Dyfed-Powys Police,-4.136568,51.702671,On or near TEGFYNYDD,W01000727,Carmarthenshire 019E,Investigation complete; no suspect identified
68ee10ad42171cff6d8cef019577e04f9abeaf6f914c842e86bd0d8d62b0f413,2021-10,Dyfed-Powys Police,Dyfed-Powys Police,-4.146877,52.173725,On or near A482,W01000535,Ceredigion 008C,Unable to prosecute suspect
60d188ddd41b4d208d4ddf856f74a96816b2c03a18d440a88cbb6e6118f6ef9f,2021-10,Dyfed-Powys Police,Dyfed-Powys Police,-4.397673,52.023708,On or near PARC MEIROS,W01000688,Carmarthenshire 003B,Investigation complete; no suspect identified
bf6d3c9635742bbbc84ff99b4b5b813f307ab3a41852dc8c7b1c2cd177e1d663,2021-10,Dyfed-Powys Police,Dyfed-Powys Police,-4.312401,51.855760,On or near Sports/Recreation Area,W01000641,Carmarthenshire 008A,Investigation complete; no suspect identified
85c4f898e367cd2fa939106a5a07aa5808e7b53029d2709f8422ffedb923abf8,2021-10,Dyfed-Powys Police,Dyfed-Powys Police,-5.037813,51.711959,On or near NELSON QUAY,W01000587,Pembrokeshire 010A,Investigation complete; no suspect identified
5a5797327bda2e666b95a9f1311d92cb598b86238597ab62919ec64e8f14f17e,2021-10,Dyfed-Powys Police,Dyfed-Powys Police,-4.100866,51.888308,On or near GWRT GLASFRYN,W01000682,Carmarthenshire 005B,Investigation complete; no suspect identified
21c8e98b544191e9a299bd475cffc520d62f9b2bae302083449c4b7a4197fabd,2021-10,Dyfed-Powys Police,Dyfed-Powys Police,-4.490950,51.825431,On or near CLOS GRIFFITH JONES,W01000721,Carmarthenshire 027C,Investigation complete; no suspect identified
3b83fc49447417cbf9b5e42ebc6923ba3a86375684e31f4811b940ab69e1981e,2021-10,Dyfed-Powys Police,Dyfed-Powys Police,-4.164888,51.805891,On or near Park/Open Space,W01000675,Carmarthenshire 012A,Investigation complete; no suspect identified
af7212f80e952823bd8b360b2501ece0f1aa362e82227ff1753b632bb8f0a278,2021-10,Dyfed-Powys Police,Dyfed-Powys Police,-4.971411,51.799227,On or near HILL STREET,W01000568,Pembrokeshire 005A,Investigation complete; no suspect identified
2a99b42ad128736a434f7c25b6d8497f383e9325b8e5436bcaf4f93adf8965b1,2021-10,Dyfed-Powys Police,Dyfed-Powys Police,-3.380936,52.246949,On or near LONCWM,W01000455,Powys 013B,Formal action is not in the public interest
40b1326dc39ce05c2aa557585cb0cc543177a7ef8d361debe7165b0071d4347f,2021-10,Dyfed-Powys Police,Dyfed-Powys Police,-3.913304,51.806254,On or near TAN-Y-GELLI,W01000658,Carmarthenshire 010C,Local resolution
8969b95d1ec82fe81ee1d1f6613de77507d3cf49c5b95408f5d247ad45f52a52,2021-10,Dyfed-Powys Police,Dyfed-Powys Police,-3.007763,52.274317,On or near HIGH STREET,W01000485,Powys 011F,Unable to prosecute suspect
fe5df3c86819a6a8bea0c92956bb6eeebd63254f6ebce3a045c73b7ad6600054,2021-10,Dyfed-Powys Police,Dyfed-Powys Police,-3.147969,52.658484,On or near Supermarket,W01000498,Powys 003A,Unable to prosecute suspect
406486271f2cbc7194fa488f79d62efe78cf18de9fea4904e051e74378a4db12,2021-10,Dyfed-Powys Police,Dyfed-Powys Police,-5.041823,51.715408,On or near Parking Area,W01000594,Pembrokeshire 012E,Local resolution
8dd5a4cd94aead304c836311c39b9c7ffe1a86391cd5d355ecb546e9aa6de250,2021-10,Dyfed-Powys Police,Dyfed-Powys Police,-3.904009,51.800830,On or near BISHOP ROAD,W01000656,Carmarthenshire 010A,Offender given a caution
c5b9f6a86d04fb755f2c27edb143244eb6cef9e51dfc7beb78f0be953f631fc4,2021-10,Dyfed-Powys Police,Dyfed-Powys Police,-4.152264,51.674175,On or near CASWELL STREET,W01000631,Carmarthenshire 024D,Formal action is not in the public interest
841ced4d0c5c132676a59bdc48b543a75ec801d455852bcc9da9bc9f90d6bd15,2021-10,Dyfed-Powys Police,Dyfed-Powys Police,-4.019340,51.779329,On or near BRYNHAFOD,W01000731,Carmarthenshire 017C,Offender given a caution
9daad95c7bf8dc5011b61da2a4ff8325f889f2ffb851da798ed0c698a0ac0cd8,2021-10,Dyfed-Powys Police,Dyfed-Powys Police,-4.144209,51.703890,On or near DANYLAN,W01000726,Carmarthenshire 019D,Investigation complete; no suspect identified
49ce188784d2f2b9b3f7cedfe93e194b5f13b592a21fe685d529fc111b49d4cf,2021-10,Dyfed-Powys Police,Dyfed-Powys Police,-3.398646,51.946471,On or near Parking Area,W01000489,Powys 017A,Unable to prosecute suspect
6227c31d08e0e9fce37d1ec40a6d893f423633fb2c0fe1e798451fc227bf990d,2021-10,Dyfed-Powys Police,Dyfed-Powys Police,-4.147461,51.667428,On or near SPRINGFIELDS,W01001924,Carmarthenshire 026H,Suspect charged
f321d9b1cc77e16f380570e12b4f6901f8372239fd04c5cea6edc39ffd1ce7c2,2021-10,Dyfed-Powys Police,Dyfed-Powys Police,-4.084484,52.417217,On or near MARINE TERRACE,W01001934,Ceredigion 002F,Suspect charged
672ae0063cfe4658143191539912bf28ad9c515ba066f60daddf751cf173daea,2021-10,Dyfed-Powys Police,Dyfed-Powys Police,-4.144975,51.698067,On or near BROHAWDDGAR,W01000655,Carmarthenshire 020C,Investigation complete; no suspect identified
1acad811ab523dfa5ca1aa6dbc54fefa2e0c751801a39416964883f43a96437c,2021-10,Dyfed-Powys Police,Dyfed-Powys Police,-4.148251,51.675256,On or near HEOL FFYNNON,W01000631,Carmarthenshire 024D,Suspect charged
c47d60ea032c7e94651091f7496e50432819ec65016a7df5e47168998168cb51,2021-10,Dyfed-Powys Police,Dyfed-Powys Police,-4.968778,51.798673,On or near PRINCESS ROYAL WAY,W01000568,Pembrokeshire 005A,Investigation complete; no suspect identified
1282b67aa62f0782cf83e5c1176709362370126dce977ca0acd0fd7c2c367db5,2021-10,Dyfed-Powys Police,Dyfed-Powys Police,-4.928657,51.674674,On or near BACK TERRACE,W01000606,Pembrokeshire 015B,Investigation complete; no suspect identified
8e9f7f5497bf0d7a235c3fe692349943f20ac6ac2945a77fb571fb9546e54640,2021-10,Dyfed-Powys Police,Dyfed-Powys Police,-4.006990,51.820500,On or near HIGH STREET,W01000681,Carmarthenshire 011B,Investigation complete; no suspect identified
d2a21ce6acc5881fd748ccdf71985fd53a38c1c52436ad2710b514fe5ff1ba10,2021-10,Dyfed-Powys Police,Dyfed-Powys Police,-4.147114,51.685159,On or near CLIFTON TERRACE,W01000628,Carmarthenshire 024A,Investigation complete; no suspect identified
1587e35399bd91902ef43c58778f3b437b81b01bfc3e8d50d1a7038a4b4de10a,2021-10,Dyfed-Powys Police,Dyfed-Powys Police,-4.311901,51.857623,On or near WATER STREET,W01000641,Carmarthenshire 008A,Unable to prosecute suspect
1b6b6ec8902bef59c9ef397e344ff5810e570ae0763316465df56c16233b9dd2,2021-10,Dyfed-Powys Police,Dyfed-Powys Police,-4.083452,52.414358,On or near CHALYBEATE STREET,W01000513,Ceredigion 002B,Suspect charged
eba10f9ef3f104725b1bde8f901acc102aa26ffa30d13d7f92b4c6a53cdd12e0,2021-10,Dyfed-Powys Police,Dyfed-Powys Police,-4.157894,51.673028,On or near TRINITY TERRACE,W01000659,Carmarthenshire 026A,Investigation complete; no suspect identified
5f16099af54e2a7590b95a3c6baefa3c233cfdeb420bab162067b8f7ada5c3a8,2021-10,Dyfed-Powys Police,Dyfed-Powys Police,-4.168463,51.674776,On or near BRYN PLACE,W01000660,Carmarthenshire 026B,Investigation complete; no suspect identified
cca5cfc8be7700190e72a345484fbffc1b37f987bae2fe624140f6ef30b004f7,2021-10,Dyfed-Powys Police,Dyfed-Powys Police,-4.807032,51.657177,On or near HAWTHORN LANE,W01000584,Pembrokeshire 014C,Investigation complete; no suspect identified
90bcf87932b77d1e76a03bfaae44ee3f380a643788e8633aeedccc1dfd860f9b,2021-10,Dyfed-Powys Police,Dyfed-Powys Police,-3.756961,51.774813,On or near LLANFAES,W01000502,Powys 021C,Unable to prosecute suspect
57369f36c0b77dd96475999389070c0fbd989ef8b8b628aaf45715dd976cbd9c,2021-10,Dyfed-Powys Police,Dyfed-Powys Police,-5.033836,51.713105,On or near FULKE STREET,W01000587,Pembrokeshire 010A,Further investigation is not in the public interest
0358430ba5b468fec9114fa61c623598b6e8ed194f42199270f77cc08f91ef8d,2021-10,Dyfed-Powys Police,Dyfed-Powys Police,-4.296247,51.739235,On or near CLOS YR ONNEN,W01000671,Carmarthenshire 018B,Unable to prosecute suspect
e8a8ecaa50d473542bf8e03a3f00f4371b08093dbfa208c732ad436dd17343c2,2021-10,Dyfed-Powys Police,Dyfed-Powys Police,-3.149270,52.661268,On or near Petrol Station,W01000501,Powys 003D,Unable to prosecute suspect
eaae823b0d15bc6baa4a207349029c3fec5d7559ffc3b79a3f0c4612581893bc,2021-10,Dyfed-Powys Police,Dyfed-Powys Police,-4.715187,51.672216,On or near MARSH ROAD,W01000621,Pembrokeshire 016D,Investigation complete; no suspect identified
38958e7a01dc9a07d26d8a3422e7be416ee2fa70b5a0cb7709f897e8270fd181,2021-10,Dyfed-Powys Police,Dyfed-Powys Police,-3.312049,52.516081,On or near EDWARDS FIELD,W01000481,Powys 008B,Unable to prosecute suspect
22367ef93b64e655f015765b1e6f76242dde0eb6ef9679589df410494f36bf8c,2021-10,Dyfed-Powys Police,Dyfed-Powys Police,-4.087076,52.414482,On or near Y STRYD NEWYDD,W01000517,Ceredigion 002D,Suspect charged
149eb02e169ca621c6a5353a5605fe08bc9719361e59e59038fe01b2d438b39d,2021-10,Dyfed-Powys Police,Dyfed-Powys Police,-3.139269,52.603045,On or near Sports/Recreation Area,W01000441,Powys 005B,Investigation complete; no suspect identified
f7ef6eaa1e658badfa7fc61be309f6bbdb492e382ae0ce622ab33abc241434e7,2021-10,Dyfed-Powys Police,Dyfed-Powys Police,-3.959162,52.179007,On or near CYSGOD Y LLAN,W01000536,Ceredigion 011E,Unable to prosecute suspect
1c92d5ea59bffca2e8422eff6c65dbaf9b60f0197bf41d0e269a2eb7c367ce8a,2021-10,Dyfed-Powys Police,Dyfed-Powys Police,-4.158452,51.684151,On or near SWANFIELD PLACE,W01000703,Carmarthenshire 022A,Investigation complete; no suspect identified
12de364a341acc3f5e3f4cdce8f109c4cea354478037ef87592a6546501e8d69,2021-10,Dyfed-Powys Police,Dyfed-Powys Police,-3.936421,51.801415,On or near JONES' TERRACE,W01000657,Carmarthenshire 010B,Local resolution
8432bbaae84e97f984fa0756da1f91e782d2d216894f1efe5b3933a88da5e9e9,2021-10,Dyfed-Powys Police,Dyfed-Powys Police,-4.159377,51.676239,On or near CLOS SANT PAUL,W01000733,Carmarthenshire 026E,Investigation complete; no suspect identified
da2f3ae8823eaebdca86164712a8f854f5368adf53bb9f5290d346dc437da90e,2021-10,Dyfed-Powys Police,Dyfed-Powys Police,-3.993707,51.800314,On or near OLD ROAD,W01000714,Carmarthenshire 013D,Suspect charged
3ad339a7da59a29e1d68fcd81e681247b3389af9d3b6ce0d54aadcc525f2f8d2,2021-10,Dyfed-Powys Police,Dyfed-Powys Police,-3.397678,52.202211,On or near A483,W01000438,Powys 012A,Investigation complete; no suspect identified
d149ac792f6559e262b16737d131ae208b3cf370670a2912f847402663f4070f,2021-10,Dyfed-Powys Police,Dyfed-Powys Police,-3.108070,51.875954,On or near PONTFAEN,W01001904,Powys 018G,Investigation complete; no suspect identified
668c0128ec77336dbb6f75afb11ec4c9c67b6bd0975a1f6cb08a6d850d68a65c,2021-10,Dyfed-Powys Police,Dyfed-Powys Police,-3.152740,52.087509,On or near BEGWYNS BLUFF,W01000443,Powys 015B,Formal action is not in the public interest
52b6ddd5796561a7f82ad68718850bce18116456e8aab52a42fbb6763a863f25,2021-10,Dyfed-Powys Police,Dyfed-Powys Police,-3.712949,51.801459,On or near MAES-Y-CRIBARTH,W01000426,Powys 021A,Investigation complete; no suspect identified
01e29a8594a8cb95c4f83ba19136b15645698dfe9149136bfc06a248fb78ed91,2021-10,Dyfed-Powys Police,Dyfed-Powys Police,-4.150274,51.670021,On or near HAVELOCK STREET,W01001924,Carmarthenshire 026H,Unable to prosecute suspect
3cd6be0d4376bf980eaaa6a479b4fd52fc1bd915a095754669537afce6392cbb,2021-10,Dyfed-Powys Police,Dyfed-Powys Police,-4.337817,51.851040,On or near PARC Y FFORDD,W01000644,Carmarthenshire 006B,Investigation complete; no suspect identified
62d818d84ef82a9d0bd9be7d33c1c375876d05742dfcb8f0e28bd210fd6f41ff,2021-10,Dyfed-Powys Police,Dyfed-Powys Police,-4.308072,51.844955,On or near Petrol Station,W01000694,Carmarthenshire 008D,Unable to prosecute suspect
25e1f9192e5ddb366ecff4b39aaa372975d5dde639c985524c939b4f15e1b6d8,2021-10,Dyfed-Powys Police,Dyfed-Powys Police,-4.304718,51.857170,On or near KING STREET,W01000641,Carmarthenshire 008A,Unable to prosecute suspect
96d95e7f766b5f8c09f6a2debf035c63ec628e242987fc4f0983dbb52a8befd2,2021-10,Dyfed-Powys Police,Dyfed-Powys Police,-3.379045,52.240786,On or near MIDDLETON STREET,W01000454,Powys 013A,Unable to prosecute suspect
07e4a85dd192ed751842828cc97da06ff7b603b5569576e3029487060fb03860,2021-10,Dyfed-Powys Police,Dyfed-Powys Police,-4.919505,51.676314,On or near WESTGATE HILL,W01000608,Pembrokeshire 015D,Investigation complete; no suspect identified
4723d96374b2b6b6d591e5b1efd634075200bf64616c41011ab95366b4f470ce,2021-10,Dyfed-Powys Police,Dyfed-Powys Police,-4.075923,52.113877,On or near Further/Higher Educational Building,W01000527,Ceredigion 008A,Investigation complete; no suspect identified
250f8a07df17b14f7332b46a3a47c85ddc2b14e28b79113896f5b1e49a73414d,2021-10,Dyfed-Powys Police,Dyfed-Powys Police,-4.484587,52.078982,On or near B4333,W01000519,Ceredigion 010A,Unable to prosecute suspect
90d87f12809135e52f20d50225d7daae3c5306dac41832c47e2933edf227ebd9,2021-10,Dyfed-Powys Police,Dyfed-Powys Police,-4.660513,52.082559,On or near Shopping Area,W01000511,Ceredigion 009E,Suspect charged
afb7e7cef9d60be0be439605f25becf75af3326bf127963eb6d6e21c3f251b3e,2021-10,Dyfed-Powys Police,Dyfed-Powys Police,-4.101415,51.670852,On or near PARC BERWIG,W01000635,Carmarthenshire 025A,Offender given a caution
f439c3a65757fa6a8d57dda68dc2c4a90a94b0a356eaffc11eb939a4c2f4fccb,2021-10,Dyfed-Powys Police,Dyfed-Powys Police,-4.144118,51.692165,On or near BRYNSIRIOL,W01000652,Carmarthenshire 020B,Investigation complete; no suspect identified
c0dd01735160ee58ed207c78152251dc804d1e6ef72a754c0fce04874f54088d,2021-10,Dyfed-Powys Police,Dyfed-Powys Police,-4.155266,51.690495,On or near TY'RFRAN AVENUE,W01000704,Carmarthenshire 022B,Suspect charged
f38f0265f71c72f453f9bc0d094354ae2676156a27a2c284daa0eed142d043d5,2021-10,Dyfed-Powys Police,Dyfed-Powys Police,-4.940610,51.693703,On or near DIMOND STREET,W01000600,Pembrokeshire 013A,Investigation complete; no suspect identified
91ac3fe89b2cec66fbe852a93bb7fc361984e31eaf1734db05892eaf5ac8f1d7,2021-10,Dyfed-Powys Police,Dyfed-Powys Police,-4.297538,51.849919,On or near RHOS LAS,W01000693,Carmarthenshire 008C,Suspect charged
1975ff381a34245dcb8d9bde3b1000f7c7ae4d74a2fd3bcca49b27ab94d3acd8,2021-10,Dyfed-Powys Police,Dyfed-Powys Police,-4.963340,51.811086,On or near Pedestrian Subway,W01000572,Pembrokeshire 005D,Unable to prosecute suspect
8368b99e04210296b5ad223fcff533959ab6df2467cb9acda2c3a813a3b6e3a8,2021-10,Dyfed-Powys Police,Dyfed-Powys Police,-4.996932,51.799316,On or near HAVEN ROAD,W01000571,Pembrokeshire 006A,Offender given a caution
6b498f0b2bd077f85ff52b2a5b80fffbb57504e52921315dc474fd94f0b5600c,2021-10,Dyfed-Powys Police,Dyfed-Powys Police,-4.929255,51.694689,On or near FERRY TERRACE,W01000601,Pembrokeshire 013B,Unable to prosecute suspect
13b6369b347d51ed0ebb6299b5321d4ce8f0b96403eb54aacce68aa1f6759eb3,2021-10,Dyfed-Powys Police,Dyfed-Powys Police,-4.156633,52.078159,On or near Sports/Recreation Area,W01000702,Carmarthenshire 001D,Investigation complete; no suspect identified
202984cd310952ca487c8583b813b9d62159b4262131144b7cf0dcc46c133d36,2021-10,Dyfed-Powys Police,Dyfed-Powys Police,-4.313366,52.044962,On or near THE BEECHES,W01000533,Ceredigion 010D,Suspect charged
9baac964e2d7f5d2d95192cfb76321ba027a121aee28c89f4f1cff2743bac6dc,2021-10,Dyfed-Powys Police,Dyfed-Powys Police,-3.917439,52.327227,On or near Parking Area,W01000542,Ceredigion 011F,Investigation complete; no suspect identified
c83640e443e75a7e7508177113ae4d5a3c661ba72c762b8bee779ed262219009,2021-10,Dyfed-Powys Police,Dyfed-Powys Police,-4.080517,52.436016,On or near Parking Area,W01000548,Ceredigion 001D,Unable to prosecute suspect
b164d0c8131c0cd941ad08ff99395124ad2e48b831926fad33bc273e258d7792,2021-10,Dyfed-Powys Police,Dyfed-Powys Police,-4.080517,52.436016,On or near Parking Area,W01000548,Ceredigion 001D,Unable to prosecute suspect
978e4bcbe4a22cd10592cbe7381168bd25567a185823244020740af5c9b28d3c,2021-10,Dyfed-Powys Police,Dyfed-Powys Police,-4.288139,52.077540,On or near A475,W01000522,Ceredigion 010B,Investigation complete; no suspect identified
3c1c1a9acaed66a780df060c2458b5fea8fd831b5146ba40cdda1955a971dcee,2021-10,Dyfed-Powys Police,Dyfed-Powys Police,-4.261392,52.233324,On or near RHIWGOCH,W01000524,Ceredigion 005B,Unable to prosecute suspect
23d571231160ea339d08c73f3063b09bcfe3adb74bee8fef1b113ef0cd19a59b,2021-10,Dyfed-Powys Police,Dyfed-Powys Police,-4.257426,52.243768,On or near STRYD TYGLYN,W01000506,Ceredigion 005A,Investigation complete; no suspect identified
0d720377f6e15d7f99dfc0071f2fcc9e266bb116ee17fc48608ddbfbc16f1580,2021-10,Dyfed-Powys Police,Dyfed-Powys Police,-4.071890,51.703947,On or near Pedestrian Subway,W01000665,Carmarthenshire 017A,Unable to prosecute suspect
eaa3c1fd7f58b65d3de09738c662dea59d85953b98f7874d1fbd53e616594d92,2021-10,Dyfed-Powys Police,Dyfed-Powys Police,-4.144767,51.668881,On or near B4304,W01001923,Carmarthenshire 026G,Suspect charged
2840bb892b64589149c61a12a4159abc9e05c2fa81b16daf02ad51e9ab34c0e7,2021-10,Dyfed-Powys Police,Dyfed-Powys Police,-3.316723,52.516649,On or near Nightclub,W01000480,Powys 008A,Unable to prosecute suspect
f798195a2d4f299c12da1fd0cba7c4a4ec67d9128f525255d34b272f441ee8a8,2021-10,Dyfed-Powys Police,Dyfed-Powys Police,-4.698433,51.712273,On or near WOGAN TERRACE,W01000616,Pembrokeshire 011F,Investigation complete; no suspect identified
7d747c77bfdf769d0d8f06c6c6df1f59b95d723b41b8c9cc3b18895f305e9ba3,2021-10,Dyfed-Powys Police,Dyfed-Powys Police,-4.152641,51.671146,On or near PEN-Y-MORFA,W01000659,Carmarthenshire 026A,Unable to prosecute suspect
15be82ad7ca7987d9071dc0e73031565f77cafc97e401134ac6cdf8a2f88f4a2,2021-10,Dyfed-Powys Police,Dyfed-Powys Police,-4.156854,51.683110,On or near ISLAND PLACE,W01000703,Carmarthenshire 022A,Investigation complete; no suspect identified
307084d7b8144638ffdb8eeb021cdda47c3e36047668541788aa33015a4ca973,2021-10,Dyfed-Powys Police,Dyfed-Powys Police,-3.375334,51.968253,On or near CAE PARC,W01000440,Powys 020A,Investigation complete; no suspect identified
e182756cb19ead425fd8be052e7c81ecc50d246dc7148da78bbc958a5826e0ee,2021-10,Dyfed-Powys Police,Dyfed-Powys Police,-4.119370,51.752100,On or near BEIDR NON,W01000699,Carmarthenshire 015C,Unable to prosecute suspect
3b30215c7990f92cb927066f9c294c94024ac5c916930de9bb469e9d407810c4,2021-10,Dyfed-Powys Police,Dyfed-Powys Police,-3.109013,52.669050,On or near FISHER ROAD,W01000497,Powys 005D,Suspect charged
597c6bff1911572a76c271bd7d4c7770aee0d97d766cd74042ed2fabd74aa647,2021-10,Dyfed-Powys Police,Dyfed-Powys Police,-4.939499,51.694864,On or near WATER STREET,W01000600,Pembrokeshire 013A,Unable to prosecute suspect
de907139dec2839f335ce4af49ecfe3b1e0837d8b2f0920ce62b684f2ea6289a,2021-10,Dyfed-Powys Police,Dyfed-Powys Police,-4.939499,51.694864,On or near WATER STREET,W01000600,Pembrokeshire 013A,Unable to prosecute suspect
9fd30c83f61c3824200961dbee05514ee33a2f5ffdbd5334d6d5e6456c5e4835,2021-10,Dyfed-Powys Police,Dyfed-Powys Police,-4.939499,51.694864,On or near WATER STREET,W01000600,Pembrokeshire 013A,Unable to prosecute suspect
64932de7de2b23bd03e00efbb8b385de56a81813b4e50cf5efcc0082991b422b,2021-10,Dyfed-Powys Police,Dyfed-Powys Police,-4.980354,51.797588,On or near PORTFIELD AVENUE,W01000571,Pembrokeshire 006A,Investigation complete; no suspect identified
d12d65041a984acf007b92ab60b4fd16890b1d8b01d4ed07c7fd10a0a7032c31,2021-10,Dyfed-Powys Police,Dyfed-Powys Police,-4.980354,51.797588,On or near PORTFIELD AVENUE,W01000571,Pembrokeshire 006A,Further investigation is not in the public interest
989b9f2bf31712c14e5cf41168db81ca906d517ac83733b3e3f70b33f55e04aa,2021-10,Dyfed-Powys Police,Dyfed-Powys Police,-4.980354,51.797588,On or near PORTFIELD AVENUE,W01000571,Pembrokeshire 006A,Investigation complete; no suspect identified
f11c7ff72bfe4833a2b8dcb66fa00b9f11c6cd45dc84b9383466d166c4dce498,2021-10,Dyfed-Powys Police,Dyfed-Powys Police,-3.147979,52.659986,On or near BROAD STREET,W01000498,Powys 003A,Investigation complete; no suspect identified
cb683db86e664b4b0ad4b87828b783387a94dcc6321b6f61affa9309d26d209c,2021-10,Dyfed-Powys Police,Dyfed-Powys Police,-4.970167,51.801713,On or near Shopping Area,W01000568,Pembrokeshire 005A,Unable to prosecute suspect
cb683db86e664b4b0ad4b87828b783387a94dcc6321b6f61affa9309d26d209c,2021-10,Dyfed-Powys Police,Dyfed-Powys Police,-4.970167,51.801713,On or near Shopping Area,W01000568,Pembrokeshire 005A,Unable to prosecute suspect
1bc98378a769c9f6cf3f139ce66df3d33ffa41ffcfa706c8b32a44a1e3debd76,2021-10,Dyfed-Powys Police,Dyfed-Powys Police,-3.242846,52.490585,On or near B4368,W01000447,Powys 007C,Formal action is not in the public interest
ce310dd98984f346186124a45f99172c81c226924435b5e383d0d8361c6aade3,2021-10,Dyfed-Powys Police,Dyfed-Powys Police,-3.914396,51.803278,On or near NEW CEIDRIM ROAD,W01000656,Carmarthenshire 010A,Investigation complete; no suspect identified
06656fa72d39a21003a94a51903d12e065889540c2ba85e17716fb84e5c687de,2021-10,Dyfed-Powys Police,Dyfed-Powys Police,-4.165489,51.674597,On or near LLYS YR ORSAF,W01000660,Carmarthenshire 026B,Investigation complete; no suspect identified
15c2a80959a8e38bdb57f0abcbfea45bdc2c15e565ff45acdcabeff100afa193,2021-10,Dyfed-Powys Police,Dyfed-Powys Police,-4.963340,51.811086,On or near Pedestrian Subway,W01000572,Pembrokeshire 005D,Local resolution
b8462283bd789b0503d24a6068a6810f88b48c1840e72155881dc7bc573efa81,2021-10,Dyfed-Powys Police,Dyfed-Powys Police,-3.872505,52.496975,On or near Park/Open Space,W01000523,Ceredigion 001C,Investigation complete; no suspect identified
742007245d0d8fa2fd5ee262f300670c084b022a6da96853f48613794ccc4912,2021-10,Dyfed-Powys Police,Dyfed-Powys Police,-3.395967,52.148518,On or near OAKLANDS CRESCENT,W01000431,Powys 014A,Investigation complete; no suspect identified
37cb31b0b02d296f9d74a3b1fbcba16a2de1c935ddc2cecb47bf55b1dde67578,2021-10,Dyfed-Powys Police,Dyfed-Powys Police,-4.916431,51.684081,On or near BUTTERMILK CLOSE,W01000607,Pembrokeshire 015C,Unable to prosecute suspect
c427e93499ccae277b1ef2e73d813da34a592fbf44b609a17ffcc6ebf0a604a5,2021-10,Dyfed-Powys Police,Dyfed-Powys Police,-4.161703,51.677095,On or near STATION ROAD,W01000733,Carmarthenshire 026E,Suspect charged
fd4311fa49ce9fd0be99b00476caf2b1527fb9a3c414bfda5e552d040aa67bf6,2021-10,Dyfed-Powys Police,Dyfed-Powys Police,-4.083621,52.413563,On or near Petrol Station,W01000513,Ceredigion 002B,Formal action is not in the public interest
a2a1e3eb1f2535be5998ee1dca7d236d8803c6693a1b0d8adc2b2da64dd6f3b4,2021-10,Dyfed-Powys Police,Dyfed-Powys Police,-4.083621,52.413563,On or near Petrol Station,W01000513,Ceredigion 002B,Suspect charged
7e11f16f611bd0ff93060de07c5e475b66a4b2ae25f49d39c36a6eeca6fa7997,2021-10,Dyfed-Powys Police,Dyfed-Powys Police,-5.025608,51.714352,On or near PILL ROAD,W01000588,Pembrokeshire 010B,Unable to prosecute suspect
5cbdbb36574c4db06bb8f2b4f900e315684eb74130ce3429edcc6175d1b0f5ad,2021-10,Dyfed-Powys Police,Dyfed-Powys Police,-3.132819,51.864218,On or near MYNYDD GERDD,W01001903,Powys 018F,Investigation complete; no suspect identified
c9ea9f3407eaf272c6414dfee7a5d58f5769bafd9c61531364c3c0f137a8ca8e,2021-10,Dyfed-Powys Police,Dyfed-Powys Police,-4.340607,51.850796,On or near PEN Y CAE,W01000644,Carmarthenshire 006B,Investigation complete; no suspect identified
02a77db18b91b3f98e431024ce5bf2ea8079a7a802f455052be081d29a35aa18,2021-10,Dyfed-Powys Police,Dyfed-Powys Police,-4.678076,52.080417,On or near DAVID STREET,W01000613,Pembrokeshire 001E,Unable to prosecute suspect
71fb1777bd242a4773105a74d2dc0619dbe76770ae4ee86bedd0751ec44b1e99,2021-10,Dyfed-Powys Police,Dyfed-Powys Police,-4.678076,52.080417,On or near DAVID STREET,W01000613,Pembrokeshire 001E,Unable to prosecute suspect
b593650a0ce83ad8e760f8e3fb02f95914c16cd2b27ec10e9b25705d64222923,2021-10,Dyfed-Powys Police,Dyfed-Powys Police,-3.317437,52.517837,On or near B4568,W01000482,Powys 008C,Unable to prosecute suspect
31036922bf3e18fab207c813ada6b6a862c9b81c1266374bc4e3c1c8e32dd4a4,2021-10,Dyfed-Powys Police,Dyfed-Powys Police,-3.315002,52.514277,On or near MARKET STREET,W01000480,Powys 008A,Investigation complete; no suspect identified
f337ef4316e08a631e696a28f72dc84dded2a08026e9eeb8ac95949b9a050779,2021-10,Dyfed-Powys Police,Dyfed-Powys Police,-3.334757,52.504814,On or near LON PANTYLLYN,W01000483,Powys 009C,Unable to prosecute suspect
7133263ef20dc4abdc76cb099027678d9ce6a7659ae0d1ce62dfb0913807ea69,2021-10,Dyfed-Powys Police,Dyfed-Powys Police,-4.076902,52.409833,On or near BOULEVARD ST BRIEUC,W01000518,Ceredigion 003C,Formal action is not in the public interest
0427e15b9b7eef6cf91acec5d7ffedd027dd1f5b3f158a1d58a8e53d49f06d89,2021-10,Dyfed-Powys Police,Dyfed-Powys Police,-4.183922,51.823929,On or near IS-Y-LLAN,W01000675,Carmarthenshire 012A,Suspect charged
467e34e7cf4a002e120b61fc12b85aa39a4314e96b2f8474bb09d6c0493dcdcb,2021-10,Dyfed-Powys Police,Dyfed-Powys Police,-4.328739,51.854359,On or near HEOL DYFNALLT,W01000643,Carmarthenshire 006A,Unable to prosecute suspect
4883adbf99b156ded485083279f48b922faad0699a21af666d6b2f06e59ddf72,2021-10,Dyfed-Powys Police,Dyfed-Powys Police,-3.459017,51.831770,On or near A470,W01001897,Powys 020D,Suspect charged
3d07651c6a443d7374a58746da71d5abb241e5759656d67def097ac6e3039724,2021-10,Dyfed-Powys Police,Dyfed-Powys Police,-3.459017,51.831770,On or near A470,W01001897,Powys 020D,Suspect charged
89ccd0ef358cc9ac5779f7d9ccabe2bcc6491df601c5f7c913abf4606fbabf2d,2021-10,Dyfed-Powys Police,Dyfed-Powys Police,-3.118218,52.646147,On or near COCHION REDWOOD CLOSE,W01000441,Powys 005B,Unable to prosecute suspect
eb5f8216358e1462a3fe4c2a3b52b1c63de87bbd9ebc71502f3e3d36c8633bb5,2021-10,Dyfed-Powys Police,Dyfed-Powys Police,-4.939227,51.805990,On or near A40,W01000611,Pembrokeshire 004C,Local resolution
a5ab73571f64e138624bbdb870dc79b7cebb3032b1311db8e82719c9bfa6bad3,2021-10,Dyfed-Powys Police,Dyfed-Powys Police,-3.234304,52.709049,On or near FFORDD GLYNDWR,W01000475,Powys 001E,Unable to prosecute suspect
3a6e94ed05e728419331559033bed8e1b79baed7950f1bcb04356276e45ec7b3,2021-10,Dyfed-Powys Police,Dyfed-Powys Police,-4.250272,51.687904,On or near PARK TERRACE,W01000632,Carmarthenshire 021A,Investigation complete; no suspect identified
2b327254df580819eefa1ecc79c4904e2ae430f63d70617e555e5763aaa597d5,2021-10,Dyfed-Powys Police,Dyfed-Powys Police,-4.071323,52.404060,On or near Sports/Recreation Area,W01000516,Ceredigion 003B,Investigation complete; no suspect identified
af8bb1dd377cf627ca1252baae49428782c2f4ababe33de4641ec8afe705d81c,2021-10,Dyfed-Powys Police,Dyfed-Powys Police,-3.706239,52.652272,On or near A470,W01000442,Powys 004A,Investigation complete; no suspect identified
841240a3f85515f55393d9622d09ab67347b9eb67097d0630d5eb36491871881,2021-10,Dyfed-Powys Police,Dyfed-Powys Police,-4.146073,51.669270,On or near BROWN AVENUE,W01001923,Carmarthenshire 026G,Suspect charged
856c99d2da8974adcf8058ba3fe70f544a906c8ffa333f5f7c0c1deaf3b21fe7,2021-10,Dyfed-Powys Police,Dyfed-Powys Police,-4.206450,51.762871,On or near VICTORIA ROAD,W01000662,Carmarthenshire 016A,Action to be taken by another organisation
73cdf422a57884bbc936e21a10a7aa27ec177a5ea9d6dc42ca0aae3a0f22e18b,2021-10,Dyfed-Powys Police,Dyfed-Powys Police,-3.988321,51.791314,On or near LON Y BEDYDD,W01000626,Carmarthenshire 013B,Investigation complete; no suspect identified
cc0e8c418deb37211dbbb5e495c4f91931bbbc9d1c1f774fdd8095e4c4bcc094,2021-10,Dyfed-Powys Police,Dyfed-Powys Police,-4.086295,51.794885,On or near Police Station,W01000697,Carmarthenshire 015A,Unable to prosecute suspect
cc0e8c418deb37211dbbb5e495c4f91931bbbc9d1c1f774fdd8095e4c4bcc094,2021-10,Dyfed-Powys Police,Dyfed-Powys Police,-4.086295,51.794885,On or near Police Station,W01000697,Carmarthenshire 015A,Unable to prosecute suspect
4af2a7b8fb623e1d44d0b57216d39e85da438aba3140c3d0a84c2410aaaa19ef,2021-10,Dyfed-Powys Police,Dyfed-Powys Police,-4.086295,51.794885,On or near Police Station,W01000697,Carmarthenshire 015A,Unable to prosecute suspect
4af2a7b8fb623e1d44d0b57216d39e85da438aba3140c3d0a84c2410aaaa19ef,2021-10,Dyfed-Powys Police,Dyfed-Powys Police,-4.086295,51.794885,On or near Police Station,W01000697,Carmarthenshire 015A,Unable to prosecute suspect
2caca8d56ba5926c18a9330fa98c36b57ad7312b20c74c958870ea48e57353eb,2021-10,Dyfed-Powys Police,Dyfed-Powys Police,-4.311901,51.857623,On or near WATER STREET,W01000641,Carmarthenshire 008A,Unable to prosecute suspect
a5fe436b248997ca151eac5d06c38030536eb3b434faf6621f4eb65ca543cba7,2021-10,Dyfed-Powys Police,Dyfed-Powys Police,-4.976157,51.797290,On or near MILFORD ROAD,W01000573,Pembrokeshire 006B,Suspect charged
fc77d48118ad8b32a13a449abe1a94447f7034b69dd1e4d2f69118a84f54df40,2021-10,Dyfed-Powys Police,Dyfed-Powys Police,-4.699954,51.739740,On or near KILGETTY LANE,W01000553,Pembrokeshire 011A,Local resolution
ad33afc64bdfa9d5375a0dac83b70cca963985a00042455f9eaa380384ffa91c,2021-10,Dyfed-Powys Police,Dyfed-Powys Police,-5.051684,51.715845,On or near COURT RISE,W01000591,Pembrokeshire 012C,Local resolution
5aedac9e07bc4397bdabb02cb68d47e5f3c9f78506bc03651f40867022cf7fa7,2021-10,Dyfed-Powys Police,Dyfed-Powys Police,-4.325731,51.844463,On or near GLAN-YR-YSTRAD,W01000642,Carmarthenshire 008B,Investigation complete; no suspect identified
8670b0462d3ae261dc99db178f3635b5fd63183217d489871e4097f695def198,2021-10,Dyfed-Powys Police,Dyfed-Powys Police,-3.009672,52.273833,On or near CASTLE ROAD,W01000485,Powys 011F,Investigation complete; no suspect identified
c2a311199bdd555900816b999ead69fd7bb310640946a777029c34628fa6eead,2021-10,Dyfed-Powys Police,Dyfed-Powys Police,-4.140613,51.675845,On or near Shopping Area,W01000628,Carmarthenshire 024A,Local resolution
fdbb683e8e840ff3e2d73afb0c92095403acc0e9c648977f53bba58a3150577d,2021-10,Dyfed-Powys Police,Dyfed-Powys Police,-4.240904,51.683380,On or near WOODBROOK TERRACE,W01000633,Carmarthenshire 021B,Unable to prosecute suspect
0fcbc5cbd644853a18cb7a78e0d9195ea1cbf88c74533fd49b13cfd73707fcad,2021-10,Dyfed-Powys Police,Dyfed-Powys Police,-4.240904,51.683380,On or near WOODBROOK TERRACE,W01000633,Carmarthenshire 021B,Unable to prosecute suspect
60d5d99544b4f3067552043d47c173fb3ccf65e1464c184bd47fa2f74c46cec1,2021-10,Dyfed-Powys Police,Dyfed-Powys Police,-4.657686,52.115034,On or near CLOS Y GWYDDIL,W01000547,Ceredigion 009G,Investigation complete; no suspect identified
6031173d9b536c2ce5125bac4c0bebb57cf23eb8479e9c3b96db3ba9b2ee4eb2,2021-10,Dyfed-Powys Police,Dyfed-Powys Police,-4.239349,51.685280,On or near LLYS MAIR,W01000633,Carmarthenshire 021B,Local resolution
6ccaa97a4592a685e54b72ae29a764b88a99fe092f3244ba9fb365a372944938,2021-10,Dyfed-Powys Police,Dyfed-Powys Police,-5.023512,51.718516,On or near ASH GROVE,W01000588,Pembrokeshire 010B,Investigation complete; no suspect identified
8a7348b7e5017c6addd6a2bd9292ded5cd03219b47319f3bb8894a96fc25aa89,2021-10,Dyfed-Powys Police,Dyfed-Powys Police,-5.033836,51.713105,On or near FULKE STREET,W01000587,Pembrokeshire 010A,Investigation complete; no suspect identified
f8033d8b04b7ea9ce873115f01d6320c70ac801f2272a16563a586a34d135072,2021-10,Dyfed-Powys Police,Dyfed-Powys Police,-4.155266,51.690495,On or near TY'RFRAN AVENUE,W01000704,Carmarthenshire 022B,Suspect charged
45e9576af6526d35d75ffc4d4c01d2fc2239c4f258611548ce2f1abeafbd67cd,2021-10,Dyfed-Powys Police,Dyfed-Powys Police,-4.082278,52.416275,On or near PORTLAND ROAD,W01000513,Ceredigion 002B,Investigation complete; no suspect identified
2508733c4748ba2cac29c384f589e51d798a1169ae8bdbbcfb518d12945f91bc,2021-10,Dyfed-Powys Police,Dyfed-Powys Police,-4.100377,51.888119,On or near MAES AWELON,W01000682,Carmarthenshire 005B,Formal action is not in the public interest
88c219de8854ce3ce41449b1a962b97dedf5c13e59a4d42d4e3e0402525ea639,2021-10,Dyfed-Powys Police,Dyfed-Powys Police,-4.050964,52.493080,On or near CAE GWYLAN,W01001937,Ceredigion 001F,Investigation complete; no suspect identified
39021613cef48bbbe4dd7067e0f3735ed47bff773a211998db85588b47779690,2021-10,Dyfed-Powys Police,Dyfed-Powys Police,-4.745912,51.799308,On or near Parking Area,W01000595,Pembrokeshire 007C,Investigation complete; no suspect identified
bf021ef3a081e14b6ccaf8dbb264e01142da2a3e0711fa4834fe5bdafdbb3c74,2021-10,Dyfed-Powys Police,Dyfed-Powys Police,-4.700605,51.670979,On or near SOUTH PARADE,W01000620,Pembrokeshire 016C,Investigation complete; no suspect identified
182e047e6eb45649e69d2c870a5773ef143019c398b6d04c2074486429975843,2021-10,Dyfed-Powys Police,Dyfed-Powys Police,-3.146004,52.659070,On or near SEVERN STREET,W01000499,Powys 003B,Unable to prosecute suspect
8d32201f292f352266ca237e7cd000bfdd3aa2a1fe6cdc3a64519da798b9da35,2021-10,Dyfed-Powys Police,Dyfed-Powys Police,-3.005046,52.274062,On or near BROAD STREET,W01000486,Powys 011G,Unable to prosecute suspect
f70cc28e6e5dc0d0c237171c75eed35a53ba42fd8e3e54e52e22ffb36e6ffdf0,2021-10,Dyfed-Powys Police,Dyfed-Powys Police,-3.380058,51.944325,On or near CAMDEN ROAD,W01000493,Powys 017E,Unable to prosecute suspect
37c1d0b849e2db2b4a1f33aaef6fa2b5f0a824c5ff0864c275d1eb8adaac150a,2021-10,Dyfed-Powys Police,Dyfed-Powys Police,-3.407950,51.942044,On or near FFRWDGRECH ROAD,W01000489,Powys 017A,Investigation complete; no suspect identified
4459960d24dee96cd3e23efc888562831414c6d4ee983aa4f9b1b51ccc07940f,2021-10,Dyfed-Powys Police,Dyfed-Powys Police,-3.405826,51.944848,On or near NEWGATE STREET,W01000489,Powys 017A,Formal action is not in the public interest
de5f2976ccae5c8fbcddfbcb62dece163b7b32d86c73e04a83b2fb65b02b13c6,2021-10,Dyfed-Powys Police,Dyfed-Powys Police,-4.701241,51.672178,On or near Bus/Coach Station,W01000620,Pembrokeshire 016C,Unable to prosecute suspect
39b7c1bddbdded513ddf1c6df7c0595f3099dff4b7fcb5dce9a0e2a59b0efe0b,2021-10,Dyfed-Powys Police,Dyfed-Powys Police,-3.756958,51.775470,On or near MAESCYNOG,W01000502,Powys 021C,Unable to prosecute suspect
72dff0724f6b8f89747d2aa090888de67281b3d8ba1fef047211c0599c1a6d23,2021-10,Dyfed-Powys Police,Dyfed-Powys Police,-3.778832,51.767758,On or near Petrol Station,W01000502,Powys 021C,Suspect charged
acd3873efb1af39ebe7dbd945fd2c28c82294dad25d02fdd0c34cc2e4a898d1e,2021-10,Dyfed-Powys Police,Dyfed-Powys Police,-3.693077,51.804507,On or near Sports/Recreation Area,W01000496,Powys 021B,Unable to prosecute suspect
628b17623ae268193ac676e5728c9b842e16660f99840fa5d4e5b2e8d27a6491,2021-10,Dyfed-Powys Police,Dyfed-Powys Police,-4.915246,51.678255,On or near WOGAN ROAD,W01000607,Pembrokeshire 015C,Formal action is not in the public interest
94f482619a9b725849b07af7f4859e641b68ba00fc3ecb6b25613e7eaaf2a989,2021-10,Dyfed-Powys Police,Dyfed-Powys Police,-4.748313,51.800376,On or near THE HAWTHORNS,W01000595,Pembrokeshire 007C,Suspect charged
d7405f2054aad914071bea7c0bd712451f6a744c2623ede37d65ae95997c7336,2021-10,Dyfed-Powys Police,Dyfed-Powys Police,-5.098797,51.780951,On or near Sports/Recreation Area,W01000622,Pembrokeshire 008E,Investigation complete; no suspect identified
96541f3959fe021e637776471a3f0ac0364e91dc8253fc08d79c9cd219eb9c64,2021-10,Dyfed-Powys Police,Dyfed-Powys Police,-4.929767,51.675285,On or near ST MARTIN'S ROAD,W01000606,Pembrokeshire 015B,Suspect charged
55dc45a571b1d58082958479aef7493ab27835a362ba0d29fa107a001365e089,2021-10,Dyfed-Powys Police,Dyfed-Powys Police,-4.939139,51.695125,On or near Police Station,W01000602,Pembrokeshire 013C,Suspect charged
559d7e68c35a4f28c2de63a083fc7c255efb8fb8e70a1821279bb8a496def4a4,2021-10,Dyfed-Powys Police,Dyfed-Powys Police,-3.141647,52.662106,On or near COBDEN STREET,W01000499,Powys 003B,Offender given a caution
559d7e68c35a4f28c2de63a083fc7c255efb8fb8e70a1821279bb8a496def4a4,2021-10,Dyfed-Powys Police,Dyfed-Powys Police,-3.141647,52.662106,On or near COBDEN STREET,W01000499,Powys 003B,Offender given a caution
559d7e68c35a4f28c2de63a083fc7c255efb8fb8e70a1821279bb8a496def4a4,2021-10,Dyfed-Powys Police,Dyfed-Powys Police,-3.141647,52.662106,On or near COBDEN STREET,W01000499,Powys 003B,Offender given a caution
559d7e68c35a4f28c2de63a083fc7c255efb8fb8e70a1821279bb8a496def4a4,2021-10,Dyfed-Powys Police,Dyfed-Powys Police,-3.141647,52.662106,On or near COBDEN STREET,W01000499,Powys 003B,Offender given a caution
40c1390fa0093276077ebc2d11d0f8febe97ac82738548a34d6d136f610dc0cf,2021-10,Dyfed-Powys Police,Dyfed-Powys Police,-3.905352,51.806869,On or near MAESYBEDOL,W01000656,Carmarthenshire 010A,Investigation complete; no suspect identified
692f337eff4c1b829beb0c24d4c4100475c400e02cc364437e43cb091eb6f1ca,2021-10,Dyfed-Powys Police,Dyfed-Powys Police,-3.904757,51.801366,On or near HEOL CWMAMAN,W01000656,Carmarthenshire 010A,Investigation complete; no suspect identified
f4ef8c8959c9539cc9ae5f4866460b7a37e3de4a0b8479a5edab8725f5ff8c88,2021-10,Dyfed-Powys Police,Dyfed-Powys Police,-4.970288,51.799588,On or near UPPER MARKET STREET,W01000568,Pembrokeshire 005A,Unable to prosecute suspect
ec17a9c95b2fb7e977f661e96794fea0a94bfcb8717ba3674791e6a483f07f97,2021-10,Dyfed-Powys Police,Dyfed-Powys Police,-4.241668,51.685658,On or near HEOL DYFATTY,W01000633,Carmarthenshire 021B,Investigation complete; no suspect identified
dde62c22c5642d9867f7999fc0d4a8e433c1f784577a34b0faff83db606203e9,2021-10,Dyfed-Powys Police,Dyfed-Powys Police,-3.331834,52.510007,On or near LON DERW,W01000479,Powys 009B,Formal action is not in the public interest
7d49b9e35603ac0c10a50264a2afc4385a5a8f6f03784e09f0371400513afd2c,2021-10,Dyfed-Powys Police,Dyfed-Powys Police,-3.315348,52.515999,On or near Shopping Area,W01000480,Powys 008A,Formal action is not in the public interest
96d17101ad07c00785dbe721cbce8484d6ca088b6208ce191daa2ecafbd41c6c,2021-10,Dyfed-Powys Police,Dyfed-Powys Police,-3.311619,52.514000,On or near Parking Area,W01000480,Powys 008A,Suspect charged
3f02bb2cb4549696c14ab074614e1a399d4568334ef142eff5c73029b5d7fc49,2021-10,Dyfed-Powys Police,Dyfed-Powys Police,-4.158605,51.674598,On or near MARSH STREET,W01000734,Carmarthenshire 026F,Formal action is not in the public interest
385e0ce9e7c063233a5fefc0580b1826abca4b1d6f9bcad357ae08f81b13c7df,2021-10,Dyfed-Powys Police,Dyfed-Powys Police,-4.168463,51.674776,On or near BRYN PLACE,W01000660,Carmarthenshire 026B,Unable to prosecute suspect
a5616c800369bd3f612f4b63be92d4af8b118a0d05dc5a1562b852bda5ffc09c,2021-10,Dyfed-Powys Police,Dyfed-Powys Police,-4.556990,51.743524,On or near Parking Area,W01000672,Carmarthenshire 027E,Offender given a caution
14e9d7df5c109eed568aad07674cf595610453e74c7f78280559050602fb47f0,2021-10,Dyfed-Powys Police,Dyfed-Powys Police,-3.434145,52.483430,On or near CHAPEL FIELDS,W01000453,Powys 010B,Formal action is not in the public interest
6e3162a812d5c33ee9e9821a3c87241462788b671ac541ce843ce07fda49cbbd,2021-10,Dyfed-Powys Police,Dyfed-Powys Police,-3.143367,52.660579,On or near CLERK'S COURT,W01000499,Powys 003B,Investigation complete; no suspect identified
126df1e28dcb10b2e40590d375c8cffb2c3560ac1f1503a3888e96c2bef0cf89,2021-10,Dyfed-Powys Police,Dyfed-Powys Police,-4.963340,51.811086,On or near Pedestrian Subway,W01000572,Pembrokeshire 005D,Unable to prosecute suspect
4c4d8ad4a1878448383a63b6295f29d329594b195e25784cecaf2cb24689648c,2021-10,Dyfed-Powys Police,Dyfed-Powys Police,-5.045390,51.894646,On or near B4330,W01000579,Pembrokeshire 003A,Investigation complete; no suspect identified
94711db97eaffdf0de4864cac55d5ee4575eed8ca0d74757067d04be4575655d,2021-10,Dyfed-Powys Police,Dyfed-Powys Police,-5.050907,51.714848,On or near GLEBELANDS,W01000591,Pembrokeshire 012C,Suspect charged
aa69e43b368dfba2b9723696733813224b1a4867fc7476f03c811d7277168f1c,2021-10,Dyfed-Powys Police,Dyfed-Powys Police,-4.165359,51.680966,On or near Police Station,W01000654,Carmarthenshire 023B,Suspect charged
837f305afca94787289853c77c8633ae4e3604bf95394cdfab3175e831ee787d,2021-10,Dyfed-Powys Police,Dyfed-Powys Police,-4.165543,51.673589,On or near ST DAVID'S CLOSE,W01000660,Carmarthenshire 026B,Unable to prosecute suspect
fa040914bb6bd6969e77cad6f2761d1b9de30367922a8e8f674fffeca10059cc,2021-10,Dyfed-Powys Police,Dyfed-Powys Police,-3.830000,52.598951,On or near KINGFISHER GLADE,W01000442,Powys 004A,Investigation complete; no suspect identified
dcbc4385817ef66186b7eec34011d15ebdd7eeee64d05b3c595bb26fabf4def9,2021-10,Dyfed-Powys Police,Dyfed-Powys Police,-3.400869,52.147795,On or near Supermarket,W01000431,Powys 014A,Unable to prosecute suspect
b6f5602f9d921e64393c24001d9a29ec6d6a3cc2f750e0dfc139940076a6eddf,2021-10,Dyfed-Powys Police,Dyfed-Powys Police,-3.329283,52.507500,On or near GREEN ACRES,W01000479,Powys 009B,Unable to prosecute suspect
9d7e8ed1114bf929a6a86ee2a3f862b1078489e12530481670474efabba48873,2021-10,Dyfed-Powys Police,Dyfed-Powys Police,-3.331107,52.509359,On or near LLYS CELYN,W01000479,Powys 009B,Investigation complete; no suspect identified
11cedbe897edfc6c1ee3199ee8c803aab8f363938ca6e9f7878241923eb5a421,2021-10,Dyfed-Powys Police,Dyfed-Powys Police,-3.320203,52.511297,On or near PARKLANDS,W01000479,Powys 009B,Investigation complete; no suspect identified
70d73d8bee32d8501f3f41ada6748147f54ca096b91dbd18a14ade5b734fdc55,2021-10,Dyfed-Powys Police,Dyfed-Powys Police,-4.078342,52.112828,On or near HARFORD SQUARE,W01000527,Ceredigion 008A,Further investigation is not in the public interest
d2e78c3aa71f95401a697b44a84851d06d4706e3703ffebda7fcb246dec36d4b,2021-10,Dyfed-Powys Police,Dyfed-Powys Police,-4.314218,51.862856,On or near HAFOD ELFED,W01000637,Carmarthenshire 007A,Offender given a caution
585fd71ab65ea574619882e890ce502f514d6a16260e266f1a090482927129f0,2021-10,Dyfed-Powys Police,Dyfed-Powys Police,-4.062349,51.716615,On or near CLOS GLYNDWR,W01000666,Carmarthenshire 017B,Investigation complete; no suspect identified
d2d8bab8d92f42bde35c00ad490f71cbae450bc8fbffb35e7324371c008603c6,2021-10,Dyfed-Powys Police,Dyfed-Powys Police,-4.986229,51.801540,On or near GERALD ROAD,W01000570,Pembrokeshire 005C,Unable to prosecute suspect
c436efeac7ef11a43e86e8dbcb963606ed3919d5d575867bc2da4ffd83cb2cee,2021-10,Dyfed-Powys Police,Dyfed-Powys Police,-4.945262,51.694027,On or near QUEEN STREET,W01000600,Pembrokeshire 013A,Suspect charged
f8639bd7b0a830c444668813d8d4616af964a15437cb9f61b9bca512248a8387,2021-10,Dyfed-Powys Police,Dyfed-Powys Police,-4.612591,51.816513,On or near STATION ROAD,W01000735,Carmarthenshire 027D,Investigation complete; no suspect identified
e1e2aac0677c7dcfa1bd9b575045e64ad30098658840ff1dbe6c8596151d0e2a,2021-10,Dyfed-Powys Police,Dyfed-Powys Police,-4.311448,51.856427,On or near LAMMAS STREET,W01000641,Carmarthenshire 008A,Investigation complete; no suspect identified
a533cfbcd40a26a3f8944cf9b3b54e6d71c720025c772b032e8cb1dc30161937,2021-10,Dyfed-Powys Police,Dyfed-Powys Police,-4.123659,51.680136,On or near CLOS AR DDAFEN,W01000708,Carmarthenshire 025E,Investigation complete; no suspect identified
1e9bda18f954f8307a4584cc7e3ffd6b1e42164ae48ca047afded637cbc0bb24,2021-10,Dyfed-Powys Police,Dyfed-Powys Police,-4.148251,51.675256,On or near HEOL FFYNNON,W01000631,Carmarthenshire 024D,Formal action is not in the public interest
28aa14cb2684b7194211ada62671324eb73afc8af8d4668194a6f0ba2a383600,2021-10,Dyfed-Powys Police,Dyfed-Powys Police,-4.148251,51.675256,On or near HEOL FFYNNON,W01000631,Carmarthenshire 024D,Formal action is not in the public interest
f0814491c6d8df347dfe2fdcafc46b8c211cc9b5b0b09ffb466f125e92ee8c97,2021-10,Dyfed-Powys Police,Dyfed-Powys Police,-3.000485,52.272006,On or near LUGG VIEW,W01000486,Powys 011G,Unable to prosecute suspect
ecdd29c58cf168a4ec17eddb1cb8af2423caddc07d735362f79c1164c93bf9fe,2021-10,Dyfed-Powys Police,Dyfed-Powys Police,-3.515472,52.299631,On or near STATION ROAD,W01000487,Powys 012E,Investigation complete; no suspect identified
83633b5ec81a0df1756e6f32628eedf83a3f8fdc866bfacd87dc603c2d1bd3c5,2021-10,Dyfed-Powys Police,Dyfed-Powys Police,-3.343862,52.507219,On or near GLANDWR,W01000478,Powys 009A,Offender given a caution
4105eb506963111dc16de946d3fb2a30cbadc97c66998ff27e430630537e670e,2021-10,Dyfed-Powys Police,Dyfed-Powys Police,-5.029264,51.714896,On or near Supermarket,W01000593,Pembrokeshire 010C,Formal action is not in the public interest
d80b31f4a9d197f56aafbed1f9218d35d22763dfd9931d4a0e14b8816e567d18,2021-10,Dyfed-Powys Police,Dyfed-Powys Police,-4.707818,51.675022,On or near HEYWOOD LANE,W01000619,Pembrokeshire 016B,Unable to prosecute suspect
2aed633271d00637a4f95aae60abd04320dea7c0430fe59f1c94099b9b6adfc1,2021-10,Dyfed-Powys Police,Dyfed-Powys Police,-4.115175,51.685577,On or near Petrol Station,W01000636,Carmarthenshire 025B,Further investigation is not in the public interest
2f40ad43754aafffa6ed7e21017887ccc827e618dc02afa9d033b58a5b61c6d0,2021-10,Dyfed-Powys Police,Dyfed-Powys Police,-4.125497,51.682010,On or near Police Station,W01000706,Carmarthenshire 025C,Suspect charged
ac9267d4248e1dd835705d16ec7bedb76bed3b92e2a38cccb92ba170771be1ad,2021-10,Dyfed-Powys Police,Dyfed-Powys Police,-3.996633,51.795957,On or near STATION ROAD,W01000626,Carmarthenshire 013B,Investigation complete; no suspect identified
557c35da464bdb8f21e642b69ff9135571f71e51cac5e182886f86885cac3979,2021-10,Dyfed-Powys Police,Dyfed-Powys Police,-4.229663,51.773970,On or near THE ASHES,W01000696,Carmarthenshire 012C,Formal action is not in the public interest
7de02a09e32c21d4039f7af5d6d07a0685ac00ce9d8c3395d7dbfdd7fe945ce0,2021-10,Dyfed-Powys Police,Dyfed-Powys Police,-3.334757,52.504814,On or near LON PANTYLLYN,W01000483,Powys 009C,Investigation complete; no suspect identified
ceba22d2a1ef6e3d990e55a0ec0c0491b87ad5155f6b475820d1b79e7b14991c,2021-10,Dyfed-Powys Police,Dyfed-Powys Police,-3.273426,52.498837,On or near GILFACH LANE,W01000447,Powys 007C,Investigation complete; no suspect identified
be353f8cc0a22517e351f25789b920f2ee716899adeb2949dc108752d816d0d6,2021-10,Dyfed-Powys Police,Dyfed-Powys Police,-3.337948,52.508005,On or near LON DOL-Y-BONT,W01000478,Powys 009A,Investigation complete; no suspect identified
d4e2adaa47e66d3439830c62c96d84198319894897db75aa821a5c0073fb024f,2021-10,Dyfed-Powys Police,Dyfed-Powys Police,-4.087476,52.415186,On or near Conference/Exhibition Centre,W01000517,Ceredigion 002D,Local resolution
4827687c820ec7dd5455705143f162fab75a2b1d3e124491210c1da6b3048f1e,2021-10,Dyfed-Powys Police,Dyfed-Powys Police,-5.050907,51.714848,On or near GLEBELANDS,W01000591,Pembrokeshire 012C,Suspect charged
26feb4f4dc73e474009ecba00e88f56286a1e57ac1f53f509bd2c1a1a3909d96,2021-10,Dyfed-Powys Police,Dyfed-Powys Police,-3.948284,51.652576,On or near Parking Area,W01000820,Swansea 009D,Suspect charged
9b7debaf5ebfb47a4cc7d7f5c0c649af43f1ec89386c480d9bcb5c59e41c6817,2021-10,Dyfed-Powys Police,Dyfed-Powys Police,-4.948739,51.708537,On or near Parking Area,W01000598,Pembrokeshire 009C,Unable to prosecute suspect
00fe0480b67fb6b05bc345e20c39c082ae715692c36f90b5b820e0364d8b3321,2021-10,Dyfed-Powys Police,Dyfed-Powys Police,-4.700588,51.711504,On or near MILFORD STREET,W01000616,Pembrokeshire 011F,Formal action is not in the public interest
e3273835ff3e187d7bc09c9b653e0bb897c28f3f716f47531e5adda5e5ea77dc,2021-10,Dyfed-Powys Police,Dyfed-Powys Police,-4.154852,51.745709,On or near HEOL BETHEL,W01000662,Carmarthenshire 016A,Unable to prosecute suspect
8af3f6153a5412b8cbe6ba7c9593d1e98c6f58021b2445bab3c39ae3bc92e158,2021-10,Dyfed-Powys Police,Dyfed-Powys Police,-3.330693,52.508797,On or near LLYS BEDW,W01000479,Powys 009B,Offender given a caution
d37e034b38c7dc70a88f2bede8febf79bae5e41e252938ae705b513e197394b6,2021-10,Dyfed-Powys Police,Dyfed-Powys Police,-3.330693,52.508797,On or near LLYS BEDW,W01000479,Powys 009B,Offender given a caution
49dd38417b150f614e3e9ed76fada2eff8af7744ba29df6303e6111c5bc215c2,2021-10,Dyfed-Powys Police,Dyfed-Powys Police,-3.330693,52.508797,On or near LLYS BEDW,W01000479,Powys 009B,Offender given a caution
ed1789bf3fd5df5aeab89f9eb1b420e922139f1757901eea9860c3a9826c8fa9,2021-10,Dyfed-Powys Police,Dyfed-Powys Police,-3.139611,52.669093,On or near KERRISON DRIVE,W01000500,Powys 003C,Suspect charged
ea1cb4ae75a3fb82083757e9b2c0a8fb92b1f799c88100cb4dff1f22a0ee1ef3,2021-10,Dyfed-Powys Police,Dyfed-Powys Police,-3.139067,52.668657,On or near BRYN SIRIOL,W01000500,Powys 003C,Suspect charged
8eef46d48dcc7e3dc6c2e5e04c78599ddb10d51e22748c9f0273a66d65309b09,2021-10,Dyfed-Powys Police,Dyfed-Powys Police,-4.297538,51.849919,On or near RHOS LAS,W01000693,Carmarthenshire 008C,Suspect charged
5504c11e6874eaee038a8d866776e92b4185fe3c8fcf7e89311295bacb51f7dc,2021-10,Dyfed-Powys Police,Dyfed-Powys Police,-5.037324,51.714391,On or near DARTMOUTH GARDENS,W01000594,Pembrokeshire 012E,Unable to prosecute suspect
e00e7288461958b9adb5c5cb1f7389a3f8773467a2a0f6ed796d9897df29c1d8,2021-10,Dyfed-Powys Police,Dyfed-Powys Police,-4.153969,51.671392,On or near PEN-Y-FON STREET,W01000659,Carmarthenshire 026A,Suspect charged
40ade9fedf294a41b6905f632593e607c8860dc99ec7fd747ea537b75d22bb00,2021-10,Dyfed-Powys Police,Dyfed-Powys Police,-4.659440,52.084148,On or near WILLIAM STREET,W01000510,Ceredigion 009D,Investigation complete; no suspect identified
e59fcfaaeee313596f4a9abf3a0bae643879470dee45bec73d9aad1f27e9a9ad,2021-10,Dyfed-Powys Police,Dyfed-Powys Police,-3.313242,52.514557,On or near SHORTBRIDGE STREET,W01000480,Powys 008A,Investigation complete; no suspect identified
650f2a663edef5fe7f655d036c9c620f8af4bea08b42c3a3cc278e0f731682ec,2021-10,Dyfed-Powys Police,Dyfed-Powys Police,-3.313948,52.516006,On or near ST MARY'S CLOSE,W01000480,Powys 008A,Investigation complete; no suspect identified
6bc5cd652d99b75f543278e30f07185a85943fbe56d86c42b639af528980a000,2021-10,Dyfed-Powys Police,Dyfed-Powys Police,-3.316155,52.515379,On or near Shopping Area,W01000480,Powys 008A,Investigation complete; no suspect identified
f2fbf0ef1c3411b3503e3735122b67e4b592828519258355e26b971ef8e8d7ce,2021-10,Dyfed-Powys Police,Dyfed-Powys Police,-3.414202,52.151574,On or near PENDRE,W01000432,Powys 014B,Investigation complete; no suspect identified
271a3a5d63f25d37e3fbeec95139f207f303e3637eeecce5dbc1e39916c534bb,2021-10,Dyfed-Powys Police,Dyfed-Powys Police,-4.161148,51.681530,On or near Parking Area,W01000654,Carmarthenshire 023B,Formal action is not in the public interest
ac984ed47b77201771e0917f8f9cca15be67e452f7de6271ac26843f37542d21,2021-10,Dyfed-Powys Police,Dyfed-Powys Police,-4.140613,51.675845,On or near Shopping Area,W01000628,Carmarthenshire 024A,Investigation complete; no suspect identified
4c57b86c28acdb8cd329c801cc04dfef96a1688db4130a791eff91feda4c89b4,2021-10,Dyfed-Powys Police,Dyfed-Powys Police,-4.165359,51.680966,On or near Police Station,W01000654,Carmarthenshire 023B,Unable to prosecute suspect
8baa40c7cbd57040f56548ac5c25c9635895eeae2c2e32aea3158702eb0962e0,2021-10,Dyfed-Powys Police,Dyfed-Powys Police,-4.178291,51.780608,On or near BRANDYWAY,W01000717,Carmarthenshire 016E,Unable to prosecute suspect
334e4e4c83f67b1b3a5155b6c5d7a452da528aa1bf42a631108d7e9f0d543a74,2021-10,Dyfed-Powys Police,Dyfed-Powys Police,-4.733466,51.776288,On or near MAES YR YSGOL,W01000596,Pembrokeshire 007D,Investigation complete; no suspect identified
0569964f1cfbfb8e52da441a54bffddd8faf6e02adb85e6d712626748433cbb8,2021-10,Dyfed-Powys Police,Dyfed-Powys Police,-4.741678,51.800046,On or near SPRING GARDENS,W01000595,Pembrokeshire 007C,Unable to prosecute suspect
1e4b9d40d60689ed142108e179cdb157604eedd4c7b17f78b729507eb5e5710f,2021-10,Dyfed-Powys Police,Dyfed-Powys Police,-3.970789,52.075048,On or near SARN HELEN,W01000650,Carmarthenshire 002B,Investigation complete; no suspect identified
cbeae582984ee2130403fc18184e8a9b9fff0041e1d47df3b0e26509b1acbc57,2021-10,Dyfed-Powys Police,Dyfed-Powys Police,-3.970789,52.075048,On or near SARN HELEN,W01000650,Carmarthenshire 002B,Investigation complete; no suspect identified
8ac7843f2a8fe81d259679d1a9bfacf28e7cf65544e45e0541202ef16a58c606,2021-10,Dyfed-Powys Police,Dyfed-Powys Police,-4.157437,51.671022,On or near NEW DOCK ROAD,W01000659,Carmarthenshire 026A,Unable to prosecute suspect
2e8faf616e6312afea7c19aa0ec869408b30e4799ea046046c8cb8562f4c61f1,2021-10,Dyfed-Powys Police,Dyfed-Powys Police,-3.143367,52.660579,On or near CLERK'S COURT,W01000499,Powys 003B,Local resolution
55233758e46b5d889f8ff0596b94bbad4e87c652b5b1713d55f7781707481d12,2021-10,Dyfed-Powys Police,Dyfed-Powys Police,-3.148485,52.660655,On or near HALL STREET,W01000501,Powys 003D,Local resolution
989ef51f83d883dc33cf1aca2b687a8d45d0b7ad589b1a6a9b75a7c56a88ec04,2021-10,Dyfed-Powys Police,Dyfed-Powys Police,-3.399379,52.150150,On or near CASTLE STREET,W01000431,Powys 014A,Unable to prosecute suspect
e48bcc2e40c64598c2b4bb89f7d293dce7ad4c3d03c85e2f1c98a0b489227152,2021-10,Dyfed-Powys Police,Dyfed-Powys Police,-3.928725,51.806973,On or near TABERNACLE ROAD,W01000657,Carmarthenshire 010B,Unable to prosecute suspect
a0666cd6784fbdb00d1b2fdb860d49bfc5b7f0edbde300e4487bfb029b97d199,2021-10,Dyfed-Powys Police,Dyfed-Powys Police,-3.928725,51.806973,On or near TABERNACLE ROAD,W01000657,Carmarthenshire 010B,Unable to prosecute suspect
678510a13ffa4f072c3c5c9e7f5d7cd929ca4ff8a3c2205111218b0dfcc4d7dc,2021-10,Dyfed-Powys Police,Dyfed-Powys Police,-4.319053,51.856610,On or near UNION STREET,W01000645,Carmarthenshire 006C,Investigation complete; no suspect identified
bf8acb3400f09b56299910546b53dd30e1523dbebf5572312016a9fdc9270ffa,2021-10,Dyfed-Powys Police,Dyfed-Powys Police,-4.308383,51.736623,On or near Parking Area,W01000670,Carmarthenshire 018A,Suspect charged
29adc40f49115e7a0441cda5e7483c1172d4b8caf29b27ce90d74a7ce5467544,2021-10,Dyfed-Powys Police,Dyfed-Powys Police,-3.401359,51.955097,On or near HEOL Y FFYNNON,W01001902,Powys 017G,Investigation complete; no suspect identified
c4cba92bf5668078f9cf70969c560d802fa95872bef2ad6e5c07a3eea21d3edc,2021-10,Dyfed-Powys Police,Dyfed-Powys Police,-4.683082,52.082587,On or near FEIDR FAWR,W01000613,Pembrokeshire 001E,Suspect charged
54bc80855b01ecd4a58feb21c70c262febaa9ffa5f56861c4283f6d5883124a7,2021-10,Dyfed-Powys Police,Dyfed-Powys Police,-4.167637,51.874633,On or near LLYS-Y-FERIN,W01000682,Carmarthenshire 005B,Further investigation is not in the public interest
c9b0a7bed0379db3682594baecefe5c2a8bc8771110d986abebf5fdb2ab9c4da,2021-10,Dyfed-Powys Police,Dyfed-Powys Police,-4.617836,52.100071,On or near FFORDD-Y-BLODAU,W01000547,Ceredigion 009G,Unable to prosecute suspect
8a8ebdf3a7ef390d8a8f7674701a4f1154a2783b4803b4cf1cc738533565565a,2021-10,Dyfed-Powys Police,Dyfed-Powys Police,-3.372893,52.250729,On or near HERNOG CLOSE,W01000455,Powys 013B,Suspect charged
7d40f7a779d9248e50133d4891f75b4ea6e769af8399caff0c0c896ba9efdd68,2021-10,Dyfed-Powys Police,Dyfed-Powys Police,-3.020727,52.296961,On or near SCHOOL LANE,W01000485,Powys 011F,Unable to prosecute suspect
c983816a6b365a4d282596f852eb139663349e16fd47e2c8248654be60ca8e66,2021-10,Dyfed-Powys Police,Dyfed-Powys Police,-4.299133,51.860409,On or near PRIORY STREET,W01000641,Carmarthenshire 008A,Investigation complete; no suspect identified
91b1322f37bc40a48c13b0d503ab3787ef157142f57c57e256a1afdc6d1416cc,2021-10,Dyfed-Powys Police,Dyfed-Powys Police,-3.134230,51.859124,On or near STANDARD STREET,W01001903,Powys 018F,Formal action is not in the public interest
b6893b307ed3fa79e63baba50b4ac973c3d2576ebd4770ef19fc8c891049156a,2021-10,Dyfed-Powys Police,Dyfed-Powys Police,-4.163715,51.674090,On or near CLOS GLANMOR,W01000660,Carmarthenshire 026B,Investigation complete; no suspect identified
e0fde6721f762b0ce3d72a3415f32939e1136d7fa2135be32f7fd6c99c9c74f9,2021-10,Dyfed-Powys Police,Dyfed-Powys Police,-4.083621,52.413563,On or near Petrol Station,W01000513,Ceredigion 002B,Unable to prosecute suspect
65b21a1bd73129d8452ffb33d5078d82b8016c2f680256e9246fae45bb279178,2021-10,Dyfed-Powys Police,Dyfed-Powys Police,-3.836582,52.411241,On or near MAESYRAWEL,W01000543,Ceredigion 011C,Unable to prosecute suspect
33b8b1183b0878e255f493f5a09e39bdc8ac8a31d19050c855bf955f6f1b67b0,2021-10,Dyfed-Powys Police,Dyfed-Powys Police,-4.238687,51.715247,On or near TRILWM,W01000729,Carmarthenshire 018C,Unable to prosecute suspect
d837035fda7e2ab2a97c926061cc80e94857cadd700f2d2ee832b3cfada0c8f6,2021-10,Dyfed-Powys Police,Dyfed-Powys Police,-4.888308,51.688472,On or near A477,W01000578,Pembrokeshire 014B,Investigation complete; no suspect identified
bc092ada6e0b933fba15757b1a50a5deec5cbb99ab08f1a648ff2357fd91d398,2021-10,Dyfed-Powys Police,Dyfed-Powys Police,-4.949885,51.688344,On or near FAIRWAYS,W01000603,Pembrokeshire 013D,Formal action is not in the public interest
d8ff8e135e7fca1c2fc1eabf10177431af04131728194f9bbd656b2f40c1a097,2021-10,Dyfed-Powys Police,Dyfed-Powys Police,-5.023512,51.718516,On or near ASH GROVE,W01000588,Pembrokeshire 010B,Further investigation is not in the public interest
e421c3435d968dc905ba2dd298f7e9b260c777c2a421271d7af3c373e33bc8dd,2021-10,Dyfed-Powys Police,Dyfed-Powys Police,-4.928363,51.737324,On or near ELIDYR PARK,W01000554,Pembrokeshire 009A,Further investigation is not in the public interest
25472a3dca2d5308a81b9f0bca0c6507be934625dd79e8bb48c0b33922801721,2021-10,Dyfed-Powys Police,Dyfed-Powys Police,-4.146877,52.173725,On or near A482,W01000535,Ceredigion 008C,Formal action is not in the public interest
b7adb086c9597e328659f7348a867d6969a2b48b1585402a55548de78a8bee79,2021-10,Dyfed-Powys Police,Dyfed-Powys Police,-3.332294,52.504742,On or near LON MAESYCOED,W01000483,Powys 009C,Formal action is not in the public interest
f3d6c69c3e816c281b55cf07c2b8278da67b50cf2bac0d653b87cbb6d0d3aa3c,2021-10,Dyfed-Powys Police,Dyfed-Powys Police,-4.437666,52.135510,On or near Petrol Station,W01000545,Ceredigion 007D,Further investigation is not in the public interest
d5558dab36867eacbdb681d4f90cb2efe1f263c2024cae6413465e494d074bbf,2021-10,Dyfed-Powys Police,Dyfed-Powys Police,-4.403292,52.021103,On or near GER Y LLAN,W01000688,Carmarthenshire 003B,Investigation complete; no suspect identified
b7c7c508c7c9c24c364cb13258b2ef8f8491766b50c7dd91e4ff9440be360380,2021-10,Dyfed-Powys Police,Dyfed-Powys Police,-3.331893,52.505116,On or near SGWAR RHEDYNEN,W01000483,Powys 009C,Unable to prosecute suspect
e7c037e85dcc8ebeb1ce7267c9c10872fc6a7d032ff998931703e134cd4faa7b,2021-10,Dyfed-Powys Police,Dyfed-Powys Police,-3.340753,52.507722,On or near HEOL PENGWERN,W01000478,Powys 009A,Unable to prosecute suspect
2995e48c46f036c7283761108f6ec45e16db342d58858d916621aa38b9f097ee,2021-10,Dyfed-Powys Police,Dyfed-Powys Police,-3.223666,52.555660,On or near B4386,W01000439,Powys 007B,Local resolution
c0c672b5ab49d9897e8ad21fde9a7489fd595026818d5c24e5bd86600a38c3a8,2021-10,Dyfed-Powys Police,Dyfed-Powys Police,-3.315885,52.512775,On or near FROLIC STREET,W01000480,Powys 008A,Unable to prosecute suspect
db5b2f4e8657f5c1e51a3ab918f8cf1cfd341f71e43ee6e29df0c1233f329629,2021-10,Dyfed-Powys Police,Dyfed-Powys Police,-3.342681,52.508617,On or near MINAFON,W01000478,Powys 009A,Unable to prosecute suspect
affc771780f2c3638e52a0b91f736262ae0716169f1024d686ac0a3005b07338,2021-10,Dyfed-Powys Police,Dyfed-Powys Police,-3.340753,52.507722,On or near HEOL PENGWERN,W01000478,Powys 009A,Suspect charged
a914e8fa9c3c65f5696cfdae2330640406bdad564198039db4fd74058c6957e2,2021-10,Dyfed-Powys Police,Dyfed-Powys Police,-3.311619,52.514000,On or near Parking Area,W01000480,Powys 008A,Suspect charged
3c27ab3e1a1baafa1c72dd1a9e23b6834a1b43680fd947386f0c0f8bf7a7a510,2021-10,Dyfed-Powys Police,Dyfed-Powys Police,-3.852296,52.591951,On or near MAES GLAS,W01000473,Powys 004C,Suspect charged
bbacdae3c0003381125a09392579a534752349471883ec269bcb7be6eefed5d1,2021-10,Dyfed-Powys Police,Dyfed-Powys Police,-3.327884,52.510950,On or near LON RHOSOD,W01000479,Powys 009B,Offender given a caution
5018fdbb41067b103a2d8b0ecd21de66c5ff8a82abf8eb517fc39241b341a509,2021-10,Dyfed-Powys Police,Dyfed-Powys Police,-4.970195,51.801470,On or near HIGH STREET,W01000568,Pembrokeshire 005A,Investigation complete; no suspect identified
8043e1fb1826ecae262cbc2683dd3f3c3ea09c2638ec304ad28431e5a2b6eab4,2021-10,Dyfed-Powys Police,Dyfed-Powys Police,-4.268740,51.921663,On or near BRO HELYG,W01000624,Carmarthenshire 005A,Local resolution
14ca463c869061ad3ea90e5b4cb7af2a2d9e63942496b12a70f48aeb8637141c,2021-10,Dyfed-Powys Police,Dyfed-Powys Police,-3.982947,51.791773,On or near Police Station,W01000626,Carmarthenshire 013B,Offender given a caution
844ee326c7596d7ce80701d0375e7c31369f31b191b598312cef0a519e446d5a,2021-10,Dyfed-Powys Police,Dyfed-Powys Police,-4.257285,51.684631,On or near TIRWAUN,W01000711,Carmarthenshire 021E,Formal action is not in the public interest
95f0dc5daa7bfdf1a9a980d5032d5dcdfdc7c70371c8cadc99ca1b4495db7842,2021-10,Dyfed-Powys Police,Dyfed-Powys Police,-4.929767,51.675285,On or near ST MARTIN'S ROAD,W01000606,Pembrokeshire 015B,Suspect charged
9b2915040499669f2f6c7bcbc2feecb8592e1719166ea81b27092cee14a39942,2021-10,Dyfed-Powys Police,Dyfed-Powys Police,-3.315348,52.515999,On or near Shopping Area,W01000480,Powys 008A,Unable to prosecute suspect
09d312513605fd9540638508ecc1c18e392d543f8c3a6ae51aebd0e83f33a084,2021-10,Dyfed-Powys Police,Dyfed-Powys Police,-4.929767,51.675285,On or near ST MARTIN'S ROAD,W01000606,Pembrokeshire 015B,Suspect charged
efbf522d0d8bdab92b37f5dca296e0d2da498011b4b34be73cef52c3d8d4f8c1,2021-10,Dyfed-Powys Police,Dyfed-Powys Police,-3.459017,51.831770,On or near A470,W01001897,Powys 020D,Suspect charged
5fda311fc9b9a26fc98ed2fa652b96d2a477d6184a73583a5bc57913ead09914,2021-10,Dyfed-Powys Police,Dyfed-Powys Police,-4.733847,51.774192,On or near CHAPEL STREET,W01000596,Pembrokeshire 007D,Investigation complete; no suspect identified
3915ddd7a77d2b9b179b1e7d1fbc6cd6533972d23e7ed11ce3efc34605f48240,2021-10,Dyfed-Powys Police,Dyfed-Powys Police,-4.083256,52.419855,On or near QUEEN'S AVENUE,W01001934,Ceredigion 002F,Suspect charged
e6c5cf62b2f12ccf71df7a90d2e264897e2da74e5aab1a34adacb126aa786500,2021-10,Dyfed-Powys Police,Dyfed-Powys Police,-3.316155,52.515379,On or near Shopping Area,W01000480,Powys 008A,Investigation complete; no suspect identified
75e708dca7a4014455d83df759978d6e1e0ae8498d9b8bb8ef2c2185ebaf2f79,2021-10,Dyfed-Powys Police,Dyfed-Powys Police,-3.332294,52.504742,On or near LON MAESYCOED,W01000483,Powys 009C,Formal action is not in the public interest
d353fdf8eb21c99bce025630bd6c807555f3f33a0506588467834ac061ae8efc,2021-10,Dyfed-Powys Police,Dyfed-Powys Police,-4.159322,51.682687,On or near MARKET STREET,W01000703,Carmarthenshire 022A,Investigation complete; no suspect identified
8903381eebbf9162f46b6744a29e5eefe769dccd743464ddb48c31cdcbb036d3,2021-10,Dyfed-Powys Police,Dyfed-Powys Police,-4.342395,51.747604,On or near GER Y PLAS,W01000723,Carmarthenshire 012E,Investigation complete; no suspect identified
7fba602a7209bafab4c01bad84a55e9439bd8667b16c8d7a9ea8c56dbcf59edb,2021-10,Dyfed-Powys Police,Dyfed-Powys Police,-3.986409,51.975200,On or near GOLWYG YR ALLT,W01000709,Carmarthenshire 004D,Formal action is not in the public interest
2089e79182043473550e97b71890c3f0c9c5e24b1a1ec7f572a373f065fb379b,2021-10,Dyfed-Powys Police,Dyfed-Powys Police,-4.084153,52.117158,On or near GWEL-Y-CREUDDYN,W01000528,Ceredigion 008B,Unable to prosecute suspect
ea511551a2a7dd40f39dff762df1539694f83b1652abbcfb7f80d056133f807d,2021-10,Dyfed-Powys Police,Dyfed-Powys Police,-4.084153,52.117158,On or near GWEL-Y-CREUDDYN,W01000528,Ceredigion 008B,Unable to prosecute suspect
a1054915f05495e3a9a5488f9f2246b74412636988948c89b3465d07861d99ee,2021-10,Dyfed-Powys Police,Dyfed-Powys Police,-4.084153,52.117158,On or near GWEL-Y-CREUDDYN,W01000528,Ceredigion 008B,Unable to prosecute suspect
5841efdfd2ae439e6ddcc6e94a10690d072d37fc2660c96c76b411366711e88f,2021-10,Dyfed-Powys Police,Dyfed-Powys Police,-3.871630,51.813256,On or near FFORDD Y CORONI,W01000719,Carmarthenshire 010E,Unable to prosecute suspect
2b4fd6c82d21285f01187e74c48b805ba333eb7023ba7498088169476f522119,2021-10,Dyfed-Powys Police,Dyfed-Powys Police,-4.008125,51.816659,On or near WOODFIELD ROAD,W01000681,Carmarthenshire 011B,Unable to prosecute suspect
d156948302360e55ae1b436f84aaf382cc78b094f2e29ddd85cacd47f56e4a20,2021-10,Dyfed-Powys Police,Dyfed-Powys Police,-4.008125,51.816659,On or near WOODFIELD ROAD,W01000681,Carmarthenshire 011B,Unable to prosecute suspect
5332329f1fa169c5cab18d312357599d52ed74cb903d0b39699e8e02ec2fe521,2021-10,Dyfed-Powys Police,Dyfed-Powys Police,-3.421121,52.285178,On or near A44,W01000477,Powys 012D,Suspect charged
d41e957f60c3e10389143a6d468f06820698890606c9718e003e77df5cb801a7,2021-10,Dyfed-Powys Police,Dyfed-Powys Police,-4.103391,51.684782,On or near HEOL-Y-MYNYDD,W01000691,Carmarthenshire 019B,Unable to prosecute suspect
db481e8f324bd73718a8ebb854572cd766aa9dc5da0fb419fc762d425c8157f3,2021-10,Dyfed-Powys Police,Dyfed-Powys Police,-4.943449,51.691959,On or near BUSH STREET,W01000603,Pembrokeshire 013D,Investigation complete; no suspect identified
bce807bce697348c87eeae545c42b69a9b9becc5213fc35ddf0d5d91b18e2bb6,2021-10,Dyfed-Powys Police,Dyfed-Powys Police,-4.137029,51.677457,On or near Supermarket,W01000628,Carmarthenshire 024A,Formal action is not in the public interest
d1911d63017fc722d6c5561a46b060cff182453ae8f23f3b3dfc56eb5272fc1b,2021-10,Dyfed-Powys Police,Dyfed-Powys Police,-5.042473,51.709995,On or near NUBIAN CRESCENT,W01000590,Pembrokeshire 012B,Suspect charged
1026341db4d926a06c58c4485c112a39814a0aac26eb582e58fa0751b146a67e,2021-10,Dyfed-Powys Police,Dyfed-Powys Police,-4.961160,51.802624,On or near CARTLETT,W01000573,Pembrokeshire 006B,Local resolution
6211e38f7addaa142b0550dcecc1d686bc358f5cfe908aa84f8b62d329d8582e,2021-10,Dyfed-Powys Police,Dyfed-Powys Police,-4.993163,52.006754,On or near NEW HILL,W01000567,Pembrokeshire 002D,Investigation complete; no suspect identified
473f67de9fe1b9ee7ec6028cad58b23436fda03c7fd576d403641bc80a17e787,2021-10,Dyfed-Powys Police,Dyfed-Powys Police,-3.982947,51.791773,On or near Police Station,W01000626,Carmarthenshire 013B,Suspect charged
02d40519b92f1cc4908b4e0e7c8e1798d5cf2c7100560f9860e3fe0580b1fdf3,2021-10,Dyfed-Powys Police,Dyfed-Powys Police,-4.926039,51.689921,On or near MUNRO COURT,W01000601,Pembrokeshire 013B,Investigation complete; no suspect identified
70e14eab5c43fb67fb3f9074b0eb123cfdd85bdb7d6bcd25f3e32cd2c63fd3ec,2021-10,Dyfed-Powys Police,Dyfed-Powys Police,-3.898427,51.799140,On or near TYLE GLAS,W01000656,Carmarthenshire 010A,Investigation complete; no suspect identified
869cc10cab1d7ef1c482ef5f34751229340a85c6950f27b5c6f9a0b3f9352fa3,2021-10,Dyfed-Powys Police,Dyfed-Powys Police,-3.315348,52.515999,On or near Shopping Area,W01000480,Powys 008A,Local resolution
2666c265321aeb890acd6b0de1e9ae0a8ad296e6410ce76bcbc441e95387772e,2021-10,Dyfed-Powys Police,Dyfed-Powys Police,-4.049199,52.405021,On or near A44,W01001936,Ceredigion 003F,Unable to prosecute suspect
2d02998eaf5786ec8027a53412a2b071c07bee5d549bc0057ca134e146810b54,2021-10,Dyfed-Powys Police,Dyfed-Powys Police,-4.975685,51.794972,On or near Sports/Recreation Area,W01000573,Pembrokeshire 006B,Suspect charged
34d556b06899311a6d0be2e2f22d7b8bd152491faaa5bd677ebe34c2458ae40e,2021-10,Dyfed-Powys Police,Dyfed-Powys Police,-4.971081,51.800611,On or near MARKET STREET,W01000568,Pembrokeshire 005A,Unable to prosecute suspect
130c95414007e2974126a4582b2ac7b0603c5a7c588e099708b8534a35ff7731,2021-10,Dyfed-Powys Police,Dyfed-Powys Police,-4.087076,52.414482,On or near Y STRYD NEWYDD,W01000517,Ceredigion 002D,Suspect charged
e1b6f3e35381afda8b1f4a68946db101d28a4b13874179683adaa06f6e3fdaa2,2021-10,Dyfed-Powys Police,Dyfed-Powys Police,-4.093863,52.358794,On or near Y GERDDI,W01000534,Ceredigion 011B,Unable to prosecute suspect
cb8c12960fe58839a8348f372308da9863c32bd61a144395339fbbf2bf2af72b,2021-10,Dyfed-Powys Police,Dyfed-Powys Police,-4.082278,52.416275,On or near PORTLAND ROAD,W01000513,Ceredigion 002B,Investigation complete; no suspect identified
242f841c69ab4812705893eaeb0288ea90cc16d8507642dc727ec6f476d3428c,2021-10,Dyfed-Powys Police,Dyfed-Powys Police,-4.000014,52.393141,On or near A4120,W01000534,Ceredigion 011B,Action to be taken by another organisation
1b599eec4aeb55244d605cb14ca533b9a28c78f7573b368fef981c9c31e95fe3,2021-10,Dyfed-Powys Police,Dyfed-Powys Police,-4.307247,51.856644,On or near Shopping Area,W01000641,Carmarthenshire 008A,Unable to prosecute suspect
ffcce17d99f7a64d166c5dba44607a84d19c17212e197bd1b01d94d1bc51dfb4,2021-10,Dyfed-Powys Police,Dyfed-Powys Police,-3.918128,51.807479,On or near FOLLAND ROAD,W01000658,Carmarthenshire 010C,Investigation complete; no suspect identified
14ad0782d3f70ebe5b26a01d068e3d8c5d60f7e2a75f20dca3b92c4193b645c3,2021-10,Dyfed-Powys Police,Dyfed-Powys Police,-4.010845,51.813555,On or near BLAENAU ROAD,W01000680,Carmarthenshire 011A,Further investigation is not in the public interest
c330dfbf634be023a27c5c9b42bc68763e5742e5fe4562be39bc6074384e63fe,2021-10,Dyfed-Powys Police,Dyfed-Powys Police,-5.026535,51.712187,On or near PILL LANE,W01000587,Pembrokeshire 010A,Suspect charged
59cc9a4eebf4e371e0946f541bb9644449a638b0f01d68dd0fad37cbc05810fb,2021-10,Dyfed-Powys Police,Dyfed-Powys Police,-5.033836,51.713105,On or near FULKE STREET,W01000587,Pembrokeshire 010A,Suspect charged
d34213366be7734febe439b3f3c368cb0a30c862192849ab365e5624d0cfc517,2021-10,Dyfed-Powys Police,Dyfed-Powys Police,-5.026535,51.712187,On or near PILL LANE,W01000587,Pembrokeshire 010A,Suspect charged
8a3fd381a0485a00a8aa922d94b2b19fcaab7b23f7a58796a0da9041b036bcff,2021-10,Dyfed-Powys Police,Dyfed-Powys Police,-5.035085,51.712515,On or near BARLOW STREET,W01000587,Pembrokeshire 010A,Suspect charged
986c94d691d32397c7f1bedbdf15b1eb0c81d29e5e4c49ef588167fdf1d16af4,2021-10,Dyfed-Powys Police,Dyfed-Powys Police,-4.049199,52.405021,On or near A44,W01001936,Ceredigion 003F,Investigation complete; no suspect identified
ac518db31f8bbc0c50fe75cb7732b663302371805bccc3f742cc7a92b791f6c0,2021-10,Dyfed-Powys Police,Dyfed-Powys Police,-4.051312,52.416035,On or near MAESCEINION,W01000525,Ceredigion 011A,Investigation complete; no suspect identified
48f4ed20f0efbb33e947ab7ba939679f3b2b31d98c8a266ab41e1d5de5027cca,2021-10,Dyfed-Powys Police,Dyfed-Powys Police,-3.380058,51.944325,On or near CAMDEN ROAD,W01000493,Powys 017E,Suspect charged
32ef7258ebfe5a0ce3dfa5b4d022adc66d60989f137b84dfa7a125b3aebd0e7d,2021-10,Dyfed-Powys Police,Dyfed-Powys Police,-4.156697,51.674031,On or near RUSSELL STREET,W01000734,Carmarthenshire 026F,Formal action is not in the public interest
e8080936cf80bc8c079fe3fc0c958c02e701fddb9c06670104fa92af127e1429,2021-10,Dyfed-Powys Police,Dyfed-Powys Police,-4.705455,51.671776,On or near PARK ROAD,W01000620,Pembrokeshire 016C,Investigation complete; no suspect identified
d3444c00456cdad5c80d5b9b4bd6eb5db8025c2f387ffbbeec8613185018cbe9,2021-10,Dyfed-Powys Police,Dyfed-Powys Police,-4.294984,51.864213,On or near LLYS CAERMEDI,W01000638,Carmarthenshire 007B,Investigation complete; no suspect identified
dc9d148fad81b641619e80840961b3d0de7011f2f022821f4c30e25d9e33af51,2021-10,Dyfed-Powys Police,Dyfed-Powys Police,-4.087476,52.415186,On or near Conference/Exhibition Centre,W01000517,Ceredigion 002D,Investigation complete; no suspect identified
2160d90e22b630fc7fd640a589b9423c5a452f86816591efe4d337ffbc5269a5,2021-10,Dyfed-Powys Police,Dyfed-Powys Police,-4.071592,52.416068,On or near Hospital,W01000512,Ceredigion 002A,Suspect charged
cbb20fc15299fcff1819366dbaf4e5b26ace096a92aa442bed88850db51707e9,2021-10,Dyfed-Powys Police,Dyfed-Powys Police,-4.082600,52.414373,On or near UNION STREET,W01000513,Ceredigion 002B,Investigation complete; no suspect identified
c025a011f033468c349b5dc3feda884b74d32bbcda7ac7a86c88658334333828,2021-10,Dyfed-Powys Police,Dyfed-Powys Police,-3.047098,52.345055,On or near CHURCH ROAD,W01000449,Powys 011C,Investigation complete; no suspect identified
5ecc8197d768ece3380a4d305ed0921f913e77f853cdb8c0eec79cc1b4a64365,2021-10,Dyfed-Powys Police,Dyfed-Powys Police,-5.023512,51.718516,On or near ASH GROVE,W01000588,Pembrokeshire 010B,Unable to prosecute suspect
8f146133aaa48a9cf9739730c3ea171da947fe81367e7e3d467c50f152652de7,2021-10,Dyfed-Powys Police,Dyfed-Powys Police,-3.339361,52.507000,On or near HEOL-Y-COLEG,W01000478,Powys 009A,Unable to prosecute suspect
0aa4a66e99e78d6eae2008b9461020dea79aec5b4c059aa381da77e1edf1ecea,2021-10,Dyfed-Powys Police,Dyfed-Powys Police,-4.283141,51.850343,On or near HEOL LLANGYNNWR,W01000693,Carmarthenshire 008C,Unable to prosecute suspect
102e6e862ca783fe0cea6752611ee7f3859d6835d6b30b2a30faf579e2648b30,2021-10,Dyfed-Powys Police,Dyfed-Powys Police,-3.330925,52.510629,On or near LON MASARN,W01000479,Powys 009B,Local resolution
f3bbd78c77f382bc8ba1df1873334cf020a826fe1dd39e46be5b202007b3bcaa,2021-10,Dyfed-Powys Police,Dyfed-Powys Police,-3.639374,52.107019,On or near VICTORIA SQUARE,W01000471,Powys 014E,Investigation complete; no suspect identified
fef3adc34533cf358f5e8e3c70d93640dd3375c414e9edf5913719826423ebe2,2021-10,Dyfed-Powys Police,Dyfed-Powys Police,-3.381048,52.232643,On or near ASHRIDGE CLOSE,W01000456,Powys 013C,Unable to prosecute suspect
afb68fbe2f051620a1d78d416f6389ab60a1c2c447c8f0848d3f8079c185670f,2021-10,Dyfed-Powys Police,Dyfed-Powys Police,-4.018839,52.453908,On or near Petrol Station,W01001937,Ceredigion 001F,Unable to prosecute suspect
4aac195d6eb6436f5b1eb8438a25f195726a4b3426dc527ba0036affe26a2667,2021-10,Dyfed-Powys Police,Dyfed-Powys Police,-3.082267,52.761391,On or near PARC HAFOD,W01000458,Powys 002C,Formal action is not in the public interest
26107bbc9258b48aa836f4199dd8c2f34cc14d9f3b9bbd38f15d8cbeabe17b96,2021-10,Dyfed-Powys Police,Dyfed-Powys Police,-4.928194,51.691253,On or near WAVELL CRESCENT,W01000601,Pembrokeshire 013B,Unable to prosecute suspect
756ea01a71b279d10767b1d724f3bb27bc0fb9a2a8d1255655ba01e1eeb6a203,2021-10,Dyfed-Powys Police,Dyfed-Powys Police,-4.509331,52.131344,On or near RAVENSCROFT,W01000545,Ceredigion 007D,Unable to prosecute suspect
3666ba42b7a5c90f712469c68af2033e3443966999311e6e77fdb7600e58754c,2021-10,Dyfed-Powys Police,Dyfed-Powys Police,-4.661940,52.083723,On or near QUEEN'S TERRACE,W01000511,Ceredigion 009E,Formal action is not in the public interest
a1626bbd7c08b5d25781a9844fac6074770aa4d41b4c7dc4fc5d6ae61e9b9a7d,2021-10,Dyfed-Powys Police,Dyfed-Powys Police,-4.570616,52.111552,On or near B4333,W01000547,Ceredigion 009G,Investigation complete; no suspect identified
05bd81f6c40b707cf1de5980aa0acbba495701b3fa262683c2aefbaa1547022a,2021-10,Dyfed-Powys Police,Dyfed-Powys Police,-5.021223,51.717424,On or near WILLOW END,W01000588,Pembrokeshire 010B,Local resolution
0d429b0c4627ab993087357e65592a498096483eca7c49eba058fc0ecec26734,2021-10,Dyfed-Powys Police,Dyfed-Powys Police,-4.650611,52.092810,On or near MAES Y FELIN,W01000509,Ceredigion 009C,Offender given a caution
578135f3f506df197e305ad2c6b57e01297b692dba37e33ef6ffd79263bff47a,2021-10,Dyfed-Powys Police,Dyfed-Powys Police,-4.092529,51.688906,On or near CLEVISTON PARK,W01000691,Carmarthenshire 019B,Investigation complete; no suspect identified
45d0d0db90e1debee43cd8720ae06e9d143916eb1cf3e45bed39fdabf7a17b7a,2021-10,Dyfed-Powys Police,Dyfed-Powys Police,-4.092529,51.688906,On or near CLEVISTON PARK,W01000691,Carmarthenshire 019B,Investigation complete; no suspect identified
23b9e6bdcb4fe73d8b29a434f78ca97c21fb326e056417a71d26a81414f96f41,2021-10,Dyfed-Powys Police,Dyfed-Powys Police,-3.743798,51.785665,On or near WAUN GYRLAIS,W01000426,Powys 021A,Local resolution
fbca9149cb14d7407e8509d66960076b83723328c4d54ad5844bff7da4211ec0,2021-10,Dyfed-Powys Police,Dyfed-Powys Police,-3.380058,51.944325,On or near CAMDEN ROAD,W01000493,Powys 017E,Suspect charged
7f0a4d83aa865f1bbfd96a4bcaf12cc01e23e612ef4f455a26acc5f5d358fbf0,2021-10,Dyfed-Powys Police,Dyfed-Powys Police,-4.229685,51.736201,On or near MAES-Y-WERN,W01000695,Carmarthenshire 012B,Unable to prosecute suspect
c6cd0f1be7495d8e03bdadfc11864312db898c55ee91ab6b10405463112673ea,2021-10,Dyfed-Powys Police,Dyfed-Powys Police,-3.391547,51.948398,On or near HIGH STREET SUPERIOR,W01000492,Powys 017D,Investigation complete; no suspect identified
8dfa46c2aeff056c923512ebd90a384060d80f785b252d4df1615c6d641c8606,2021-10,Dyfed-Powys Police,Dyfed-Powys Police,-4.087076,52.414482,On or near Y STRYD NEWYDD,W01000517,Ceredigion 002D,Unable to prosecute suspect
c4d7727d794e0907ce35f14f24a12d1c5ff205c7cbc25690a0656cfd0ac1f6c6,2021-10,Dyfed-Powys Police,Dyfed-Powys Police,-4.305341,51.855989,On or near THE MOUNT,W01000641,Carmarthenshire 008A,Unable to prosecute suspect
475669b673f15786d329db88326943d3423c7c77a3e82ff706254ff5bce8b3a2,2021-10,Dyfed-Powys Police,Dyfed-Powys Police,-4.153819,51.695963,On or near DANYBANC,W01000655,Carmarthenshire 020C,Investigation complete; no suspect identified
faf852e69c31eabe6adf6898ae4ebc85b726d52bc634082f4dbc91dc51999497,2021-10,Dyfed-Powys Police,Dyfed-Powys Police,-4.167483,51.680298,On or near OLD CASTLE ROAD,W01000654,Carmarthenshire 023B,Further investigation is not in the public interest
777ff7a461d051f25801cb2bd47541b6ff5a6877de609530cbf875448556a204,2021-10,Dyfed-Powys Police,Dyfed-Powys Police,-4.295794,51.849890,On or near Y TALAR,W01000693,Carmarthenshire 008C,Investigation complete; no suspect identified
f46c632c56a946c618c7e30951d9de198cca23bea76b674435df1cbdb3117b51,2021-10,Dyfed-Powys Police,Dyfed-Powys Police,-3.147629,52.659045,On or near BERRIEW STREET,W01000498,Powys 003A,Formal action is not in the public interest
5085a61a18776a6f0397f76769337480650e4a117948281de2a01c5e67068943,2021-10,Dyfed-Powys Police,Dyfed-Powys Police,-3.329144,52.504832,On or near LLYS YR HEBOG,W01000483,Powys 009C,Unable to prosecute suspect
ba11d2a9a0e4c60c5b599c0e44c83cf9a17a430cb1b692c870bbe6cfabc73be9,2021-10,Dyfed-Powys Police,Dyfed-Powys Police,-3.324983,52.511990,On or near LLYS DULAS,W01000479,Powys 009B,Formal action is not in the public interest
b8e0bfd3c8a9fba0ac9a38fe947e8448d0be870055736b8ddde5c15e3d7bdbe7,2021-10,Dyfed-Powys Police,Dyfed-Powys Police,-3.329144,52.504832,On or near LLYS YR HEBOG,W01000483,Powys 009C,Unable to prosecute suspect
2eb5087b86b5c589f442a8e4ebcef0934972f6e7cc2859bc14dfcf1d56615f98,2021-10,Dyfed-Powys Police,Dyfed-Powys Police,-4.914853,51.672140,On or near VETCH CLOSE,W01000608,Pembrokeshire 015D,Unable to prosecute suspect
e23f8c3305fba0bf8852eb1d9424362bb36d655016a01b30a7cc77b7624acaa0,2021-10,Dyfed-Powys Police,Dyfed-Powys Police,-4.154459,51.681410,On or near PENRY PLACE,W01000629,Carmarthenshire 024B,Suspect charged
365e99a36b1536094835492ba3bbe2dc89c24f339566fd60e6fe8b1b86901416,2021-10,Dyfed-Powys Police,Dyfed-Powys Police,-3.965728,51.793951,On or near WERNOLEU ROAD,W01000715,Carmarthenshire 013E,Suspect charged
13c7f42c0e7824e810ec37bb250f585dfce1a9fc5c876a9cdc0287f13c748d39,2021-10,Dyfed-Powys Police,Dyfed-Powys Police,-3.965728,51.793951,On or near WERNOLEU ROAD,W01000715,Carmarthenshire 013E,Suspect charged
bad5d785232adfc4533ee05c556cfe6c9e8d2b78528ffdfd17f570f6133919c9,2021-10,Dyfed-Powys Police,Dyfed-Powys Police,-4.703086,51.674744,On or near NORTON,W01000619,Pembrokeshire 016B,Local resolution
c38350ae0938bf46e014e4536d4b6bfbd78117a93b68cffd60752f273414887a,2021-10,Dyfed-Powys Police,Dyfed-Powys Police,-4.125497,51.682010,On or near Police Station,W01000706,Carmarthenshire 025C,Suspect charged
8734a1c576e2dc349568e57e7c9fcb6554cddfc2540ee1da65932b6589fd2598,2021-10,Dyfed-Powys Police,Dyfed-Powys Police,-4.140441,51.684166,On or near Petrol Station,W01000628,Carmarthenshire 024A,Investigation complete; no suspect identified
2813a0a2a63eca3129865fb905395b698913f93c8a17d873f570165e235d0f02,2021-10,Dyfed-Powys Police,Dyfed-Powys Police,-4.733847,51.774192,On or near CHAPEL STREET,W01000596,Pembrokeshire 007D,Suspect charged
36c352033782f1d4cfc388ce909bb4a1398d6baa9d533276eb545d7536b9e536,2021-10,Dyfed-Powys Police,Dyfed-Powys Police,-3.438657,51.942374,On or near HEOL SANT CATTWG,W01001897,Powys 020D,Formal action is not in the public interest
8d1a654c053530d924e8b9b4701a43289292f1bd40f65ecf9529c91526b74fee,2021-10,Dyfed-Powys Police,Dyfed-Powys Police,-4.976157,51.797290,On or near MILFORD ROAD,W01000573,Pembrokeshire 006B,Local resolution
7fb0910fb8e1e8909b28ded087b1583019f61fc458b9d079c25ec2fd929807cf,2021-10,Dyfed-Powys Police,Dyfed-Powys Police,-5.021512,51.717416,On or near CHESTNUT WAY,W01000588,Pembrokeshire 010B,Formal action is not in the public interest
e2f5b72a5edae5b2e646e13e4493b77b956cd5d9f9ee9fbfcff1db70d184f653,2021-10,Dyfed-Powys Police,Dyfed-Powys Police,-5.032527,51.716485,On or near PRIORYVILLE,W01000594,Pembrokeshire 012E,Investigation complete; no suspect identified
c8b89ac83ba8767f40cb5a4a10b3ef61dac70178f26db1e21f63045e7b292603,2021-10,Dyfed-Powys Police,Dyfed-Powys Police,-3.318583,52.705957,On or near LON YR YWEN,W01000475,Powys 001E,Investigation complete; no suspect identified
fe4de951d209c42e5f5c1447175b642670a8aca5df4b2118f0f4d2c0eb23235c,2021-10,Dyfed-Powys Police,Dyfed-Powys Police,-3.131809,52.665886,On or near GALLOWSTREE BANK,W01000500,Powys 003C,Formal action is not in the public interest
c223d3e94ed38e198e7d7faf4d9c69f43b0a6ef3d94a0d93204b3167002d625a,2021-10,Dyfed-Powys Police,Dyfed-Powys Police,-3.103169,52.776275,On or near B4398,W01000458,Powys 002C,Unable to prosecute suspect
5d1dca1138df8d816d1f598beb9ede1ca6a230270d388b498f45e6c70439c43c,2021-10,Dyfed-Powys Police,Dyfed-Powys Police,-4.977971,51.804565,On or near PRESCELLY ROAD,W01000570,Pembrokeshire 005C,Suspect charged
4251172e944800cd0826458299c85b450162641d1fdb808607e43c58d5875c08,2021-10,Dyfed-Powys Police,Dyfed-Powys Police,-4.999192,51.999496,On or near CROSS STREET,W01000567,Pembrokeshire 002D,Unable to prosecute suspect
28f70eaff65678a92663768b09a1e7737a518f7d4a7c6af7188f3f394d683930,2021-10,Dyfed-Powys Police,Dyfed-Powys Police,-3.297948,52.561126,On or near BRYNTEG,W01000439,Powys 007B,Unable to prosecute suspect
d88f88d4b5b70a0df3cabcf514a65fbaa8efe38fe6a06be89d36264e5c6c2d7d,2021-10,Dyfed-Powys Police,Dyfed-Powys Police,-3.144966,52.560475,On or near TAN Y MUR,W01000476,Powys 005C,Unable to prosecute suspect
c8b7b40f7e6a288ad69718d12491368455e92afef0865ee1c912aaa88ac2c227,2021-10,Dyfed-Powys Police,Dyfed-Powys Police,-3.305221,52.512443,On or near CLEDAN,W01000480,Powys 008A,Investigation complete; no suspect identified
2a6b1bbc1bfbedffda5e48ced8c437bdf1b1436921e5a58de8f8ed58f5fad190,2021-10,Dyfed-Powys Police,Dyfed-Powys Police,-3.331893,52.505116,On or near SGWAR RHEDYNEN,W01000483,Powys 009C,Investigation complete; no suspect identified
5bba8f5084cbccff4532b7abb12f182eb38b789a616988a0c2b9e57f02da7bcc,2021-10,Dyfed-Powys Police,Dyfed-Powys Police,-3.331961,52.507857,On or near LLYS AFALLEN,W01000478,Powys 009A,Investigation complete; no suspect identified
cb433d140814b917670a6fb334739252d6f9aede92edb0c4a20adbeef1459d75,2021-10,Dyfed-Powys Police,Dyfed-Powys Police,-4.124518,51.786152,On or near HEOL BETHESDA,W01000698,Carmarthenshire 015B,Unable to prosecute suspect
e949a2a926bc99d6dc3a31d100bac2052133364bc2e00642d9dfa6fbe6d33291,2021-10,Dyfed-Powys Police,Dyfed-Powys Police,-4.283141,51.850343,On or near HEOL LLANGYNNWR,W01000693,Carmarthenshire 008C,Local resolution
afc51005ef6fec09ec05c3eebfdceadc32996542563e8fcf0e0bada2d3c7de44,2021-10,Dyfed-Powys Police,Dyfed-Powys Police,-4.926039,51.689921,On or near MUNRO COURT,W01000601,Pembrokeshire 013B,Investigation complete; no suspect identified
8dcef84784b6596891a5c49bc3d4fac914017ff75dd59c86656aba6ac286813d,2021-10,Dyfed-Powys Police,Dyfed-Powys Police,-3.911074,51.802918,On or near HEOL CWMAMAN,W01000656,Carmarthenshire 010A,Formal action is not in the public interest
c0e2127a39981663211188cc3bd63ad091421b6c1f09c7071566e848d41073b5,2021-10,Dyfed-Powys Police,Dyfed-Powys Police,-3.343862,52.507219,On or near GLANDWR,W01000478,Powys 009A,Offender given a caution
fac5e42f70cd58dc9848eaebbdbe375889230b670d697d8c4bb43085959ef4ef,2021-10,Dyfed-Powys Police,Dyfed-Powys Police,-5.023245,51.718865,On or near OAKLANDS,W01000588,Pembrokeshire 010B,Formal action is not in the public interest
120f3842d9605d51a6688ba9d5eea9fb8a6bbce0fcf9b6c811489c6996cad0bc,2021-10,Dyfed-Powys Police,Dyfed-Powys Police,-5.067652,51.735467,On or near Park/Open Space,W01000622,Pembrokeshire 008E,Investigation complete; no suspect identified
e6f17b10fe4495cc896c13f2bb02ca9ac5b6a3a1e3a31abebab241df38440721,2021-10,Dyfed-Powys Police,Dyfed-Powys Police,-5.028675,51.719292,On or near MEYLER CRESCENT,W01000593,Pembrokeshire 010C,Formal action is not in the public interest
09433a58b67542a4b839eebec07b28e83c0ed462761345881aa64ccfee2237fc,2021-10,Dyfed-Powys Police,Dyfed-Powys Police,-4.240160,51.725129,On or near Park/Open Space,W01000730,Carmarthenshire 018D,Investigation complete; no suspect identified
69e2485e74c755698b5dc2b09a4aeec9884f2b811b9327ee6bf65c3a6fe949f0,2021-10,Dyfed-Powys Police,Dyfed-Powys Police,-4.161718,51.672850,On or near HEOL COPPERWORKS,W01000659,Carmarthenshire 026A,Local resolution
d9c9651d302bf497d1d504949da5be8db2f335c493992c212b5595b5bea222a3,2021-10,Dyfed-Powys Police,Dyfed-Powys Police,-4.161451,51.686983,On or near MOUNT PLEASANT BUILDINGS,W01000703,Carmarthenshire 022A,Unable to prosecute suspect
27249b3b5ab9f66c0edb82e282fe6b6701771b188d9a812c2255c6945b036a6c,2021-10,Dyfed-Powys Police,Dyfed-Powys Police,-4.080923,52.414978,On or near STRYD Y BRAGDY,W01000513,Ceredigion 002B,Unable to prosecute suspect
2469970e440eb6dc696fb047bc8109bb2ca040b29e08ed3a10062aa7021724fa,2021-10,Dyfed-Powys Police,Dyfed-Powys Police,-4.085439,52.414709,On or near MARKET STREET,W01000513,Ceredigion 002B,Unable to prosecute suspect
5bd29d56ed1abd28799ab96bbc2b3e577e4a0e06eeaa6d92060bd7120a2073df,2021-10,Dyfed-Powys Police,Dyfed-Powys Police,-4.085567,52.413061,On or near HEOL-Y-BONT,W01000513,Ceredigion 002B,Investigation complete; no suspect identified
4894d672a45f6e567c8846edf05e21e6b319091fcd7931b78f7de072535c3454,2021-10,Dyfed-Powys Police,Dyfed-Powys Police,-4.085439,52.414709,On or near MARKET STREET,W01000513,Ceredigion 002B,Unable to prosecute suspect
8110bee329a4e2ed6eb9cb6891b4b6dccea72814325e8159eb9df7fe02cc98d9,2021-10,Dyfed-Powys Police,Dyfed-Powys Police,-4.076085,52.404956,On or near HEOL ISAF,W01000515,Ceredigion 003A,Investigation complete; no suspect identified
9b4b5a8942aebcabfc21a48196b84d7c7190ed5a7f307021e201c2516e2e6692,2021-10,Dyfed-Powys Police,Dyfed-Powys Police,-4.083958,52.420724,On or near QUEEN'S ROAD,W01001934,Ceredigion 002F,Investigation complete; no suspect identified
00be6f834ef0887f554a9e3b73ddfe4ccddb0d0b6874f7198babb75ff39be490,2021-10,Dyfed-Powys Police,Dyfed-Powys Police,-4.070958,52.412266,On or near Hospital,W01000512,Ceredigion 002A,Suspect charged
cc6c13c52aecbcf958cbd4792da0f03be1270577d79b1799ada78ffc34044eb0,2021-10,Dyfed-Powys Police,Dyfed-Powys Police,-4.070958,52.412266,On or near Hospital,W01000512,Ceredigion 002A,Suspect charged
7c27e5f37c37b3651d0210c383532841efc8f5dced1dd67f7c6f5ca8a9169576,2021-10,Dyfed-Powys Police,Dyfed-Powys Police,-4.070958,52.412266,On or near Hospital,W01000512,Ceredigion 002A,Suspect charged
3c3af3aece6c9dacb3c38a0e48ec3f5aa69bc4a39f645355a504f1d2d3eb1c93,2021-10,Dyfed-Powys Police,Dyfed-Powys Police,-3.506453,52.304836,On or near HEOL-Y-BRENIN,W01000487,Powys 012E,Unable to prosecute suspect
5633339dcd6dbbd6dd5b1e1087b5df57bc7d04b466d628e8db66e0b60c83fdb9,2021-10,Dyfed-Powys Police,Dyfed-Powys Police,-3.486779,52.256507,On or near Theatre/Concert Hall,W01000477,Powys 012D,Investigation complete; no suspect identified
98f366eca207e6f10e72199b6d6e73b8c542bbba665801bc1e247d91605ac84d,2021-10,Dyfed-Powys Police,Dyfed-Powys Police,-3.096574,52.360645,On or near GLYNDWR,W01000427,Powys 011A,Unable to prosecute suspect
c5f7412e6cf1ee714f95e6e537c8fc41c7d94ee0ff32afbba32239e7c5dcfde5,2021-10,Dyfed-Powys Police,Dyfed-Powys Police,-4.034825,51.788719,On or near LLYS YR YSGOL,W01000724,Carmarthenshire 011C,Suspect charged
03a22bd1ad23618e4c43e9c065b2cc34e59c0eadc8faa373c5defb9d50a26a2c,2021-10,Dyfed-Powys Police,Dyfed-Powys Police,-3.982947,51.791773,On or near Police Station,W01000626,Carmarthenshire 013B,Suspect charged
1dd9fb0afbcfcf70e4d37ee49d91106193d7136534f45529b4928f4ae327a699,2021-10,Dyfed-Powys Police,Dyfed-Powys Police,-3.968970,51.790803,On or near FFORDD Y GLOWYR,W01000627,Carmarthenshire 013C,Unable to prosecute suspect
2ef03072e1c8198a6751018e05c68d07b524618d97830d0fb57fcbc9e2fd659f,2021-10,Dyfed-Powys Police,Dyfed-Powys Police,-3.538593,52.448609,On or near Theatre/Concert Hall,W01000467,Powys 010D,Offender given a caution
9be4486f09f126bbe9511d01747d648738af73091e2f4355d3cfd1db0384a733,2021-10,Dyfed-Powys Police,Dyfed-Powys Police,-3.539127,52.448305,On or near GREAT OAK STREET,W01000467,Powys 010D,Suspect charged
3005514e7536423adf00a6683d3eb8704be4913e120d33dc71796cea3993c3a8,2021-10,Dyfed-Powys Police,Dyfed-Powys Police,-5.004023,51.995262,On or near THE MEADOWS,W01000567,Pembrokeshire 002D,Unable to prosecute suspect
c1b6631c0cc66296be52a4d795352d1d57b029c7aa0159e39c5357b49c40a6c7,2021-10,Dyfed-Powys Police,Dyfed-Powys Police,-4.072242,52.402326,On or near BRYN YSTWYTH,W01000515,Ceredigion 003A,Suspect charged
5937c1259e2fef9832b1d13eb9a8ada694c602468fdee93453b9e3533d802fed,2021-10,Dyfed-Powys Police,Dyfed-Powys Police,-4.627167,51.842574,On or near SWN YR AFON,W01000735,Carmarthenshire 027D,Unable to prosecute suspect
9a13b43b19adfac8b64d80b1101e0b1fd89c11ecc94de0f2da216e0082839a1d,2021-10,Dyfed-Powys Police,Dyfed-Powys Police,-4.146818,51.681649,On or near UPPER CROSS ROAD,W01000630,Carmarthenshire 024C,Unable to prosecute suspect
8d32d2955afeb61c9e514b92c449fb0deaa9f182509aaa0dc2c8408164574bb8,2021-10,Dyfed-Powys Police,Dyfed-Powys Police,-3.737609,51.791367,On or near Petrol Station,W01000426,Powys 021A,Offender given a caution
9b575ff764ca7522a1f3f74c3c08215b89b87891795b532e8a16984ddf6b16a6,2021-10,Dyfed-Powys Police,Dyfed-Powys Police,-4.973644,51.986447,On or near PEN WALLIS,W01000617,Pembrokeshire 002F,Suspect charged
d6fc83b136117bcb3724af6a7eeeb5d5febe6f06bbad6b2071df33e340fa2616,2021-10,Dyfed-Powys Police,Dyfed-Powys Police,-4.118703,51.788595,On or near Parking Area,W01000698,Carmarthenshire 015B,Suspect charged
aab9f972647f2b219ddde10e3161e087afc35141df4df42623a9ba4d71cf480d,2021-10,Dyfed-Powys Police,Dyfed-Powys Police,-4.074883,52.399097,On or near CAE JOB,W01000515,Ceredigion 003A,Offender given a caution
14f2fd928658fb64b94ba4772c42deaf3449af68a6e2955504aa233e22093cdc,2021-10,Dyfed-Powys Police,Dyfed-Powys Police,-4.943760,51.689397,On or near MILTON TERRACE,W01000604,Pembrokeshire 013E,Formal action is not in the public interest
703b23fe1950355180a87ca4b7aa27899c8de6dbd61716bce3da3cf658e050cf,2021-10,Dyfed-Powys Police,Dyfed-Powys Police,-4.943760,51.689397,On or near MILTON TERRACE,W01000604,Pembrokeshire 013E,Formal action is not in the public interest
7f6ebe15a30d1576cca351554b471c6fa78d6ca60b856ac522fe82f2b4c7e355,2021-10,Dyfed-Powys Police,Dyfed-Powys Police,-5.045390,51.894646,On or near B4330,W01000579,Pembrokeshire 003A,Unable to prosecute suspect
388bbf540d6610d8368a34100721c9ba7c02b5845e7c47d6e50d3db147ab7a60,2021-10,Dyfed-Powys Police,Dyfed-Powys Police,-4.022978,52.463602,On or near MAESHENLLAN,W01001937,Ceredigion 001F,Investigation complete; no suspect identified
517b1b041f709317305bc8b2cd0546fa656764ba264ed87819e83dbc768f92df,2021-10,Dyfed-Powys Police,Dyfed-Powys Police,-4.649714,52.088756,On or near ABERYSTWYTH ROAD,W01000509,Ceredigion 009C,Unable to prosecute suspect
528f6e71521c51c50359b4f7ec94575bbfe1174522d9868ebc1bae5d7a309dc9,2021-10,Dyfed-Powys Police,Dyfed-Powys Police,-4.661337,52.081435,On or near BRIDGE STREET,W01000511,Ceredigion 009E,Suspect charged
35a119f4271154d15775fc5cc4c6ce53801812e1c2fcd792de36e5baf375cbb8,2021-10,Dyfed-Powys Police,Dyfed-Powys Police,-4.979383,51.999387,On or near HEOL TREFIN,W01000565,Pembrokeshire 002B,Formal action is not in the public interest
91290f6def3ceb6f499feb9498ab3cb4ebe4ca630a8eca85c571137a09b037df,2021-10,Dyfed-Powys Police,Dyfed-Powys Police,-4.315008,51.858740,On or near GLANNANT ROAD,W01000645,Carmarthenshire 006C,Local resolution
97e678cb65c44234224b4a59c876657fb5be0f96d27e512af5c248ccde989092,2021-10,Dyfed-Powys Police,Dyfed-Powys Police,-4.084724,52.415756,On or near MAES ALFRED,W01000513,Ceredigion 002B,Suspect charged
c8bb18929ed749139943b78fbbe85decfe1d2a5fc6f29f5e889333b75f6611f3,2021-10,Dyfed-Powys Police,Dyfed-Powys Police,-4.205588,52.107880,On or near B4338,W01000541,Ceredigion 008E,Suspect charged
73057cedd66d33e614c208a90171014be54b6f4a186cf75dd46aff7e13850f70,2021-10,Dyfed-Powys Police,Dyfed-Powys Police,-4.144680,51.685698,On or near BRYNAMLWG,W01000705,Carmarthenshire 022C,Investigation complete; no suspect identified
5ce37270c794c86091aa1ad94524a81f26cf36760de9498ec0aee00c4fc62134,2021-10,Dyfed-Powys Police,Dyfed-Powys Police,-4.102423,51.686993,On or near CLOS PENLLWYNGWYN,W01000691,Carmarthenshire 019B,Investigation complete; no suspect identified
7da2ce03d838103d9262be4c5bdde46bf934fc1134224e40ba7b037fbdb71f34,2021-10,Dyfed-Powys Police,Dyfed-Powys Police,-3.579484,52.149395,On or near Petrol Station,W01000471,Powys 014E,Unable to prosecute suspect
73882f45976123729fe834b51f84409af49b95d7e8dad042110e48d50de6608e,2021-10,Dyfed-Powys Police,Dyfed-Powys Police,-3.378324,52.239715,On or near LINDENS WALK,W01000454,Powys 013A,Unable to prosecute suspect
081c6054f732e1b18953c69a6d0e07385c077b204a7bfa57fa9cd33048279cb4,2021-10,Dyfed-Powys Police,Dyfed-Powys Police,-3.984752,51.785322,On or near CAEMAWR,W01000627,Carmarthenshire 013C,Unable to prosecute suspect
a73bb36b871df5b777df0570e574bf64d19af2101007181691be9cd90eb2b614,2021-10,Dyfed-Powys Police,Dyfed-Powys Police,-3.930869,51.804195,On or near PENPOUND LANE,W01000657,Carmarthenshire 010B,Suspect charged
1fe118f391ad7db7fe0b5bbdd56f6649601e1161cde6054ed354dc90af9d66f1,2021-10,Dyfed-Powys Police,Dyfed-Powys Police,-4.468589,52.037962,On or near Supermarket,W01000646,Carmarthenshire 003A,Unable to prosecute suspect
a5c881727039ad3ad4557d42b8d9efe6a8cd9e2251b6aee8641ad213e132cdea,2021-10,Dyfed-Powys Police,Dyfed-Powys Police,-3.148121,52.653529,On or near CASTLE WALK,W01000498,Powys 003A,Investigation complete; no suspect identified
35bb65f4ac6ee4a2fe66bbd01dafed1078a0579621112755a6f8993f2dad8c4a,2021-10,Dyfed-Powys Police,Dyfed-Powys Police,-3.156209,52.660328,On or near Petrol Station,W01000501,Powys 003D,Formal action is not in the public interest
5eda6b9a9f0283441559acef13b80bda53b74ca8daac9586182964eb89f2e5e6,2021-10,Dyfed-Powys Police,Dyfed-Powys Police,-4.109194,51.678275,On or near GWELFOR,W01000636,Carmarthenshire 025B,Unable to prosecute suspect
ff2075ac0a78321d953f80c4efc34cf9bd931cf3220fbb0035d1f3aadf5dd183,2021-10,Dyfed-Powys Police,Dyfed-Powys Police,-3.272436,52.766570,On or near CHURCH STREET,W01000461,Powys 001A,Unable to prosecute suspect
0122b410b282d984960861e451e04becbf0c7e008423adc52d6b1962ea0fc822,2021-10,Dyfed-Powys Police,Dyfed-Powys Police,-3.339361,52.507000,On or near HEOL-Y-COLEG,W01000478,Powys 009A,Suspect charged
524d5593e75f6ca1706f4ef16335d6d26c8437cfb3f69199fd23aa46711a8873,2021-10,Dyfed-Powys Police,Dyfed-Powys Police,-4.801120,51.656032,On or near A4139,W01000584,Pembrokeshire 014C,Investigation complete; no suspect identified
ace9c6570cb38860a654b2e3b811ccd6689f762f0aca5dd63330810128ab2e88,2021-10,Dyfed-Powys Police,Dyfed-Powys Police,-4.000452,51.797061,On or near RHODFA FRANK,W01000725,Carmarthenshire 011D,Investigation complete; no suspect identified
5346f249e1bed53b7301775362cf9b9e197e16f6354c1aff3ede2d0afdccd616,2021-10,Dyfed-Powys Police,Dyfed-Powys Police,-3.994219,51.983871,On or near Park/Open Space,W01000709,Carmarthenshire 004D,Formal action is not in the public interest
460a83d40e4460cc8a74586b50a487d8d44eb09a6a41999aaf6ddac861fe32f0,2021-10,Dyfed-Powys Police,Dyfed-Powys Police,-3.406567,51.943886,On or near BLACK FRIARS COURT,W01000489,Powys 017A,Suspect charged
e7c67f9a121985a56443b9ac88c6f6a99aff32bd8dba76951590b392725b1e29,2021-10,Dyfed-Powys Police,Dyfed-Powys Police,-4.010747,51.817864,On or near MAES PIODE,W01000681,Carmarthenshire 011B,Suspect charged
4250de8860b9fce49d7237d54725ca7e6870686c129f3b14a920a7aafa41d375,2021-10,Dyfed-Powys Police,Dyfed-Powys Police,-4.085357,52.415151,On or near EASTGATE,W01000513,Ceredigion 002B,Suspect charged
98c065de17d14bdfe9fb58fdf2917815c627c2502beca6a650794e443a3b02c4,2021-10,Dyfed-Powys Police,Dyfed-Powys Police,-4.189815,51.868817,On or near CLOS Y DERI,W01000682,Carmarthenshire 005B,Unable to prosecute suspect
2d575b8734bec89a10a3f8154ff86752a5e168ac3ba67909af1179e3fd548e8c,2021-10,Dyfed-Powys Police,Dyfed-Powys Police,-3.399268,51.946823,On or near NEWMARCH STREET,W01000489,Powys 017A,Formal action is not in the public interest
b89039995e571f3ab625e1d37093e1d78ce2886408a56454a7b793ac6fbbe2d5,2021-10,Dyfed-Powys Police,Dyfed-Powys Police,-4.158605,51.674598,On or near MARSH STREET,W01000734,Carmarthenshire 026F,Suspect charged
4376fe23763d646a75a4c7899c94e00db0b3ce2dc5d92d9b2f1c6cada1469d2b,2021-10,Dyfed-Powys Police,Dyfed-Powys Police,-4.468382,52.033677,On or near QUARRY-FFINANT,W01000646,Carmarthenshire 003A,Unable to prosecute suspect
4013fac01c9b0826b8d5bd7f192ddbc2ac987712ed452006b630b4ec8c14dee6,2021-10,Dyfed-Powys Police,Dyfed-Powys Police,-4.660640,52.085920,On or near Theatre/Concert Hall,W01000510,Ceredigion 009D,Formal action is not in the public interest
4a1e0cc7fe7b6d896db1008476b967e43adcbdd9ae6628cd5dc89c393352e804,2021-10,Dyfed-Powys Police,Dyfed-Powys Police,-4.397673,52.023708,On or near PARC MEIROS,W01000688,Carmarthenshire 003B,Investigation complete; no suspect identified
e693e6aa25d1324c4a136edb65442b65798a4512c4de8112310700f47a11206e,2021-10,Dyfed-Powys Police,Dyfed-Powys Police,-4.238687,51.715247,On or near TRILWM,W01000729,Carmarthenshire 018C,Unable to prosecute suspect
42709173a22cac3173ae1c688a90cd68d51e5d2e17734deab21399b9d4c3315f,2021-10,Dyfed-Powys Police,Dyfed-Powys Police,-3.986524,51.790994,On or near STRYD Y CEI,W01000626,Carmarthenshire 013B,Offender given a caution
e4975ec80cb37134b2d1d21c679238a7d25837b5e99832b4d2d692e403509713,2021-10,Dyfed-Powys Police,Dyfed-Powys Police,-5.049591,51.711861,On or near OBSERVATORY AVENUE,W01000589,Pembrokeshire 012A,Unable to prosecute suspect
02d189d03e33b05a9d3b7049c041e52ccf9ad442a32dd5e8906162a325e2526b,2021-10,Dyfed-Powys Police,Dyfed-Powys Police,-4.158605,51.674598,On or near MARSH STREET,W01000734,Carmarthenshire 026F,Unable to prosecute suspect
3fe4c2d533ff5127ab40c5eefa25802218344d0f8fd512acf57a45966be787d4,2021-10,Dyfed-Powys Police,Dyfed-Powys Police,-4.158605,51.674598,On or near MARSH STREET,W01000734,Carmarthenshire 026F,Unable to prosecute suspect
162fc06de6ba906695d0b8361a11ef9001a540059781c2f556df5146d2157177,2021-10,Dyfed-Powys Police,Dyfed-Powys Police,-4.178056,51.685695,On or near ISCOED,W01000667,Carmarthenshire 023C,Investigation complete; no suspect identified
a9ec419ca3e7c349586576c784d7d86c14d0c1dceeda8f3c92b6dba57b289bd5,2021-10,Dyfed-Powys Police,Dyfed-Powys Police,-4.077741,52.110896,On or near NEW STREET,W01000527,Ceredigion 008A,Local resolution
bf5d98b1d2f471d1c11ffeccc3762422c367f5a11a0646c4e8340a638b066e15,2021-10,Dyfed-Powys Police,Dyfed-Powys Police,-3.906729,51.806163,On or near MAESYRHENDRE,W01000656,Carmarthenshire 010A,Investigation complete; no suspect identified
832ebe5a06b15d2aacd696c92895dbfae433f2e9dc038496bda02d6e2e480c1f,2021-10,Dyfed-Powys Police,Dyfed-Powys Police,-3.936421,51.801415,On or near JONES' TERRACE,W01000657,Carmarthenshire 010B,Unable to prosecute suspect
5906ddc5f349d3e66c9126cd70ab0cb3d1f02c1baa3ad4340f1ab0f724bd733b,2021-10,Dyfed-Powys Police,Dyfed-Powys Police,-4.703368,51.672201,On or near Police Station,W01000620,Pembrokeshire 016C,Suspect charged
d0c2a739b1442e710d9478748bc4790ee22969ff3b916d4bdd42ea7a3533e535,2021-10,Dyfed-Powys Police,Dyfed-Powys Police,-4.703368,51.672201,On or near Police Station,W01000620,Pembrokeshire 016C,Suspect charged
250b44140e5aad40ca2c1e1210e70fc6bfcfd88e79e5d11c53e32a1013bb2faf,2021-10,Dyfed-Powys Police,Dyfed-Powys Police,-3.539907,52.446191,On or near SMITHFIELD TERRACE,W01000467,Powys 010D,Unable to prosecute suspect
cd5008de8a90013fa32240a528da34c0018bd31f408d0d77dfbb461f683b5844,2021-10,Dyfed-Powys Police,Dyfed-Powys Police,-4.939611,51.686335,On or near BRITANNIA DRIVE,W01000604,Pembrokeshire 013E,Suspect charged
134335d27b16d38edb9a5a8373521a145a0aad3188d7f9d29ff201a09d285145,2021-10,Dyfed-Powys Police,Dyfed-Powys Police,-3.900501,51.801561,On or near JOLLY ROAD,W01000656,Carmarthenshire 010A,Offender given a caution
e788aaa9861c0bb0dfa25d54267f7c3cb5f341dfbfeda387053805ab21e16fa1,2021-10,Dyfed-Powys Police,Dyfed-Powys Police,-4.659440,52.084148,On or near WILLIAM STREET,W01000510,Ceredigion 009D,Formal action is not in the public interest
49ccee4940040a36589abb111c0e4e690071e568724bb940ee304e16bf957bbf,2021-10,Dyfed-Powys Police,Dyfed-Powys Police,-4.087817,52.407456,On or near PEN-YR-ANGOR,W01000518,Ceredigion 003C,Unable to prosecute suspect
49ccee4940040a36589abb111c0e4e690071e568724bb940ee304e16bf957bbf,2021-10,Dyfed-Powys Police,Dyfed-Powys Police,-4.087817,52.407456,On or near PEN-YR-ANGOR,W01000518,Ceredigion 003C,Unable to prosecute suspect
49ccee4940040a36589abb111c0e4e690071e568724bb940ee304e16bf957bbf,2021-10,Dyfed-Powys Police,Dyfed-Powys Police,-4.087817,52.407456,On or near PEN-YR-ANGOR,W01000518,Ceredigion 003C,Unable to prosecute suspect
49ccee4940040a36589abb111c0e4e690071e568724bb940ee304e16bf957bbf,2021-10,Dyfed-Powys Police,Dyfed-Powys Police,-4.087817,52.407456,On or near PEN-YR-ANGOR,W01000518,Ceredigion 003C,Unable to prosecute suspect
587b52a0d6cb71df7c7ffc8dffdb248ef1c4b8de5e57e610137b899f1232e545,2021-10,Dyfed-Powys Police,Dyfed-Powys Police,-4.973672,51.802074,On or near SPRING GARDENS LANE,W01000571,Pembrokeshire 006A,Unable to prosecute suspect
d3a707c504ff55c9973c1b74d6a0e4ed3223d8b2d0eaa2e549fc4e1f4d45637c,2021-10,Dyfed-Powys Police,Dyfed-Powys Police,-4.972619,51.801723,On or near MARINERS SQUARE,W01000568,Pembrokeshire 005A,Unable to prosecute suspect
6dfec732105434ffc2ff2ea89dae1e71be5a5866176d29c5c997ae990d4ac598,2021-10,Dyfed-Powys Police,Dyfed-Powys Police,-4.972619,51.801723,On or near MARINERS SQUARE,W01000568,Pembrokeshire 005A,Unable to prosecute suspect
54a52f1030ee3106c3980318c3b441d665d56e3ef09f646961d2764ae1bf0600,2021-10,Dyfed-Powys Police,Dyfed-Powys Police,-4.972619,51.801723,On or near MARINERS SQUARE,W01000568,Pembrokeshire 005A,Unable to prosecute suspect
f90b1ab9b20fffd6d8878263ce5ff0195f466f7769fc2bb7cd8fc625261301d0,2021-10,Dyfed-Powys Police,Dyfed-Powys Police,-4.972619,51.801723,On or near MARINERS SQUARE,W01000568,Pembrokeshire 005A,Unable to prosecute suspect
4dbb3d38c6b04964fdfb715d9925d61ccfc70ffffe27e90ce8f1380cd6b54e6c,2021-10,Dyfed-Powys Police,Dyfed-Powys Police,-3.390089,51.947372,On or near LION STREET,W01000492,Powys 017D,Formal action is not in the public interest
9a4ef714724dfc27ec32bd7c59351558f65d6b6c1a5736e67e47dc53a1ae43b6,2021-10,Dyfed-Powys Police,Dyfed-Powys Police,-4.933222,51.673688,On or near GWILLIAM COURT,W01000606,Pembrokeshire 015B,Investigation complete; no suspect identified
a7bed5dfbaa73421104dcaca29b8cde7ce249fd13f1a6589fd3d8e6b139f0568,2021-10,Dyfed-Powys Police,Dyfed-Powys Police,-3.380058,51.944325,On or near CAMDEN ROAD,W01000493,Powys 017E,Suspect charged
5d892e50d9258c43b53674af74adf6cc0def62b3024bd18eb3f07ad968b224e7,2021-10,Dyfed-Powys Police,Dyfed-Powys Police,-4.239349,51.685280,On or near LLYS MAIR,W01000633,Carmarthenshire 021B,Suspect charged
fc74ff39d46b37365722b899cd3818df81a312a20b095eb811242799803a2484,2021-10,Dyfed-Powys Police,Dyfed-Powys Police,-4.757036,51.710830,On or near GREEN MEADOW CLOSE,W01000563,Pembrokeshire 011B,Suspect charged
a7e59a3ee9ccf02cf652d66eeedb0c08b340d8e70220f15f9022c6557fbed341,2021-10,Dyfed-Powys Police,Dyfed-Powys Police,-4.933222,51.673688,On or near GWILLIAM COURT,W01000606,Pembrokeshire 015B,Unable to prosecute suspect
ad606e5752849410fccca8c7c06e260a1220724fdc0d060f54da8b6717eee228,2021-10,Dyfed-Powys Police,Dyfed-Powys Police,-3.306494,52.517104,On or near AFON WAY,W01000481,Powys 008B,Suspect charged
093e6e26cf8ace3f468c7898cf2038b753dbe3cbf88c4c3cfaa27e233363d07a,2021-10,Dyfed-Powys Police,Dyfed-Powys Police,-3.320203,52.511297,On or near PARKLANDS,W01000479,Powys 009B,Suspect charged
ffc0bbf5b1f7bde52c75c5297f1f4314d65521658b183562f1afe686f269ebb9,2021-10,Dyfed-Powys Police,Dyfed-Powys Police,-4.270145,51.688070,On or near DOL HELYG,W01000710,Carmarthenshire 021D,Unable to prosecute suspect
8c1ec669d056d3f9ee31f2a398ef02ba918a99bd1bf8c30be75a2a58501cd2fc,2021-10,Dyfed-Powys Police,Dyfed-Powys Police,-4.968258,51.802679,On or near Shopping Area,W01000568,Pembrokeshire 005A,Suspect charged
2588d201c3452eef44498a55e57e611b14b6c7f76266b1242c91b2d590cf1312,2021-10,Dyfed-Powys Police,Dyfed-Powys Police,-4.271003,52.225074,On or near CWRT Y BRENIN,W01000524,Ceredigion 005B,Investigation complete; no suspect identified
97921db898079f7f7a7217c751fdb86e6eb359030428e379c6a24e9823109835,2021-10,Dyfed-Powys Police,Dyfed-Powys Police,-4.661228,52.082795,On or near HIGH STREET,W01000511,Ceredigion 009E,Investigation complete; no suspect identified
4d75be805b54a359f5ea77d51c745da05be8793798dde4e29facc36d9184beaf,2021-10,Dyfed-Powys Police,Dyfed-Powys Police,-4.536229,52.037100,On or near B4332,W01000646,Carmarthenshire 003A,Action to be taken by another organisation
007e6dc324f558e6869f41bc1bf0a5264b463e7dd83e7f6d46940d67c1d9753e,2021-10,Dyfed-Powys Police,Dyfed-Powys Police,-4.837245,52.028567,On or near Parking Area,W01000613,Pembrokeshire 001E,Investigation complete; no suspect identified
efebac4bf5bfa5ff287b866d9a6c44c2da617b3b70604e46fa0e108c18db4751,2021-10,Dyfed-Powys Police,Dyfed-Powys Police,-3.976602,52.511438,On or near NORTH ROAD,W01000523,Ceredigion 001C,Suspect charged
73d0377dabf037280eb29a76d6bf1466823daa8e5e0921384c3e67b1afa03df4,2021-10,Dyfed-Powys Police,Dyfed-Powys Police,-4.270230,52.226006,On or near PARC FFOS,W01000524,Ceredigion 005B,Investigation complete; no suspect identified
bf9c4eaa1b64da631ad9cd1989b4c64320cf7b63c3d2266c5c1479e9fdbb709d,2021-10,Dyfed-Powys Police,Dyfed-Powys Police,-3.976602,52.511438,On or near NORTH ROAD,W01000523,Ceredigion 001C,Suspect charged
5e9e7ca3a1bec347d1ce4205aa3dae38d2c1645fb3143a3f1377b16b372cfbda,2021-10,Dyfed-Powys Police,Dyfed-Powys Police,-4.974726,51.799574,On or near BARN COURT,W01000568,Pembrokeshire 005A,Formal action is not in the public interest
b2e1613d6a6f2933723ca3185a705bd09dfbd064151ccdb00494e0484f650ce1,2021-10,Dyfed-Powys Police,Dyfed-Powys Police,-5.036220,51.729233,On or near THORNTON ROAD,W01000575,Pembrokeshire 008C,Unable to prosecute suspect
7684a2997416fe30e6c5c0facff5c1d8fe614e4221122bf39a70a08160a58f3c,2021-10,Dyfed-Powys Police,Dyfed-Powys Police,-5.036220,51.729233,On or near THORNTON ROAD,W01000575,Pembrokeshire 008C,Unable to prosecute suspect
37b844073af7ca440ebcbb87ac816a64eeacff5cceee6d0a6cd09f7a10748c91,2021-10,Dyfed-Powys Police,Dyfed-Powys Police,-4.936811,51.696272,On or near ARTHUR STREET,W01000602,Pembrokeshire 013C,Suspect charged
5b70a07bd2fe69e24a601fd8c860fa72ac1035af6f0072b887ade64b53a2104f,2021-10,Dyfed-Powys Police,Dyfed-Powys Police,-4.818533,51.694513,On or near FERNDALE,W01000557,Pembrokeshire 014A,Local resolution
21612f0f897d9d598ae0e5597e58886655206ea0f96f3c84b1da0beb9fd4eb0f,2021-10,Dyfed-Powys Police,Dyfed-Powys Police,-4.307919,52.042560,On or near LON CHANNING,W01000533,Ceredigion 010D,Formal action is not in the public interest
018dc6e815e0dfc7f12a6d26ed4ccaccd9115fc2fb91063a069a67ec08d71880,2021-10,Dyfed-Powys Police,Dyfed-Powys Police,-4.466864,52.042647,On or near PENTRE HEDYN,W01000531,Ceredigion 010C,Investigation complete; no suspect identified
b323ec78a39d5f7c9de41ac57d5d7508757bb74b1a59ea2c74354f02dae81031,2021-10,Dyfed-Powys Police,Dyfed-Powys Police,-4.660638,52.080479,On or near CASTLE STREET,W01000511,Ceredigion 009E,Unable to prosecute suspect
778c8539378adce45309ad3739e6a8bc3e22493c0558da96a9781e22fb6188a7,2021-10,Dyfed-Powys Police,Dyfed-Powys Police,-4.261203,51.686327,On or near HEOL PANTEG,W01000711,Carmarthenshire 021E,Formal action is not in the public interest
d85fae05efd5c2cfeb395d22238105067128c432be8c38b8c1619173863bf507,2021-10,Dyfed-Powys Police,Dyfed-Powys Police,-4.825138,51.697394,On or near Sports/Recreation Area,W01000557,Pembrokeshire 014A,Local resolution
2b81f8939249ef2c2302733d75778aeecfe724ecd3fe34e2d013e7fce732b022,2021-10,Dyfed-Powys Police,Dyfed-Powys Police,-4.985573,51.997594,On or near HEOL DYFED,W01000566,Pembrokeshire 002C,Formal action is not in the public interest
64833ec9ef1872334c58e9faedd0ef7f86b2623d7980dea12cd1002faef1b420,2021-10,Dyfed-Powys Police,Dyfed-Powys Police,-4.158811,52.070674,On or near A485,W01000702,Carmarthenshire 001D,Unable to prosecute suspect
64833ec9ef1872334c58e9faedd0ef7f86b2623d7980dea12cd1002faef1b420,2021-10,Dyfed-Powys Police,Dyfed-Powys Police,-4.158811,52.070674,On or near A485,W01000702,Carmarthenshire 001D,Unable to prosecute suspect
84ad1fe7178611c17551e308291c843e4726719dd3933c77c6ee7694061c7667,2021-10,Dyfed-Powys Police,Dyfed-Powys Police,-4.659372,52.078098,On or near GOLWG-Y-CASTELL,W01000511,Ceredigion 009E,Unable to prosecute suspect
641f915865902323e8dc8a4599c02be3476023e0d214491304d27eb53419f708,2021-10,Dyfed-Powys Police,Dyfed-Powys Police,-4.166246,51.679547,On or near ERW ROAD,W01000654,Carmarthenshire 023B,Unable to prosecute suspect
ea968092317e1385fd52063b234f31d71cd3502a41c5900794a1199e56fb300f,2021-10,Dyfed-Powys Police,Dyfed-Powys Police,-4.609560,52.054113,On or near GARNON'S MILL ROAD,W01000558,Pembrokeshire 001A,Further investigation is not in the public interest
620ed055dcda506926814526ae70cd42506b857b39d6ea9a4b65937699a63e1b,2021-10,Dyfed-Powys Police,Dyfed-Powys Police,-4.172131,51.685535,On or near CLOS CAER ELMS,W01000653,Carmarthenshire 023A,Investigation complete; no suspect identified
692627a37147017874c102b479820e415f32f62f378cb9bd858f9908fc8cf037,2021-10,Dyfed-Powys Police,Dyfed-Powys Police,-4.654382,52.088453,On or near Nightclub,W01000509,Ceredigion 009C,Unable to prosecute suspect
b01ee88e6cc54736580b9b6149e693745850ab446ba328d7d9b598b8b7766d7f,2021-10,Dyfed-Powys Police,Dyfed-Powys Police,-4.661337,52.081435,On or near BRIDGE STREET,W01000511,Ceredigion 009E,Suspect charged
3ce7f77651a1e7c7c27fa6be35b7fa7317919aec88cb508b0d3752af28742f8a,2021-10,Dyfed-Powys Police,Dyfed-Powys Police,-4.661337,52.081435,On or near BRIDGE STREET,W01000511,Ceredigion 009E,Suspect charged
07661f03be098f172488353a39944229215f3fe0bdf7e2f764135ca6bb95deac,2021-10,Dyfed-Powys Police,Dyfed-Powys Police,-4.968258,51.802679,On or near Shopping Area,W01000568,Pembrokeshire 005A,Formal action is not in the public interest
6a8cee41fcc7c8a32bec97dcc41024df4c6b17c4126354de8e914be169abf621,2021-10,Dyfed-Powys Police,Dyfed-Powys Police,-3.978487,51.785626,On or near FFORDD-Y-CYRNOL,W01000627,Carmarthenshire 013C,Unable to prosecute suspect
4cb65d883f872267f27dbc21e1ebd7f91a900df21d6f8c913687e88bab842b2b,2021-10,Dyfed-Powys Police,Dyfed-Powys Police,-3.046658,52.345679,On or near MILL GREEN,W01000449,Powys 011C,Investigation complete; no suspect identified
b970432444c66d23d13e32903fd3407246f34bedf299f6ebf254d3959c95f0b7,2021-10,Dyfed-Powys Police,Dyfed-Powys Police,-3.385626,52.599214,On or near TREGANOL,W01000488,Powys 006C,Investigation complete; no suspect identified
e35fe71543a67d1d24f95b5dfca91b377712640342d474e41aa1912d2a10e92b,2021-10,Dyfed-Powys Police,Dyfed-Powys Police,-3.388431,51.944578,On or near CANAL SIDE,W01000492,Powys 017D,Investigation complete; no suspect identified
c8ffcf7e7c10c2fc5ea36a187e71e4bcce96a84b3b15aa2744b5b6a49660a6df,2021-10,Dyfed-Powys Police,Dyfed-Powys Police,-4.161908,51.682307,On or near FREDERICK STREET,W01000654,Carmarthenshire 023B,Unable to prosecute suspect
1006dcbd2e434ed8d2bd6eb79cfe9fd085cf0a978790de48dfafde75cd97b4a9,2021-10,Dyfed-Powys Police,Dyfed-Powys Police,-4.658385,52.083102,On or near Petrol Station,W01000511,Ceredigion 009E,Unable to prosecute suspect
6ce4d921ac19c50b2729f634c1b6ca6069de529cd7978dc9bac02a16b3c8a886,2021-10,Dyfed-Powys Police,Dyfed-Powys Police,-3.933401,52.041238,On or near CHURCH STREET,W01000650,Carmarthenshire 002B,Unable to prosecute suspect
7ed29822ae9476e9d1d6ba2f5f15d1b3a44d4e4d089c8c040090101b8f0d101a,2021-10,Dyfed-Powys Police,Dyfed-Powys Police,-3.311315,52.351704,On or near GLAN DORDDU,W01000427,Powys 011A,Unable to prosecute suspect
730950aeebeec4c6cecd33ae849294697ef5a3f06f5b293cb4514f817c33c445,2021-10,Dyfed-Powys Police,Dyfed-Powys Police,-4.986229,51.801540,On or near GERALD ROAD,W01000570,Pembrokeshire 005C,Unable to prosecute suspect
d191ea6fb37be99578456f7dbd19d644cdb7b105599ce20173e78e303138da0f,2021-10,Dyfed-Powys Police,Dyfed-Powys Police,-4.988862,51.802957,On or near PEREGRINE CLOSE,W01000570,Pembrokeshire 005C,Unable to prosecute suspect
6e4599bdbf93e3818c6e6d097b1c7944c31ba66ca6dd4fa3afb5be49f4bb884c,2021-10,Dyfed-Powys Police,Dyfed-Powys Police,-4.972937,51.789367,On or near ST ISSELL'S AVENUE,W01000586,Pembrokeshire 006C,Unable to prosecute suspect
99e20320b535b8a15d7ed3637ce3f78b064b25b9131ddc87cfdbf6fb4fa9a36d,2021-10,Dyfed-Powys Police,Dyfed-Powys Police,-4.972937,51.789367,On or near ST ISSELL'S AVENUE,W01000586,Pembrokeshire 006C,Unable to prosecute suspect
437bd11da65785413d798628cf94f78dc51bd9a806aa7b31fce06cf89cd2a476,2021-10,Dyfed-Powys Police,Dyfed-Powys Police,-3.798357,51.998949,On or near HEOL CILYCWM,W01000678,Carmarthenshire 002C,Unable to prosecute suspect
6c004b51e6b44b3718700195ddfceac23738dc9862b52e7cd2dcebbd6714fa8d,2021-10,Dyfed-Powys Police,Dyfed-Powys Police,-3.993040,51.875572,On or near TERAS Y RHEILFFORDD,W01000677,Carmarthenshire 004B,Unable to prosecute suspect
8e9b246c6144a2a5cafed0ae234e358dae7587625382133f588cb1a2ceda5863,2021-10,Dyfed-Powys Police,Dyfed-Powys Police,-3.493611,52.362064,On or near B4518,W01000477,Powys 012D,Unable to prosecute suspect
350ea5ff5898c0cd0828b0983297ffb21044fa76d5dae8f53b48bb290aae3073,2021-10,Dyfed-Powys Police,Dyfed-Powys Police,-3.511277,52.300045,On or near WEST STREET,W01000487,Powys 012E,Investigation complete; no suspect identified
718ebe3761f5ca6636fd8250b47dd7b5b3885ab0e9fb2ab1d3d49856379a8694,2021-10,Dyfed-Powys Police,Dyfed-Powys Police,-4.633199,52.099594,On or near CAEMORGAN ROAD,W01000509,Ceredigion 009C,Investigation complete; no suspect identified
08a1645c11661612f5b404c4a706e128c7b348c6e655a6db55f951d6659f0dc1,2021-10,Dyfed-Powys Police,Dyfed-Powys Police,-4.647411,51.970658,On or near Theatre/Concert Hall,W01000561,Pembrokeshire 001D,Investigation complete; no suspect identified
6226ce7e9abcee221deed4e638e92a9c4198dff7b9ff764b4b613ed690545994,2021-10,Dyfed-Powys Police,Dyfed-Powys Police,-4.936241,51.695288,On or near LONDON ROAD,W01000602,Pembrokeshire 013C,Investigation complete; no suspect identified
6ef08e5f6b1a2ed4fea18ba66e7a9b071c6d6244b3d0d70c1a0f4948785cc28f,2021-10,Dyfed-Powys Police,Dyfed-Powys Police,-4.711185,51.673514,On or near Sports/Recreation Area,W01000621,Pembrokeshire 016D,Formal action is not in the public interest
3734b5ccd8249d2eadb11b7aae117921f3eadea31d0446c37ad21781d3711aaa,2021-10,Dyfed-Powys Police,Dyfed-Powys Police,-5.036220,51.729233,On or near THORNTON ROAD,W01000575,Pembrokeshire 008C,Unable to prosecute suspect
6c5d57bcd2c9f747da9bbe53b4972e4775e1630615371558021fbd4415ab2c88,2021-10,Dyfed-Powys Police,Dyfed-Powys Police,-4.310036,51.857785,On or near MORLEY STREET,W01000641,Carmarthenshire 008A,Formal action is not in the public interest
a7954dfa2d7a963497ed12b14771cd1143086fc2351a4bcdf193a9441621a571,2021-10,Dyfed-Powys Police,Dyfed-Powys Police,-4.303943,51.856781,On or near SPILMAN STREET,W01000641,Carmarthenshire 008A,Unable to prosecute suspect
e10acc3339027fab9467a75707f937609fe597888c16508349c96da3f6a32266,2021-10,Dyfed-Powys Police,Dyfed-Powys Police,-4.315803,51.864308,On or near CORONATION ROAD,W01000637,Carmarthenshire 007A,Unable to prosecute suspect
f15c0be7bf8bda5eb8f44e3ec6aefa0840a72dc857c19dc8c2a875f5d87c9656,2021-10,Dyfed-Powys Police,Dyfed-Powys Police,-4.087476,52.415186,On or near Conference/Exhibition Centre,W01000517,Ceredigion 002D,Unable to prosecute suspect
a47045968a131c881cc02ad902bf2815a3d5a44039cbf398d506d7ca687d6db0,2021-10,Dyfed-Powys Police,Dyfed-Powys Police,-4.973149,51.799192,On or near DEW STREET,W01000568,Pembrokeshire 005A,Suspect charged
e7fbb8c6dfdbe8f708cf2a2b371b4a6488e289634964580027a502a6715490a8,2021-10,Dyfed-Powys Police,Dyfed-Powys Police,-4.980028,51.992203,On or near LOTA PARK ROAD,W01000566,Pembrokeshire 002C,Unable to prosecute suspect
8cbe9c48e274a80075afbb446a6484602c50292343834a264b2e0063f68ff8e1,2021-10,Dyfed-Powys Police,Dyfed-Powys Police,-4.967888,51.801690,On or near Nightclub,W01000568,Pembrokeshire 005A,Investigation complete; no suspect identified
d9a3cfdffa36de871d80e37293551756666c714c5f7e2b1245b44ee5cdbac01a,2021-10,Dyfed-Powys Police,Dyfed-Powys Police,-4.556990,51.743524,On or near Parking Area,W01000672,Carmarthenshire 027E,Unable to prosecute suspect
7439d8a1f5c98b6b6b2340ff927fd6d9af1600b281231e5f73f9d2ae58607d37,2021-10,Dyfed-Powys Police,Dyfed-Powys Police,-3.403147,52.149107,On or near STRAND STREET,W01000431,Powys 014A,Formal action is not in the public interest
5628b6075c553f13b1d5713cd06b496a4e1fa15d8af2eb4a158cc670048d9d61,2021-10,Dyfed-Powys Police,Dyfed-Powys Police,-3.403147,52.149107,On or near STRAND STREET,W01000431,Powys 014A,Formal action is not in the public interest
be0e32f36ba1dc4436e6ef372f16cc712f36e7fd44a976807e0c206417b5e972,2021-10,Dyfed-Powys Police,Dyfed-Powys Police,-4.981354,51.792301,On or near Further/Higher Educational Building,W01000573,Pembrokeshire 006B,Unable to prosecute suspect
676af35469d90ea45dd6d63badc06742d5d7c794f81be5df8403f97a8f69be75,2021-10,Dyfed-Powys Police,Dyfed-Powys Police,-3.988724,51.793213,On or near STRYD FAWR,W01000626,Carmarthenshire 013B,Formal action is not in the public interest
3c7128a2fbd44d0a5562e85e441f1af4f3a8e3f1fb4a13d026195698bcf449e3,2021-10,Dyfed-Powys Police,Dyfed-Powys Police,-5.033550,51.715757,On or near ALBION STREET,W01000587,Pembrokeshire 010A,Investigation complete; no suspect identified
2ae1b3b67e782ec445bc851f3229c4d7ebec7bdfe55af56448d27367fc8aa766,2021-10,Dyfed-Powys Police,Dyfed-Powys Police,-4.940972,51.694378,On or near GORDON STREET,W01000600,Pembrokeshire 013A,Suspect charged
bd2d45b7dff2b63779cffaa8e8a50a799d04c8608b81d7f1db117ce0b9b5f062,2021-10,Dyfed-Powys Police,Dyfed-Powys Police,-3.337373,52.507050,On or near HEOL-Y-NANT,W01000478,Powys 009A,Formal action is not in the public interest
31a141edd828f3d4ee1729469842ba58f0e7d27aeef7fc25af248ea9fa7cc000,2021-10,Dyfed-Powys Police,Dyfed-Powys Police,-3.332341,52.508743,On or near LON GWERN,W01000478,Powys 009A,Formal action is not in the public interest
99280bcf891b3d04d96c6dc7e5925458c7dbfead76439e7f673a1b1b55cb8e2e,2021-10,Dyfed-Powys Police,Dyfed-Powys Police,-3.200870,52.598615,On or near CHURCH TERRACE,W01000428,Powys 005A,Formal action is not in the public interest
107415099bc94f83ef87c5aac228c290dbe891e082e5614ed7e96a7c24a96c62,2021-10,Dyfed-Powys Police,Dyfed-Powys Police,-3.320203,52.511297,On or near PARKLANDS,W01000479,Powys 009B,Suspect charged
baf992a9bd70e8eb4746167314926764f73f115c3b7e7f6862698ffe059bef31,2021-10,Dyfed-Powys Police,Dyfed-Powys Police,-3.311619,52.514000,On or near Parking Area,W01000480,Powys 008A,Investigation complete; no suspect identified
e9e7d67697778228889b4aca74a30266b9a65490f70ed149c2230ae5938b1c16,2021-10,Dyfed-Powys Police,Dyfed-Powys Police,-3.332341,52.508743,On or near LON GWERN,W01000478,Powys 009A,Formal action is not in the public interest
ce3c1ff021b242b0e2812fe083c43c69b0a4643d83cb24e2257adf05df1fb61a,2021-10,Dyfed-Powys Police,Dyfed-Powys Police,-4.071204,52.402452,On or near RHYD-Y-BONT,W01000515,Ceredigion 003A,Suspect charged
832195dc194527535a1c28eacb6e695c7c9d50759d0bc33043433da928d5d681,2021-10,Dyfed-Powys Police,Dyfed-Powys Police,-3.046658,52.345679,On or near MILL GREEN,W01000449,Powys 011C,Unable to prosecute suspect
bf497d90ab456780d6b795978f077ff570e3cce28bd5d8f0d83971204e4d36af,2021-10,Dyfed-Powys Police,Dyfed-Powys Police,-3.378696,52.248432,On or near TROED Y RHIW,W01000455,Powys 013B,Local resolution
827ad967842e8782381c958cd165da5aa8f03292a14c8d1e65be71f79505a6a5,2021-10,Dyfed-Powys Police,Dyfed-Powys Police,-3.506173,52.302196,On or near EAST STREET,W01000487,Powys 012E,Investigation complete; no suspect identified
75ca5010d16c409d21ee517dbdf98f463cbc6cd1b2df4a70e201d6756cc46cb5,2021-10,Dyfed-Powys Police,Dyfed-Powys Police,-3.046658,52.345679,On or near MILL GREEN,W01000449,Powys 011C,Unable to prosecute suspect
5fae4a4e4543ef34b481a220fbad2d78a3385c6bf64127bd37e398b1f75da033,2021-10,Dyfed-Powys Police,Dyfed-Powys Police,-4.076902,52.409833,On or near BOULEVARD ST BRIEUC,W01000518,Ceredigion 003C,Formal action is not in the public interest
d13bb163fba91ceee38b7ab0a6795389913fb0726e9039f7fa505fbc8460fefc,2021-10,Dyfed-Powys Police,Dyfed-Powys Police,-4.084484,52.417217,On or near MARINE TERRACE,W01001934,Ceredigion 002F,Suspect charged
f34e7f7db69ab5f2761b52c952b7a43665dbe64884a77d58cf25a7314092b454,2021-10,Dyfed-Powys Police,Dyfed-Powys Police,-4.088032,52.412631,On or near CUSTOM HOUSE STREET,W01000517,Ceredigion 002D,Investigation complete; no suspect identified
c0b5184c5e44c3be923263aa62d73b01e058082d5e6eb37f2b6474c33e61b4c7,2021-10,Dyfed-Powys Police,Dyfed-Powys Police,-3.141505,52.657216,On or near SEVERN ROAD,W01000499,Powys 003B,Suspect charged
e7bba5bfc2940874d6b5e15f317d7ab0bb378587eb172e8923c9ef2f2965bfec,2021-10,Dyfed-Powys Police,Dyfed-Powys Police,-4.129757,51.695403,On or near CLOS Y DERI,W01000651,Carmarthenshire 020A,Further investigation is not in the public interest
4c958a7421b8ff3a28e236b0aa5e21093b49a613558fd6770b030a861c27e833,2021-10,Dyfed-Powys Police,Dyfed-Powys Police,-4.924481,51.693144,On or near LONDON ROAD,W01000601,Pembrokeshire 013B,Suspect charged
ae0b385b0dd8e123743dcc17ccebd5cddc221161f1d3cee7612b26ce5510f2f6,2021-10,Dyfed-Powys Police,Dyfed-Powys Police,-5.037851,51.715987,On or near PRIORY LODGE DRIVE,W01000594,Pembrokeshire 012E,Investigation complete; no suspect identified
393f07ffd937b329759d1ee37822a0170a47e198172c131fbb1cab34bbb86bc1,2021-10,Dyfed-Powys Police,Dyfed-Powys Police,-5.037851,51.715987,On or near PRIORY LODGE DRIVE,W01000594,Pembrokeshire 012E,Investigation complete; no suspect identified
f13e40fc2bf27f3d09210b3ad21f5f8c3401dd6df65cd525b8f34ebda009b9a4,2021-10,Dyfed-Powys Police,Dyfed-Powys Police,-4.657686,52.115034,On or near CLOS Y GWYDDIL,W01000547,Ceredigion 009G,Investigation complete; no suspect identified
f9e401dcc5174b3d1820cbd81b090c6a1eebde4a698708edde7345db77223d3c,2021-10,Dyfed-Powys Police,Dyfed-Powys Police,-3.391093,51.949725,On or near STRUET,W01000492,Powys 017D,Unable to prosecute suspect
9709e6151f8275a585690561d2b57377f892d8cd7e97b1577149310f5abfdd1b,2021-10,Dyfed-Powys Police,Dyfed-Powys Police,-3.408183,51.945305,On or near ASHFIELD PLACE,W01000489,Powys 017A,Investigation complete; no suspect identified
891178aac1bb28e1bc118a344103fdb06c580dff5f16bbe4531c647250913cfe,2021-10,Dyfed-Powys Police,Dyfed-Powys Police,-3.895038,52.431358,On or near Park/Open Space,W01000549,Ceredigion 001E,Investigation complete; no suspect identified
f01ef40e5b837c725d4066ebf98a6dd1de3b8ce0e6aa22ea21312443ae52f5cc,2021-10,Dyfed-Powys Police,Dyfed-Powys Police,-4.158912,51.681975,On or near Shopping Area,W01000654,Carmarthenshire 023B,Local resolution
976a4197895008b7dcaddb1d1d4aab7cf701c178b284855f03373cacd3c53f4f,2021-10,Dyfed-Powys Police,Dyfed-Powys Police,-4.071890,51.703947,On or near Pedestrian Subway,W01000665,Carmarthenshire 017A,Unable to prosecute suspect
6db088bc8645d187501907ab0fcad7aa7b53171f36cadb2c0975854423a46033,2021-10,Dyfed-Powys Police,Dyfed-Powys Police,-3.376376,52.243991,On or near QUARRY LANE,W01000455,Powys 013B,Unable to prosecute suspect
1236b4df273300cb3c749c7923530037571ef6c795823f24e86486cb24c92015,2021-10,Dyfed-Powys Police,Dyfed-Powys Police,-4.108576,52.347329,On or near A487,W01000534,Ceredigion 011B,Formal action is not in the public interest
67f14d2a7f6906d09df93d78b2686408a40ca2fa362dea4f1392a515fdc30aee,2021-10,Dyfed-Powys Police,Dyfed-Powys Police,-4.108576,52.347329,On or near A487,W01000534,Ceredigion 011B,Formal action is not in the public interest
e9933866c7c07bb9a368a8387419832830fad3e784035f71533424914c40d8f1,2021-10,Dyfed-Powys Police,Dyfed-Powys Police,-4.140441,51.684166,On or near Petrol Station,W01000628,Carmarthenshire 024A,Suspect charged
e9933866c7c07bb9a368a8387419832830fad3e784035f71533424914c40d8f1,2021-10,Dyfed-Powys Police,Dyfed-Powys Police,-4.140441,51.684166,On or near Petrol Station,W01000628,Carmarthenshire 024A,Suspect charged
2ece919c0936f3708e325dc37fcbc70c6a6f0172a481718df05f0d2d9dd60216,2021-10,Dyfed-Powys Police,Dyfed-Powys Police,-4.053059,52.517806,On or near RENFREW DRIVE,W01001937,Ceredigion 001F,Investigation complete; no suspect identified
023d529bc47657b82c98ae051dd3a4467f0b157765a73192f5a4a3bd543f5470,2021-10,Dyfed-Powys Police,Dyfed-Powys Police,-4.988862,51.802957,On or near PEREGRINE CLOSE,W01000570,Pembrokeshire 005C,Formal action is not in the public interest
3424845a72db756f423d5de57340eafbe83fb522fecdbc1f9f28a2178c2d6ee4,2021-10,Dyfed-Powys Police,Dyfed-Powys Police,-4.971081,51.800611,On or near MARKET STREET,W01000568,Pembrokeshire 005A,Investigation complete; no suspect identified
c819cd44381dcb808a631d0b1988d32e6adfc1df1660b07fa793650bf2bc52e7,2021-10,Dyfed-Powys Police,Dyfed-Powys Police,-4.562521,51.937411,On or near Park/Open Space,W01000728,Carmarthenshire 003D,Investigation complete; no suspect identified
02055d76539bf46e827523f4d621ec656b748712d6d70b064b77ae8d3e10c34a,2021-10,Dyfed-Powys Police,Dyfed-Powys Police,-4.562521,51.937411,On or near Park/Open Space,W01000728,Carmarthenshire 003D,Investigation complete; no suspect identified
edfbdb959889348b167a371a9762800a4c838d70e737043c71c34733febc702a,2021-10,Dyfed-Powys Police,Dyfed-Powys Police,-5.100387,51.820807,On or near WEST LANE,W01000556,Pembrokeshire 008B,Unable to prosecute suspect
24de8d63f0a073f3e42ed416506a8c5ce5f5446268cc60fcd6be0a83ca1eab88,2021-10,Dyfed-Powys Police,Dyfed-Powys Police,-4.963278,51.808147,On or near BACK LANE,W01000572,Pembrokeshire 005D,Formal action is not in the public interest
856afe5300352308dc0ab22f1826f0b99fd916d597dea7a415beaf102303499c,2021-10,Dyfed-Powys Police,Dyfed-Powys Police,-4.659372,52.078098,On or near GOLWG-Y-CASTELL,W01000511,Ceredigion 009E,Action to be taken by another organisation
53adad87bb5a2396d29c0f69993a2692c584de3c9c45cd67647c09b525b5f3e5,2021-10,Dyfed-Powys Police,Dyfed-Powys Police,-4.981354,51.792301,On or near Further/Higher Educational Building,W01000573,Pembrokeshire 006B,Unable to prosecute suspect
f75961cb953f93ba9c002c4999918efbb74067504377bcd98ddcffb55e54c517,2021-10,Dyfed-Powys Police,Dyfed-Powys Police,-3.061618,52.548845,On or near GREEN LANE,W01000434,Powys 007A,Unable to prosecute suspect
14e941d94bfed756c653901753577feb16a63e1d61fb48d5eb997b6347282aac,2021-10,Dyfed-Powys Police,Dyfed-Powys Police,-3.332765,52.577254,On or near CAE MELYN,W01000488,Powys 006C,Investigation complete; no suspect identified
6751483b6c940d10826b7a080c64391fd539182b4c315a35d3d494d1ae476774,2021-10,Dyfed-Powys Police,Dyfed-Powys Police,-3.994219,51.983871,On or near Park/Open Space,W01000709,Carmarthenshire 004D,Formal action is not in the public interest
2d90d6a4712f46ee79fe98aa59e2e7e72b2e403fa23d22ac3cad2310307775ef,2021-10,Dyfed-Powys Police,Dyfed-Powys Police,-4.315008,51.858740,On or near GLANNANT ROAD,W01000645,Carmarthenshire 006C,Unable to prosecute suspect
5ed3bb9122a0267ae21cc7d432f4be9810bb9f9d11c90ff1a9e8c057a46838e7,2021-10,Dyfed-Powys Police,Dyfed-Powys Police,-3.381141,52.234692,On or near PARK LANE,W01000456,Powys 013C,Unable to prosecute suspect
91e5789fd2516d72021118b33a52cd4c81278ce0f8232463b64cf39bdc7c367e,2021-10,Dyfed-Powys Police,Dyfed-Powys Police,-3.506453,52.304836,On or near HEOL-Y-BRENIN,W01000487,Powys 012E,Unable to prosecute suspect
13718b246a067e244e002a6be3393176db81fca5602dffc05d1a6caba48893e7,2021-10,Dyfed-Powys Police,Dyfed-Powys Police,-3.326280,52.511517,On or near LON EITHIN,W01000479,Powys 009B,Unable to prosecute suspect
246d176f1481bac2e54ddb7e057f2416765ca16d7923468f85674e5b99c90b20,2021-10,Dyfed-Powys Police,Dyfed-Powys Police,-3.438525,52.721976,On or near Parking Area,W01000452,Powys 004B,Action to be taken by another organisation
a29c64b019081bb32350f5351c57d31c681ef39d1fde25a193d6f0b42e047d21,2021-10,Dyfed-Powys Police,Dyfed-Powys Police,-4.134691,52.257895,On or near Petrol Station,W01000539,Ceredigion 005D,Investigation complete; no suspect identified
bd8d14139b11701f705da361e5ab53abcb96d3d2cec0aa1beca6ce19b7ca4eb9,2021-10,Dyfed-Powys Police,Dyfed-Powys Police,-5.030194,51.718191,On or near Sports/Recreation Area,W01000594,Pembrokeshire 012E,Investigation complete; no suspect identified
ca544625b002d00b4da9b18e4e3950dc12f6accdab6a8040557e83f52ee079b2,2021-10,Dyfed-Powys Police,Dyfed-Powys Police,-4.315803,51.864308,On or near CORONATION ROAD,W01000637,Carmarthenshire 007A,Unable to prosecute suspect
b12c18373773001aedaea142e7ed97f4fb675c379a33717d4dca171ef964bdc6,2021-10,Dyfed-Powys Police,Dyfed-Powys Police,-4.987013,51.803310,On or near SANDERLING CLOSE,W01000570,Pembrokeshire 005C,Unable to prosecute suspect
054c1c3db258f0b2fff625cf7413dd174b786b2b92db3f578c8044c3b0473953,2021-10,Dyfed-Powys Police,Dyfed-Powys Police,-3.993292,51.795177,On or near TALBOT ROAD,W01000626,Carmarthenshire 013B,Suspect charged
0ba40cf73f3b79b6c255dd26224fb716bb33516db084379f1b830d89fdafbe0e,2021-10,Dyfed-Powys Police,Dyfed-Powys Police,-4.914853,51.672140,On or near VETCH CLOSE,W01000608,Pembrokeshire 015D,Unable to prosecute suspect
1cbbc2cde7fba5e95cdf91d57c210d0d1f7ebbff764714db27fd0bffd1148a0b,2021-10,Dyfed-Powys Police,Dyfed-Powys Police,-4.061485,52.400833,On or near GWEL AFON,W01000516,Ceredigion 003B,Unable to prosecute suspect
0e45b2827a9ab66b59d8a7b1deb0e65a447c5fbb71b619811de47d6816d744b4,2021-10,Dyfed-Powys Police,Dyfed-Powys Police,-4.166857,51.678106,On or near QUEEN VICTORIA ROAD,W01000732,Carmarthenshire 026D,Suspect charged
d7cfc0ae6e38de1c43495162932e671f7ccee9a1f1ed77b5f205f19a954e3865,2021-10,Dyfed-Powys Police,Dyfed-Powys Police,-4.083621,52.413563,On or near Petrol Station,W01000513,Ceredigion 002B,Investigation complete; no suspect identified
960b31a75f2c18453dd66952b7fb1394b6984e47643e5c38161e53977a1dcda9,2021-10,Dyfed-Powys Police,Dyfed-Powys Police,-4.240160,51.725129,On or near Park/Open Space,W01000730,Carmarthenshire 018D,Formal action is not in the public interest
4afb8eb431af2b3bb130b1c6fa1dd1d9cd103228212b75cbb70e2be7c4be7880,2021-10,Dyfed-Powys Police,Dyfed-Powys Police,-3.757556,51.777808,On or near Petrol Station,W01000505,Powys 021E,Suspect charged
d4edb12a8445434e4ff4fbb33bc219ad41281c7823444b1eab12b62abb7d6131,2021-10,Dyfed-Powys Police,Dyfed-Powys Police,-3.928725,51.806973,On or near TABERNACLE ROAD,W01000657,Carmarthenshire 010B,Suspect charged
76b9e63a3911cfdb25504779e2864f718336a2388f3ef8d6d9ecc1e92bd4a610,2021-10,Dyfed-Powys Police,Dyfed-Powys Police,-3.506453,52.304836,On or near HEOL-Y-BRENIN,W01000487,Powys 012E,Unable to prosecute suspect
21260016cf441ed76f8d94495adbaaa9f11fe3ad0b52a86558ecbfb00df5eef1,2021-10,Dyfed-Powys Police,Dyfed-Powys Police,-3.506453,52.304836,On or near HEOL-Y-BRENIN,W01000487,Powys 012E,Unable to prosecute suspect
195834283ea183c820ccc80830d7a6b583b0daa031371f2239e96ce6a5cb706b,2021-10,Dyfed-Powys Police,Dyfed-Powys Police,-4.168463,51.674776,On or near BRYN PLACE,W01000660,Carmarthenshire 026B,Unable to prosecute suspect
b3336e8ae0579e072b277467153faab1ba0bcfd39ca1e7143efd923a330b4439,2021-10,Dyfed-Powys Police,Dyfed-Powys Police,-4.995460,51.864343,On or near Park/Open Space,W01000555,Pembrokeshire 008A,Unable to prosecute suspect
afdedfc389dd61e00068dc8075769a771fb1b651c91641669fb5eec6c4266595,2021-10,Dyfed-Powys Police,Dyfed-Powys Police,-4.193662,51.687401,On or near WAUNEOS ROAD,W01001925,Carmarthenshire 023F,Investigation complete; no suspect identified
ae152febc11a717b0f2e64505b98da1a857567839d2fe34bdf17155bb71c1305,2021-10,Dyfed-Powys Police,Dyfed-Powys Police,-4.939163,51.691473,On or near GWYTHER STREET,W01000603,Pembrokeshire 013D,Unable to prosecute suspect
0ce24e04e1c25c9798fa277d754e11908b95aecf52baa2797c4522784c248ad5,2021-10,Dyfed-Powys Police,Dyfed-Powys Police,-4.980028,51.992203,On or near LOTA PARK ROAD,W01000566,Pembrokeshire 002C,Investigation complete; no suspect identified
3c748ef42dd1cd11b67c0f4c64d69516aeca7a6e0b2f666e3296beff7ae52576,2021-10,Dyfed-Powys Police,Dyfed-Powys Police,-4.497659,51.819218,On or near AVON BANK,W01000720,Carmarthenshire 027B,Unable to prosecute suspect
0c193b11a6c907ba40e880ad035c3aaa07add3677b9780a807280c696baec0c5,2021-10,Dyfed-Powys Police,Dyfed-Powys Police,-3.153504,52.692368,On or near OLDCASTLE AVENUE,W01000444,Powys 002A,Unable to prosecute suspect
38c49f5809b1ff0843001b02127348d4e81131f2ec256210201f273d3acbbf03,2021-10,Dyfed-Powys Police,Dyfed-Powys Police,-4.077337,52.415023,On or near MIN Y BRYN,W01000512,Ceredigion 002A,Unable to prosecute suspect
e7c3d5eaa73a688b91ca4fb3e6d75b3361bd8ef634c837905b6994619faa5279,2021-10,Dyfed-Powys Police,Dyfed-Powys Police,-4.994349,51.759691,On or near VICTORIA GARDENS,W01000575,Pembrokeshire 008C,Suspect charged
e242466bb14caae18e3a1381a1670fea91f893a719bc63aea4ba6c409e0c1eff,2021-10,Dyfed-Powys Police,Dyfed-Powys Police,-4.167640,51.678739,On or near BRYNMOR ROAD,W01000654,Carmarthenshire 023B,Investigation complete; no suspect identified
5e38c8665847b6d5481e45138e3071b1919ffa38b4352d8993d7b14c8326a288,2021-10,Dyfed-Powys Police,Dyfed-Powys Police,-3.342681,52.508617,On or near MINAFON,W01000478,Powys 009A,Unable to prosecute suspect
b21af39f9b1c72fa2b103526770517bbb4422c2feb3a9efbed14da372218e339,2021-10,Dyfed-Powys Police,Dyfed-Powys Police,-4.271003,52.225074,On or near CWRT Y BRENIN,W01000524,Ceredigion 005B,Investigation complete; no suspect identified
ea456cda4399cad694384a2a1d63a13eafc0ca8149af8aa9a8954146d9c5234a,2021-10,Dyfed-Powys Police,Dyfed-Powys Police,-3.995069,51.884314,On or near LON CAEFFYNNON,W01000677,Carmarthenshire 004B,Action to be taken by another organisation
abccf72e3a53dbec7ddd3a652b12b54312d1cc979e91fed97eb40e64231fc650,2021-10,Dyfed-Powys Police,Dyfed-Powys Police,-5.003250,52.004393,On or near Sports/Recreation Area,W01000567,Pembrokeshire 002D,Investigation complete; no suspect identified
aeaf9978f498961e63be5328c82c8727e55c11d22639cc8bc01c03f0150ef038,2021-10,Dyfed-Powys Police,Dyfed-Powys Police,-3.988841,51.789291,On or near CARREGAMMAN ISAF,W01000625,Carmarthenshire 013A,Investigation complete; no suspect identified
13036c9e21f47dd2e63b2b99aaf23868dd74130d770264b703841846d9ba8e51,2021-10,Dyfed-Powys Police,Dyfed-Powys Police,-3.235535,52.547086,On or near DOL Y FELIN,W01000439,Powys 007B,Investigation complete; no suspect identified
8018c6467a7fe9e020f513fbfe5098633d4a80ef1c78d6b5f2d886b2c0aa88aa,2021-10,Dyfed-Powys Police,Dyfed-Powys Police,-4.159457,51.679133,On or near LLYS ARTHUR,W01000733,Carmarthenshire 026E,Investigation complete; no suspect identified
e3f3037c9b34f844468a88b025f9300cc2cf2bc939e81c896ee6c993cf62cf0c,2021-10,Dyfed-Powys Police,Dyfed-Powys Police,-4.701274,51.671521,On or near TRAFALGAR ROAD,W01000620,Pembrokeshire 016C,Investigation complete; no suspect identified
834f4194cce412badc2e3e9c9c9c4b1d049587719ae5cd126b0e2b5bb7fc2e2e,2021-10,Dyfed-Powys Police,Dyfed-Powys Police,-3.000485,52.272006,On or near LUGG VIEW,W01000486,Powys 011G,Formal action is not in the public interest
411baf58a6ddd0dc5966d3df64da99b72ad4dd5b9472f89fec2f7001569ad92e,2021-10,Dyfed-Powys Police,Dyfed-Powys Police,-3.319023,52.518638,On or near CRESCENT GARDENS,W01000482,Powys 008C,Formal action is not in the public interest
4b757f8f148c2465b388b1ed1332a2d0cd389950877779d2baf636d11994d916,2021-10,Dyfed-Powys Police,Dyfed-Powys Police,-3.020727,52.296961,On or near SCHOOL LANE,W01000485,Powys 011F,Investigation complete; no suspect identified
02c095fc322854c8275f06c563795236f69ed965af835d5af2c71a24eab3f357,2021-10,Dyfed-Powys Police,Dyfed-Powys Police,-4.927903,51.684955,On or near Sports/Recreation Area,W01000607,Pembrokeshire 015C,Investigation complete; no suspect identified
ed44d34850b7b1fbe384c785b20547ff114f565d4ae094fd798773b52aec7f7e,2021-10,Dyfed-Powys Police,Dyfed-Powys Police,-3.363431,52.241201,On or near CEFN MORFA,W01000456,Powys 013C,Unable to prosecute suspect
0e17c16d785557a60c6fd4add5baf8973bc9bf6e670177d1ba73838e806de697,2021-10,Dyfed-Powys Police,Dyfed-Powys Police,-4.617836,52.100071,On or near FFORDD-Y-BLODAU,W01000547,Ceredigion 009G,Unable to prosecute suspect
4ff59a21e7c930d580a0038523c08e03cb410b87347c698ba8824cc14bea593d,2021-10,Dyfed-Powys Police,Dyfed-Powys Police,-3.331834,52.510007,On or near LON DERW,W01000479,Powys 009B,Investigation complete; no suspect identified
a90c5917602ef987f4390acd71b65382b00c7bf84314d303bad7b01f56a808db,2021-10,Dyfed-Powys Police,Dyfed-Powys Police,-4.182599,51.685090,On or near SANDY ROAD,W01001925,Carmarthenshire 023F,Unable to prosecute suspect
59372d9c87a031f0920ea81bfe7d0ee9f83ad306a8727ef3f3c763c31526f38f,2021-10,Dyfed-Powys Police,Dyfed-Powys Police,-3.396884,51.947382,On or near SILVER STREET,W01000489,Powys 017A,Action to be taken by another organisation
a7612aa82b74506991d68a1df8f208342f078883232c2191a48fc89e342776fc,2021-10,Dyfed-Powys Police,Dyfed-Powys Police,-4.161302,51.680520,On or near MURRAY STREET,W01000733,Carmarthenshire 026E,Unable to prosecute suspect
ea666e8a7b484cd144b3f00abaa87e34f2383f229f8d11c349d33c604ba49181,2021-10,Dyfed-Powys Police,Dyfed-Powys Police,-3.397678,52.202211,On or near A483,W01000438,Powys 012A,Investigation complete; no suspect identified
22877fb389b516a50a54bd0d4d998ad7012b287cafd799d732522c0921237b9a,2021-10,Dyfed-Powys Police,Dyfed-Powys Police,-3.991323,51.792945,On or near Sports/Recreation Area,W01000626,Carmarthenshire 013B,Offender given a caution
cad4c3789e449b37907a949caa698d78213518c9f2074a73e3789fabc48f40b9,2021-10,Dyfed-Powys Police,Dyfed-Powys Police,-4.466816,52.039141,On or near MARKET PLACE,W01000646,Carmarthenshire 003A,Unable to prosecute suspect
a120b529c41e6d1b187477b0475d8ddbbcdff017d9fdc13715e9706f2a472e00,2021-10,Dyfed-Powys Police,Dyfed-Powys Police,-4.491889,52.091112,On or near HEOL Y MYNY,W01000519,Ceredigion 010A,Unable to prosecute suspect
4d27a2e23650086207df78686241bfcccb0a59bdbac910037cbb83fc4de92f1e,2021-10,Dyfed-Powys Police,Dyfed-Powys Police,-3.994285,51.885002,On or near ORCHARD CLOSE,W01000677,Carmarthenshire 004B,Unable to prosecute suspect
a324f1818a7c5d2066fdee760d05efeb754bebed21401b22b0b8b5d21e9feab8,2021-10,Dyfed-Powys Police,Dyfed-Powys Police,-4.974954,51.994121,On or near MAIN STREET,W01000565,Pembrokeshire 002B,Investigation complete; no suspect identified
2a666c959f88bf9a625549b09d88a469745396b7876bed2585ddf33da32f16f4,2021-10,Dyfed-Powys Police,Dyfed-Powys Police,-4.165967,51.681576,On or near PARK CRESCENT,W01000654,Carmarthenshire 023B,Investigation complete; no suspect identified
727c33cf0c34383f6177b6da64d88a55c2a86b494cdcdf26f4537e02aa00e5d3,2021-10,Dyfed-Powys Police,Dyfed-Powys Police,-4.163549,51.678788,On or near WATERLOO STREET,W01000732,Carmarthenshire 026D,Suspect charged
727c33cf0c34383f6177b6da64d88a55c2a86b494cdcdf26f4537e02aa00e5d3,2021-10,Dyfed-Powys Police,Dyfed-Powys Police,-4.163549,51.678788,On or near WATERLOO STREET,W01000732,Carmarthenshire 026D,Suspect charged
727c33cf0c34383f6177b6da64d88a55c2a86b494cdcdf26f4537e02aa00e5d3,2021-10,Dyfed-Powys Police,Dyfed-Powys Police,-4.163549,51.678788,On or near WATERLOO STREET,W01000732,Carmarthenshire 026D,Suspect charged
727c33cf0c34383f6177b6da64d88a55c2a86b494cdcdf26f4537e02aa00e5d3,2021-10,Dyfed-Powys Police,Dyfed-Powys Police,-4.163549,51.678788,On or near WATERLOO STREET,W01000732,Carmarthenshire 026D,Suspect charged
727c33cf0c34383f6177b6da64d88a55c2a86b494cdcdf26f4537e02aa00e5d3,2021-10,Dyfed-Powys Police,Dyfed-Powys Police,-4.163549,51.678788,On or near WATERLOO STREET,W01000732,Carmarthenshire 026D,Suspect charged
727c33cf0c34383f6177b6da64d88a55c2a86b494cdcdf26f4537e02aa00e5d3,2021-10,Dyfed-Powys Police,Dyfed-Powys Police,-4.163549,51.678788,On or near WATERLOO STREET,W01000732,Carmarthenshire 026D,Suspect charged
2f9bb171a43cda8043847dce29e425a19b71dd458b48317d8566e09bd0c7342d,2021-10,Dyfed-Powys Police,Dyfed-Powys Police,-4.060054,51.711341,On or near TAL Y COED,W01000666,Carmarthenshire 017B,Investigation complete; no suspect identified
9f521466a59fc09043fbe26c16ac098c001a531d55407d95d14e91dbd7d8800e,2021-10,Dyfed-Powys Police,Dyfed-Powys Police,-4.975750,51.803659,On or near MILWARD CLOSE,W01000569,Pembrokeshire 005B,Unable to prosecute suspect
cc56950095d2bf23efb0f5ec143b4fa5f8b7d08e46c1ebbe922f54423533c5d5,2021-10,Dyfed-Powys Police,Dyfed-Powys Police,-3.403147,52.149107,On or near STRAND STREET,W01000431,Powys 014A,Investigation complete; no suspect identified
7f6d17eb88f26c1448a2dc9835b171b87e682dbc6205836aad606e6c8674a810,2021-10,Dyfed-Powys Police,Dyfed-Powys Police,-4.260758,51.683188,On or near CLIFF TERRACE,W01000633,Carmarthenshire 021B,Investigation complete; no suspect identified
12c11c68c328572e4f45f3696f9f3a75c5b33668047696d1924702392f9b4bd0,2021-10,Dyfed-Powys Police,Dyfed-Powys Police,-3.930869,51.804195,On or near PENPOUND LANE,W01000657,Carmarthenshire 010B,Suspect charged
eb1d31d1ff79f19e4286b53c2cccdc62d18fbfed29471f3a7f71488465afe21c,2021-10,Dyfed-Powys Police,Dyfed-Powys Police,-3.317437,52.517837,On or near B4568,W01000482,Powys 008C,Unable to prosecute suspect
238cef8092298e8c2a86e6db8aa00b086d2463eaebe82be1892989d4ff9211ce,2021-10,Dyfed-Powys Police,Dyfed-Powys Police,-4.074761,52.118115,On or near PARC Y FELIN,W01000528,Ceredigion 008B,Unable to prosecute suspect
515fba8bc7848f661a9bed1577c2e9fc5c258efdd4959b045ae347ed62c0ad0a,2021-10,Dyfed-Powys Police,Dyfed-Powys Police,-3.989712,51.802144,On or near GWAUN HENLLAN,W01000714,Carmarthenshire 013D,Local resolution
e581cfa681939aca0bc582700ff2cb2c6780c1a7ae66382a9c8eb9c1d7496a9f,2021-10,Dyfed-Powys Police,Dyfed-Powys Police,-4.199933,52.037199,On or near A485,W01000686,Carmarthenshire 001B,Action to be taken by another organisation
a49857dccfbc3cbd89ad1bd07f88f8d07bb085e948f88166697929ee85f15eb4,2021-10,Dyfed-Powys Police,Dyfed-Powys Police,-3.402821,52.145263,On or near PEN-Y-BRYN,W01000432,Powys 014B,Unable to prosecute suspect
decc08d9d57dde1b517de0a871e66a1140097a2fcd28546260cce58649353f0e,2021-10,Dyfed-Powys Police,Dyfed-Powys Police,-3.315348,52.515999,On or near Shopping Area,W01000480,Powys 008A,Investigation complete; no suspect identified
9884f873d2c15ba4a89ea6102335aea697b1d0eb9e7aa3d4599d481e92ae386f,2021-10,Dyfed-Powys Police,Dyfed-Powys Police,-4.309012,51.855926,On or near GREYFRIARS,W01000641,Carmarthenshire 008A,Unable to prosecute suspect
8e05183429f2c388c2a425abe784ebd1f86ce4f982fd3bc4cc4f6b05e6d70be2,2021-10,Dyfed-Powys Police,Dyfed-Powys Police,-3.310792,52.510988,On or near GELLI,W01000480,Powys 008A,Investigation complete; no suspect identified
6c7923eb48c5b38d636f2bc352f9e9d551c31ad845ac8013f6ba070658f14308,2021-10,Dyfed-Powys Police,Dyfed-Powys Police,-4.158912,51.681975,On or near Shopping Area,W01000654,Carmarthenshire 023B,Investigation complete; no suspect identified
a6c7c2329045ab24a8108c602c583417260e1294d943472a03212bf342feb261,2021-10,Dyfed-Powys Police,Dyfed-Powys Police,-4.658137,52.076219,On or near THE RIDGEWAY,W01000511,Ceredigion 009E,Unable to prosecute suspect
847e2a661b077ffbf7d5600762a71a659341924bbc8d21ebe3a1022ef6ac695a,2021-10,Dyfed-Powys Police,Dyfed-Powys Police,-4.151912,51.681699,On or near MARBLEHALL ROAD,W01000629,Carmarthenshire 024B,Investigation complete; no suspect identified
e1a5045aa2824341e944eeccec3e20ee93fa286bc67aa0b98b150a42512ed440,2021-10,Dyfed-Powys Police,Dyfed-Powys Police,-4.240008,51.688676,On or near Petrol Station,W01000634,Carmarthenshire 021C,Investigation complete; no suspect identified
997cf2085fce48a7e6c1380436311aa526179fd9263d18e93c856f606c0fc649,2021-10,Dyfed-Powys Police,Dyfed-Powys Police,-4.315008,51.858740,On or near GLANNANT ROAD,W01000645,Carmarthenshire 006C,Formal action is not in the public interest
00a8f5523d339973aa566490b866df101b13523e629f3bd24210033ad2e60b99,2021-10,Dyfed-Powys Police,Dyfed-Powys Police,-4.146272,51.693655,On or near MAESWERDD,W01000705,Carmarthenshire 022C,Investigation complete; no suspect identified
e2c8d35f3bbc632144ccdff4230f514404970193334c9c910d2e3f38dcd97e7a,2021-10,Dyfed-Powys Police,Dyfed-Powys Police,-3.102287,52.733176,On or near BRYN TEG,W01000457,Powys 002B,Unable to prosecute suspect
25ec8e9dd5d92da27e93ba7101ca7b688f13d6cb67678c3bae353537b4bef95d,2021-10,Dyfed-Powys Police,Dyfed-Powys Police,-3.906729,51.806163,On or near MAESYRHENDRE,W01000656,Carmarthenshire 010A,Investigation complete; no suspect identified
26ea76e913e2f65e46627e7bb6ecb56e7decfb27f5785be17c01066cdd1dda7a,2021-10,Dyfed-Powys Police,Dyfed-Powys Police,-4.299062,51.863018,On or near BELVEDERE AVENUE,W01000638,Carmarthenshire 007B,Unable to prosecute suspect
cef53c637df3700f2375962f239798e1aa427d973163b2818268d376ebb8dbcb,2021-10,Dyfed-Powys Police,Dyfed-Powys Police,-4.307247,51.856644,On or near Shopping Area,W01000641,Carmarthenshire 008A,Investigation complete; no suspect identified
85d373347be5097bb060aefaa08d078030ef9e8d1099c4c2e19771cc6e3641c3,2021-10,Dyfed-Powys Police,Dyfed-Powys Police,-3.988841,51.789291,On or near CARREGAMMAN ISAF,W01000625,Carmarthenshire 013A,Local resolution
0e4d319f8406bc2c57ae8dee103eab4f12c418a466a98d73f0c2a665550dad75,2021-10,Dyfed-Powys Police,Dyfed-Powys Police,-4.161847,51.681031,On or near COWELL STREET,W01000654,Carmarthenshire 023B,Unable to prosecute suspect
38b18192f76e80b2dae1148f37a0c566f092e7e0225dfae2d38d527ad8e1b39b,2021-10,Dyfed-Powys Police,Dyfed-Powys Police,-4.112360,52.055105,On or near B4337,W01000701,Carmarthenshire 001C,Suspect charged
d82a7d0e01ebc8a5f50510aa1daa772d97eb85ae8917cfe7e9f13321e0511919,2021-10,Dyfed-Powys Police,Dyfed-Powys Police,-3.320203,52.511297,On or near PARKLANDS,W01000479,Powys 009B,Suspect charged
542d7f5a4dc0ac42b63698d5e3d25a91a2ea208e9481cf37ffd0509e141d7104,2021-10,Dyfed-Powys Police,Dyfed-Powys Police,-4.332443,51.857181,On or near Hospital,W01000644,Carmarthenshire 006B,Investigation complete; no suspect identified
df9d1d3a254abb562d9cd639183508c6b4170471a2b6a33549701aab542167c8,2021-10,Dyfed-Powys Police,Dyfed-Powys Police,-4.945758,51.694528,On or near KING STREET,W01000600,Pembrokeshire 013A,Unable to prosecute suspect
3dffba2a783d121ec4b1f81f22539e176282740b38910cc6f939d534e1199daf,2021-10,Dyfed-Powys Police,Dyfed-Powys Police,-3.378190,52.242486,On or near Supermarket,W01000454,Powys 013A,Investigation complete; no suspect identified
c9fbe5a3b9b27089f3987195ee9a0b9ba8cdf055e312c3a12f8e0f641ba536c3,2021-10,Dyfed-Powys Police,Dyfed-Powys Police,-3.339837,52.509099,On or near LON GLANYRAFON,W01000478,Powys 009A,Investigation complete; no suspect identified
08541c727cdc8dd870c5de297d6f0a7582a0ce707bf30da3e503dfa21081b476,2021-10,Dyfed-Powys Police,Dyfed-Powys Police,-4.240904,51.683380,On or near WOODBROOK TERRACE,W01000633,Carmarthenshire 021B,Unable to prosecute suspect
62f3637bceba2efc50c39e2c2611623450a585f4b2df4230f4a33e0c0f67fe39,2021-10,Dyfed-Powys Police,Dyfed-Powys Police,-4.229157,52.251427,On or near WATER STREET,W01000540,Ceredigion 005E,Investigation complete; no suspect identified
3c7a002e5823be62af2d70d3bf6e151159d90c95bae3c5731eb14bf07967851b,2021-10,Dyfed-Powys Police,Dyfed-Powys Police,-3.074587,52.294514,On or near B4357,W01000464,Powys 011D,Investigation complete; no suspect identified
bb47a7307a47121c98dfcfb930ab4f9a1fef9d5c0ffd32b50d03f1ff79109b77,2021-10,Dyfed-Powys Police,Dyfed-Powys Police,-3.800226,51.783834,On or near TAI GWALIA,W01001899,Powys 021F,Unable to prosecute suspect
d6724ced59aa8e920881624bc46b76d1d262bf2a163688e75e54b5bc78cd7ecb,2021-10,Dyfed-Powys Police,Dyfed-Powys Police,-4.079476,52.417970,On or near TREFOR ROAD,W01001934,Ceredigion 002F,Investigation complete; no suspect identified
e9cb93137577e0c995f1f9c6f45e7a5115e8b45bc8bab0a36445f87f67a6ebdf,2021-10,Dyfed-Powys Police,Dyfed-Powys Police,-4.147220,51.694438,On or near MAES GOLAU,W01000705,Carmarthenshire 022C,Investigation complete; no suspect identified
25de40716bd25b4144cd8d00cefda81eb61e55cfab46ffb6cd3575bc44dff15e,2021-10,Dyfed-Powys Police,Dyfed-Powys Police,-4.156202,51.678527,On or near PRENDERGAST STREET,W01000733,Carmarthenshire 026E,Investigation complete; no suspect identified
e8aa49eb90783aeec5e12c49cab048bf356dfdbe5ddcd0d51a393e3e2a791249,2021-10,Dyfed-Powys Police,Dyfed-Powys Police,-4.556990,51.743524,On or near Parking Area,W01000672,Carmarthenshire 027E,Offender given a caution
c8ce10d32255556478319badf4c161d809def456725c22823c0d7574666f3cc6,2021-10,Dyfed-Powys Police,Dyfed-Powys Police,-4.490563,51.828146,On or near CAE GWYRDD,W01000721,Carmarthenshire 027C,Further investigation is not in the public interest
929f3616e87d261c6c6d7e1ff5e3165f1b8105eaff91d52e0e98ffbe2f1ddae9,2021-10,Dyfed-Powys Police,Dyfed-Powys Police,-4.440223,51.962115,On or near B4299,W01000648,Carmarthenshire 006D,Investigation complete; no suspect identified
bca3c811b71530bc3f8490e9a2ad1927ce219bb2e5467eab3d92dcdc36b12bb5,2021-10,Dyfed-Powys Police,Dyfed-Powys Police,-4.249303,51.762562,On or near BRO-HEDYDD,W01000695,Carmarthenshire 012B,Action to be taken by another organisation
044b353f2558b068c8b14f4550a055f4d365264269f73d6c51876071d3029b92,2021-10,Dyfed-Powys Police,Dyfed-Powys Police,-3.796268,51.998441,On or near NEW ROAD,W01000678,Carmarthenshire 002C,Unable to prosecute suspect
101f0e90ba61a17d0cc2f0d5eb7b27304e8c915438d9f02d937e056c94a5b32c,2021-10,Dyfed-Powys Police,Dyfed-Powys Police,-4.146763,51.676821,On or near ILSTON,W01000631,Carmarthenshire 024D,Investigation complete; no suspect identified
3dbbba4941b7ff7957cc31f98c98f42ce0574ea24d0f99cdc660a38a7537e18d,2021-10,Dyfed-Powys Police,Dyfed-Powys Police,-3.988841,51.789291,On or near CARREGAMMAN ISAF,W01000625,Carmarthenshire 013A,Investigation complete; no suspect identified
531e9ec2264e840827c492ba0da0976a2b973039ab4dae0eb60b8f82899627f9,2021-10,Dyfed-Powys Police,Dyfed-Powys Police,-3.379596,52.241534,On or near Supermarket,W01000454,Powys 013A,Investigation complete; no suspect identified
8b6ff20c595df1f52f9b1887bb87b20465097dbd295a56b76550f8af102f800f,2021-10,Dyfed-Powys Police,Dyfed-Powys Police,-4.304572,51.858567,On or near LITTLE WATER STREET,W01000641,Carmarthenshire 008A,Unable to prosecute suspect
06d382b6a9e1175b3b7f7ce033c5abba41b546685708918a7aaec5412f79cfb6,2021-10,Dyfed-Powys Police,Dyfed-Powys Police,-3.297948,52.561126,On or near BRYNTEG,W01000439,Powys 007B,Unable to prosecute suspect
e20aa4af9412f5c54e12676e9e99ca551b1544efef2b7ebb36dc21a450e5f245,2021-10,Dyfed-Powys Police,Dyfed-Powys Police,-3.463417,51.922629,On or near MOUNTAIN VIEW CLOSE,W01001897,Powys 020D,Investigation complete; no suspect identified
fbb61164c63d67ff804424f2609d04a8b5083ec2c30026071913939821bc240b,2021-10,Dyfed-Powys Police,Dyfed-Powys Police,-3.789578,51.964743,On or near HEOL CAE-DU,W01000687,Carmarthenshire 004C,Investigation complete; no suspect identified
87f4b41231660d7cfdefeedc47e3f1edfffacc018cb96c308fc9064464f53ebe,2021-10,Dyfed-Powys Police,Dyfed-Powys Police,-4.151398,52.071583,On or near BRO EINON,W01000702,Carmarthenshire 001D,Further investigation is not in the public interest
a39c38f2de64099d732c810510eccd1b0370cb0e7f5dc40259a0bbf5ee850b0f,2021-10,Dyfed-Powys Police,Dyfed-Powys Police,-3.150664,52.239242,On or near SCHOOL LANE,W01000484,Powys 011E,Investigation complete; no suspect identified
4a5e63be5dbd20a8528ca6bba7521e2740aaa1985f435a9920f2b4f6a3ba0382,2021-10,Dyfed-Powys Police,Dyfed-Powys Police,-4.128402,51.677640,On or near Parking Area,W01000706,Carmarthenshire 025C,Investigation complete; no suspect identified
a23130ff2db941e04663466e042c45bc44beff10070a0a962e8cfea2387bcab3,2021-10,Dyfed-Powys Police,Dyfed-Powys Police,-4.157894,51.673028,On or near TRINITY TERRACE,W01000659,Carmarthenshire 026A,Suspect charged
e31b896c9f4ce11b966beda52c4b01643a15a3bb384b33d992c9a4427a240f04,2021-10,Dyfed-Powys Police,Dyfed-Powys Police,-5.052128,51.712118,On or near PICTON ROAD,W01000590,Pembrokeshire 012B,Local resolution
7ce8ad86d164879bc837fb78a38a1e2dc612129d5598f1efa7a85495d3782bd2,2021-10,Dyfed-Powys Police,Dyfed-Powys Police,-4.271003,52.225074,On or near CWRT Y BRENIN,W01000524,Ceredigion 005B,Unable to prosecute suspect
37d9a9e21066452eff3613c99090fe445b52e08b59361b80de09539d511a850e,2021-10,Dyfed-Powys Police,Dyfed-Powys Police,-4.304718,51.857170,On or near KING STREET,W01000641,Carmarthenshire 008A,Investigation complete; no suspect identified
97432b857de335b57abf8cc7aa0b815df095491d0dc665488ebffccdd986167c,2021-10,Dyfed-Powys Police,Dyfed-Powys Police,-5.096841,51.783935,On or near ATLANTIC DRIVE,W01000622,Pembrokeshire 008E,Unable to prosecute suspect
9f31226976debf6736b53e528a00ac8c1062ab169afa2420d04c080bf9246281,2021-10,Dyfed-Powys Police,Dyfed-Powys Police,-4.967888,51.801690,On or near Nightclub,W01000568,Pembrokeshire 005A,Investigation complete; no suspect identified
bcf1f019745f24b54dc970b3772ee0fd34b5606655351205a4222a817d4ac155,2021-10,Dyfed-Powys Police,Dyfed-Powys Police,-3.936421,51.801415,On or near JONES' TERRACE,W01000657,Carmarthenshire 010B,Unable to prosecute suspect
7191eb49851cbfdb77276792ea27774af4515722a8ba707e082d93ab2d9049c4,2021-10,Dyfed-Powys Police,Dyfed-Powys Police,-4.118163,51.677061,On or near PARC GITTO,W01000708,Carmarthenshire 025E,Investigation complete; no suspect identified
8310ad7b85cdf207bc22db8fdd9e6eae385d845a45e01b6de02fe0562498a74c,2021-10,Dyfed-Powys Police,Dyfed-Powys Police,-4.980354,51.797588,On or near PORTFIELD AVENUE,W01000571,Pembrokeshire 006A,Local resolution
190d86c184b9a8ecea2c9834e8114dfabecb9808e84c17ddf8247fe90440440b,2021-10,Dyfed-Powys Police,Dyfed-Powys Police,-4.940108,51.692655,On or near LAWS STREET,W01000600,Pembrokeshire 013A,Unable to prosecute suspect
d02a58650b1ddaece050bea1158824a5e6fc38904a105ae8a9970b32be0aad7e,2021-10,Dyfed-Powys Police,Dyfed-Powys Police,-3.702850,51.801327,On or near HEOL TAWE,W01000496,Powys 021B,Unable to prosecute suspect
73acf423d219f8e7e12995024f10c29d01b25919115c95b0383250e94dbf226f,2021-10,Dyfed-Powys Police,Dyfed-Powys Police,-4.939139,51.695125,On or near Police Station,W01000602,Pembrokeshire 013C,Local resolution
df9c626f2ebdf26d88c3289e007f37016684aa96575632d127ec8bb5c556597a,2021-10,Dyfed-Powys Police,Dyfed-Powys Police,-3.823727,51.806815,On or near HEOL BRYNBRAIN,W01000719,Carmarthenshire 010E,Unable to prosecute suspect
6a4a2978de8b7c3f5fef49786e5853ad746cc610511b3a018cc8561e7e7155c1,2021-10,Dyfed-Powys Police,Dyfed-Powys Police,-4.155502,51.681139,On or near WERN ROAD,W01000629,Carmarthenshire 024B,Investigation complete; no suspect identified
a130b755143dc601ed78a7cbc2bf7a3efdbe2f05ede1d77375db52a45dc0db01,2021-10,Dyfed-Powys Police,Dyfed-Powys Police,-4.618460,52.072342,On or near WAUN GIACH,W01000546,Ceredigion 009F,Unable to prosecute suspect
d371affd042ca3f5a45c88b57dc4bb55ee0f91765871b147dab6278a0b4bc88e,2021-10,Dyfed-Powys Police,Dyfed-Powys Police,-3.828495,52.007818,On or near HEOL RHOS,W01000647,Carmarthenshire 002A,Investigation complete; no suspect identified
6aeece59951def1d0c202c8da72b5720060a05a252b352a2d23313939712b28e,2021-10,Dyfed-Powys Police,Dyfed-Powys Police,-4.048268,51.819132,On or near CWRT-Y-GLYN,W01000684,Carmarthenshire 005D,Investigation complete; no suspect identified
4f5526ad3f233134888e602187638c34ddc3c33cf11cb5967ad052ee0cdba65d,2021-10,Dyfed-Powys Police,Dyfed-Powys Police,-4.984551,51.784054,On or near DREDGMAN HILL,W01000586,Pembrokeshire 006C,Unable to prosecute suspect
c32c54fc7855934c075aca7e3aad59a573a366c4355e47053e53bec12c7d6e2e,2021-10,Dyfed-Powys Police,Dyfed-Powys Police,-4.076737,52.404441,On or near PENPARCAU ROAD,W01000515,Ceredigion 003A,Formal action is not in the public interest
3d064a7767669dc389e517e4a92199afda373f3a4a53584f587b9fdd49ff0b6d,2021-10,Dyfed-Powys Police,Dyfed-Powys Police,-4.320696,51.858915,On or near CRISPIN AVENUE,W01000643,Carmarthenshire 006A,Investigation complete; no suspect identified
7c6fe02b166098feace307dfbe6c14cc5d581c858fb1c398dbebc1eddcad9438,2021-10,Dyfed-Powys Police,Dyfed-Powys Police,-3.376376,52.243991,On or near QUARRY LANE,W01000455,Powys 013B,Unable to prosecute suspect
fb6e334bf581572ca3967e0b5b678676c7918fb6691fcad1ecb0190ed4a49035,2021-10,Dyfed-Powys Police,Dyfed-Powys Police,-4.054501,52.173653,On or near Park/Open Space,W01000537,Ceredigion 008D,Unable to prosecute suspect
72f3a908c897f3f618a9162579253e092dc7a7afdd0a7754ceef034c08aa4859,2021-10,Dyfed-Powys Police,Dyfed-Powys Police,-4.314588,51.854225,On or near Petrol Station,W01000641,Carmarthenshire 008A,Investigation complete; no suspect identified
e6c3fc769f381d708fb3f421e39f5a9bfd3a9d40afb99d38025512a475956593,2021-10,Dyfed-Powys Police,Dyfed-Powys Police,-4.700313,51.669718,On or near SUTTON STREET,W01000621,Pembrokeshire 016D,Investigation complete; no suspect identified
09edca27543f4f66c7be1ba41ff3b68309f742e3a9114fccb89efcefa55611eb,2021-10,Dyfed-Powys Police,Dyfed-Powys Police,-4.162610,51.680639,On or near JOHN STREET,W01000654,Carmarthenshire 023B,Investigation complete; no suspect identified
905b80e51e74a4b46266ffffd843a79a5f489629de80c8de55027262c01c3a00,2021-10,Dyfed-Powys Police,Dyfed-Powys Police,-3.512980,52.506723,On or near CAE GARREG,W01000429,Powys 010A,Investigation complete; no suspect identified
00f8ed93714e3b0dfce4ad6bb917102fb7334b5657e74ce096bb0056f40fa5d5,2021-10,Dyfed-Powys Police,Dyfed-Powys Police,-3.316723,52.516649,On or near Nightclub,W01000480,Powys 008A,Suspect charged
ac7f82087f8eabff6cc2b97ecd22b24991c3c2de08b96ecef578942699217823,2021-10,Dyfed-Powys Police,Dyfed-Powys Police,-4.996238,51.757134,On or near ST PETERS ROAD,W01000575,Pembrokeshire 008C,Investigation complete; no suspect identified
8b25c5480eccedc7daff50e362e45a3a62d25ab281764f2fe3a55ff973ff1f4c,2021-10,Dyfed-Powys Police,Dyfed-Powys Police,-4.079211,52.423918,On or near CLIFF TERRACE,W01001934,Ceredigion 002F,Investigation complete; no suspect identified
95b0d04b6679ba36619618b2f21154725e8cd8e5019e2701a816bef31e9fd26d,2021-10,Dyfed-Powys Police,Dyfed-Powys Police,-4.149185,51.667505,On or near Parking Area,W01001924,Carmarthenshire 026H,Investigation complete; no suspect identified
6b0598042ce41e43f1359bb9d9a8b9d5ce575e342aa16f2b8c900340ba2f956c,2021-10,Dyfed-Powys Police,Dyfed-Powys Police,-4.074761,52.118115,On or near PARC Y FELIN,W01000528,Ceredigion 008B,Unable to prosecute suspect
b189c5a70691fc28bceac499000cde5c22662919e6069c97310897ea82cf8b90,2021-10,Dyfed-Powys Police,Dyfed-Powys Police,-3.754118,51.780368,On or near BRYNHEULOG,W01000504,Powys 021D,Unable to prosecute suspect
841eca70ed69c6b212b6ef1b68723b83c19b53574ee4429145644d27436d6acb,2021-10,Dyfed-Powys Police,Dyfed-Powys Police,-4.155879,51.684513,On or near ANDREW STREET,W01000703,Carmarthenshire 022A,Investigation complete; no suspect identified
3e9c987193e2ee4e1c73a889534b6ff43447cd4ea5d984b76b69f14213f21be8,2021-10,Dyfed-Powys Police,Dyfed-Powys Police,-4.328002,51.856675,On or near Further/Higher Educational Building,W01000644,Carmarthenshire 006B,Formal action is not in the public interest
bfb753b0e64ace73131b4cd33aa2ea870796c52de3469e1142cc740bbb9f0a62,2021-10,Dyfed-Powys Police,Dyfed-Powys Police,-3.789809,51.779263,On or near HEOL MAESPICA,W01001899,Powys 021F,Unable to prosecute suspect
2dba4b4112845377e285f36d78a3a3192937142bd7e31d685ad6459a4b52e0b9,2021-10,Dyfed-Powys Police,Dyfed-Powys Police,-4.140577,52.104016,On or near A475,W01000541,Ceredigion 008E,Investigation complete; no suspect identified
6761608436512efa3cbd89f23c3d3372305339408651a55d488a380ed31948f9,2021-10,Dyfed-Powys Police,Dyfed-Powys Police,-4.658385,52.083102,On or near Petrol Station,W01000511,Ceredigion 009E,Unable to prosecute suspect
e80c8071b5470b21a5de9f890639cf0886e8b85c3257195b1e710d469b0c78f8,2021-10,Dyfed-Powys Police,Dyfed-Powys Police,-4.179526,51.689193,On or near PENYWERN,W01000667,Carmarthenshire 023C,Unable to prosecute suspect
efc99074a49211eaec8a83e68c3141fc7109716d6c8cd05fa159798df25a6edc,2021-10,Dyfed-Powys Police,Dyfed-Powys Police,-4.138877,51.705912,On or near LARCH CRESCENT,W01000726,Carmarthenshire 019D,Investigation complete; no suspect identified
458ed0140e70df6c718ae84ae4d3b93af79f4cef39abd0ac2cc4168266d6cebb,2021-10,Dyfed-Powys Police,Dyfed-Powys Police,-3.796633,51.994084,On or near MARKET SQUARE,W01000679,Carmarthenshire 002D,Investigation complete; no suspect identified
fe0a5f20a618c98b3aafdd7efd72adf2685bf98dffa85d3f820d397680296c7f,2021-10,Dyfed-Powys Police,Dyfed-Powys Police,-3.795594,51.993605,On or near CASTLE STREET,W01000679,Carmarthenshire 002D,Investigation complete; no suspect identified
d6643dde0b51a2fc4bfe8f11ea58ee77add065c3c5f1249a88653ed8e99f6e22,2021-10,Dyfed-Powys Police,Dyfed-Powys Police,-4.315409,51.857769,On or near PARCMAEN STREET,W01000645,Carmarthenshire 006C,Unable to prosecute suspect
8e1ea01bfc8fccf4e18a781065580facd3706032f4a58749f9a55dfcee88da40,2021-10,Dyfed-Powys Police,Dyfed-Powys Police,-4.556990,51.743524,On or near Parking Area,W01000672,Carmarthenshire 027E,Investigation complete; no suspect identified
c838e50e635b9742aad2bf9fd01ccbb7e8477cb1e3da0e1db1074686266de5c8,2021-10,Dyfed-Powys Police,Dyfed-Powys Police,-3.141505,52.657216,On or near SEVERN ROAD,W01000499,Powys 003B,Investigation complete; no suspect identified
5b03733d2a93436414492f145c85fbb7828a8fda9b8a4b3a3791298f22c85fba,2021-10,Dyfed-Powys Police,Dyfed-Powys Police,-4.084552,52.416163,On or near STRYD Y CORFFOREATH,W01000513,Ceredigion 002B,Investigation complete; no suspect identified
c9064392f3d905078ee2479b489d8c7cf1f68231e065d30b809a30eddef81338,2021-10,Dyfed-Powys Police,Dyfed-Powys Police,-4.085463,52.410222,On or near HARBOUR CRESCENT,W01000518,Ceredigion 003C,Investigation complete; no suspect identified
aed6ce8b0da51d231df8e4d9024b0ab117e2863a2ebf7b269c88c390ce27a01e,2021-10,Dyfed-Powys Police,Dyfed-Powys Police,-3.782864,52.006459,On or near A483,W01000678,Carmarthenshire 002C,Investigation complete; no suspect identified
d7a2b83b3cea42676a0b5e8e8f50cac2dcf8ea44a4237a41df21188c057dfdc7,2021-10,Dyfed-Powys Police,Dyfed-Powys Police,-4.151912,51.681699,On or near MARBLEHALL ROAD,W01000629,Carmarthenshire 024B,Investigation complete; no suspect identified
d860a912c9543d23a0fea8620b9e0a3f54b3f093dae93fdbc0b048e13e585982,2021-10,Dyfed-Powys Police,Dyfed-Powys Police,-4.285181,51.869116,On or near MOSTYN AVENUE,W01000640,Carmarthenshire 007D,Action to be taken by another organisation
9565f97ac1bbc472405f5eacc518578c19ff00b2760cc17c4ed2d6feed03e2c7,2021-10,Dyfed-Powys Police,Dyfed-Powys Police,-3.012569,52.270401,On or near SILIA MEADOW,W01000485,Powys 011F,Investigation complete; no suspect identified
e88f6540150c5df3d3b84bfa6c1e7f6cc1a9428e02caf7510852477cb2191207,2021-10,Dyfed-Powys Police,Dyfed-Powys Police,-4.314588,51.854225,On or near Petrol Station,W01000641,Carmarthenshire 008A,Investigation complete; no suspect identified
28da664ec10db7f64325e5401a24d96abed779578dfe6f27076f3f3a09d3b505,2021-10,Dyfed-Powys Police,Dyfed-Powys Police,-4.658137,52.076219,On or near THE RIDGEWAY,W01000511,Ceredigion 009E,Unable to prosecute suspect
5e12d091afcc08a127d85d52a83eefb194f1d07eea4178982c35697ea70970f4,2021-10,Dyfed-Powys Police,Dyfed-Powys Police,-3.406668,52.824236,On or near CHURCH STREET,W01001906,Powys 001F,Unable to prosecute suspect
62eec6940faccc23f09e2e7515ca98680d4a12e6a94f3dc0a8ad83ee6d171e61,2021-10,Dyfed-Powys Police,Dyfed-Powys Police,-4.161908,51.682307,On or near FREDERICK STREET,W01000654,Carmarthenshire 023B,Investigation complete; no suspect identified
d230ec666c22e9ab505fab91c854f22b11c7974e151d34af3cf372347330b9c6,2021-10,Dyfed-Powys Police,Dyfed-Powys Police,-3.379596,52.241534,On or near Supermarket,W01000454,Powys 013A,Investigation complete; no suspect identified
ec227abdb700bc61a63f1fcbd176fb41f17884ad98f34faec898ef00756011d3,2021-10,Dyfed-Powys Police,Dyfed-Powys Police,-3.120117,52.675922,On or near YSGUBORIAU'R BUGAIL,W01000500,Powys 003C,Unable to prosecute suspect
c3f7ce02b5a216dc070c66cc405e14e482a89a71c07502473208e0ee6c6a3a4d,2021-10,Dyfed-Powys Police,Dyfed-Powys Police,-4.137029,51.677457,On or near Supermarket,W01000628,Carmarthenshire 024A,Investigation complete; no suspect identified
f938c4bf52410446fa397cf1c7adecd3d911f5bfbefd4af733c1fd8269635d5f,2021-10,Dyfed-Powys Police,Dyfed-Powys Police,-3.248149,52.108916,On or near B4594,W01000443,Powys 015B,Investigation complete; no suspect identified
aa995b6dd3f1832f9221a171be90a2d62e987a632e45224c95b0c3517a5c6288,2021-10,Dyfed-Powys Police,Dyfed-Powys Police,-4.966308,51.802593,On or near PICTON PLACE,W01000568,Pembrokeshire 005A,Investigation complete; no suspect identified
8546dd32f4d8b72140092f451462007a38ee4fbed92a2ff5386bcf2fccb0cfd6,2021-10,Dyfed-Powys Police,Dyfed-Powys Police,-4.146469,51.685279,On or near PENALLT TERRACE,W01000628,Carmarthenshire 024A,Investigation complete; no suspect identified
f34e3ad43791f608be18d3bfdb2f4ed2bd21920ee5f64711cc8d97e329dd1541,2021-10,Dyfed-Powys Police,Dyfed-Powys Police,-4.158811,52.070674,On or near A485,W01000702,Carmarthenshire 001D,Unable to prosecute suspect
df6ff08f7a8efcbee47dc85f0c204bdeb3c0eeb3b9d0c0ee2b18b6126d750f46,2021-10,Dyfed-Powys Police,Dyfed-Powys Police,-3.992017,51.799155,On or near HEOL-Y-WYRDDOL,W01000714,Carmarthenshire 013D,Local resolution
bf6df2b81e3d6a16e1a621592092e5371da3cd3018a547189f41a04f802b409e,2021-10,Dyfed-Powys Police,Dyfed-Powys Police,-4.700964,51.672158,On or near UPPER FROG STREET,W01000620,Pembrokeshire 016C,Investigation complete; no suspect identified
a25d218e74a162ddec1a5de157e45a7ac78b2042e2feecce9a9e03812e893560,2021-10,Dyfed-Powys Police,Dyfed-Powys Police,-3.383868,52.704943,On or near Parking Area,W01000475,Powys 001E,Investigation complete; no suspect identified
109342b163d3bc15ca675e6a2337852bf9dbd2b76b6c6762246765d866198422,2021-10,Dyfed-Powys Police,Dyfed-Powys Police,-4.137029,51.677457,On or near Supermarket,W01000628,Carmarthenshire 024A,Investigation complete; no suspect identified
4847a7f5f5bdfe22c8ebd814f13676bed1ef8b766f12526778829d009cbaae4b,2021-10,Dyfed-Powys Police,Dyfed-Powys Police,-3.149261,52.654193,On or near BRYN-Y-CASTELL,W01000498,Powys 003A,Investigation complete; no suspect identified
6ebc347978804d08fbffe085e4d64075ef5ca180775a61f05acfc14351d5e950,2021-10,Dyfed-Powys Police,Dyfed-Powys Police,-3.376565,52.246776,On or near GWENFRON COURT,W01000455,Powys 013B,Unable to prosecute suspect
e1d8926300aaf789e0c6bda72f6b5618969ceae78bdcbc08316f1bb4eff55314,2021-10,Dyfed-Powys Police,Dyfed-Powys Police,-4.305341,51.855989,On or near THE MOUNT,W01000641,Carmarthenshire 008A,Investigation complete; no suspect identified
a97c67cc18da87efb41a1da1e26bc8f2925df8c3ecd982ac07dbee647bbe7d56,2021-10,Dyfed-Powys Police,Dyfed-Powys Police,-4.701911,51.672999,On or near WHITE LION STREET,W01000619,Pembrokeshire 016B,Investigation complete; no suspect identified
9e933208b63446a04410988fed9ac9685f99a437a38a41480bfb1efd5d465fc0,2021-10,Dyfed-Powys Police,Dyfed-Powys Police,-4.080297,51.803840,On or near CEFNEITHIN ROAD,W01000664,Carmarthenshire 016C,Investigation complete; no suspect identified
604b8cdf81e1ccec66d512ab82b5e423fa9c1e4238ed1b63ca0c653e64410899,2021-10,Dyfed-Powys Police,Dyfed-Powys Police,-4.995460,51.864343,On or near Park/Open Space,W01000555,Pembrokeshire 008A,Unable to prosecute suspect
ebcfbd16521e9c4261628bc120980f07a502c12876089c7ec8e8bb34cf36c0db,2021-10,Dyfed-Powys Police,Dyfed-Powys Police,-4.163229,51.676644,On or near PADDOCK STREET,W01000732,Carmarthenshire 026D,Investigation complete; no suspect identified
b472d41ee45d849eb74c1a3ad4c7f0801685ce9a78cba723e52218d72d25acf9,2021-10,Dyfed-Powys Police,Dyfed-Powys Police,-3.377716,52.249415,On or near DDOLE ROAD,W01000455,Powys 013B,Unable to prosecute suspect
0e062f422afd9e458b6f132ae3fc12f8a58650c77b0606fd1ddfd1bc415f0a1d,2021-10,Dyfed-Powys Police,Dyfed-Powys Police,-4.082684,52.412096,On or near GLYNDWR ROAD,W01000518,Ceredigion 003C,Investigation complete; no suspect identified
1936d24b0f3d105a3c1516e8a482736cc535a817f43da7a9aeae6c09b2e6aafb,2021-10,Dyfed-Powys Police,Dyfed-Powys Police,-4.595965,52.063676,On or near ADAM STREET,W01000546,Ceredigion 009F,Further investigation is not in the public interest
a28e05f19b4ba6cb4b3a637d80a499bc2499fd9d9c574976a42361ea592dced4,2021-10,Dyfed-Powys Police,Dyfed-Powys Police,-4.933551,51.674300,On or near COLLEY COURT,W01000606,Pembrokeshire 015B,Unable to prosecute suspect
e86297ad27b1c5c4e20074b09f4560e5b33c42eb86728bf91899cd57b659001f,2021-10,Dyfed-Powys Police,Dyfed-Powys Police,-3.993201,51.793443,On or near ISCENNEN ROAD,W01000626,Carmarthenshire 013B,Investigation complete; no suspect identified
e4c33d0947b7b8b927af80e0f168f61d90656057647716a131a96b2786fd687c,2021-10,Dyfed-Powys Police,Dyfed-Powys Police,-4.829484,52.014193,On or near FEIDR EGLWYS,W01000597,Pembrokeshire 002E,Unable to prosecute suspect
a99b2870eb68ffef021b03b2bd009c447c2edbab00ab40d89d84742275597b4c,2021-10,Dyfed-Powys Police,Dyfed-Powys Police,-3.506173,52.302196,On or near EAST STREET,W01000487,Powys 012E,Investigation complete; no suspect identified
84cc4fd8d12bf2bda94dac8a65af02c2fb2602ea822160b23bdfdd90d0b460c1,2021-10,Dyfed-Powys Police,Dyfed-Powys Police,-4.928657,51.674674,On or near BACK TERRACE,W01000606,Pembrokeshire 015B,Investigation complete; no suspect identified
d1870bccb5b0743b32baa07c5fc689eb5e71ea8bb9b31cdc9c24f78b47fef993,2021-10,Dyfed-Powys Police,Dyfed-Powys Police,-3.403289,52.253483,On or near TIR EGLWYS,W01000472,Powys 012C,Formal action is not in the public interest
e5f84a997d37dd40a1fc6e377e91afa912c64ec2b26574306eb6c787d4bd4ffa,2021-10,Dyfed-Powys Police,Dyfed-Powys Police,-4.140539,51.672744,On or near SOUTH AVENUE,W01000628,Carmarthenshire 024A,Further investigation is not in the public interest
ff9a66c2a40ce2eba94dc8f5a8675e4deb99da56debe01fa55f495afa7ce1f29,2021-10,Dyfed-Powys Police,Dyfed-Powys Police,-4.340929,51.747283,On or near HEOL GWERMONT,W01000723,Carmarthenshire 012E,Unable to prosecute suspect
28f8c25d52530d01aeab4af907b9a91ac57f7c261455f5b07a3dbb12be7639b2,2021-10,Dyfed-Powys Police,Dyfed-Powys Police,-4.595965,52.063676,On or near ADAM STREET,W01000546,Ceredigion 009F,Further investigation is not in the public interest
16ad96bf94612342752b74a4d04ae0c2f2b9ae5af029e41316b61a52db00d5b2,2021-10,Dyfed-Powys Police,Dyfed-Powys Police,-4.085439,52.414709,On or near MARKET STREET,W01000513,Ceredigion 002B,Investigation complete; no suspect identified
5686af40efeb86615b161223c7d197ee97e1c4dfb830b0acd88421e9cb83feac,2021-10,Dyfed-Powys Police,Dyfed-Powys Police,-5.038502,51.715755,On or near PRESCELLY PLACE,W01000594,Pembrokeshire 012E,Investigation complete; no suspect identified
367857eb51f81dbf4794bea7a6c343b491b3062826bccf7de0ba9f82fd371063,2021-10,Dyfed-Powys Police,Dyfed-Powys Police,-4.158912,51.681975,On or near Shopping Area,W01000654,Carmarthenshire 023B,Unable to prosecute suspect
01d2a5596651180487e8d1195e8015a9a9bb6d0b18b684824b59021a19a5447e,2021-10,Dyfed-Powys Police,Dyfed-Powys Police,-4.206992,51.762105,On or near EDWARD ROAD,W01000662,Carmarthenshire 016A,Investigation complete; no suspect identified
840d2f2a233abab40f5b278685efc007af2f7cfe26df6ccd350bd4190978b54d,2021-10,Dyfed-Powys Police,Dyfed-Powys Police,-4.150904,51.668678,On or near NEW STREET,W01001924,Carmarthenshire 026H,Investigation complete; no suspect identified
73af815222475b9081a44712e09bbbeb902ea6d2a6e5911e3c9ad0826fddde54,2021-10,Dyfed-Powys Police,Dyfed-Powys Police,-4.963340,51.811086,On or near Pedestrian Subway,W01000572,Pembrokeshire 005D,Investigation complete; no suspect identified
c28ad81e65f33b9a642cb79fdc78326f433a7ce7ec1a293501803e24ab453c9d,2021-10,Dyfed-Powys Police,Dyfed-Powys Police,-4.647713,52.089233,On or near Petrol Station,W01000510,Ceredigion 009D,Investigation complete; no suspect identified
6d14175b82cc0fac90ac0c3ab88a91ae0984fab183541e75717b36ac21585bdb,2021-10,Dyfed-Powys Police,Dyfed-Powys Police,-4.237640,51.719854,On or near GARDEN SUBURB,W01000729,Carmarthenshire 018C,Unable to prosecute suspect
0cd0493a044e04645bc4858640942080c71209839fcfd050a8d5b2626589df8a,2021-10,Dyfed-Powys Police,Dyfed-Powys Police,-3.215955,52.218456,On or near Parking Area,W01000484,Powys 011E,Investigation complete; no suspect identified
34fd1cf6d0223950518d43714c7f86130ac7a4ff3f99f9f8fc07b8656fcb0fb5,2021-10,Dyfed-Powys Police,Dyfed-Powys Police,-4.940972,51.694378,On or near GORDON STREET,W01000600,Pembrokeshire 013A,Investigation complete; no suspect identified
e8a2c3fb6d27a5b4cff3938a5e514d72b4a470eaafab04173955ae1274119a82,2021-10,Dyfed-Powys Police,Dyfed-Powys Police,-4.163825,51.675482,On or near NEVILL STREET,W01000732,Carmarthenshire 026D,Suspect charged
8ab9f8acbe6a6f8d600b4d6e386d092bb4ad1692ba815531d647d4336373c76d,2021-10,Dyfed-Powys Police,Dyfed-Powys Police,-3.147388,52.776754,On or near OAKFIELDS,W01000470,Powys 001D,Further investigation is not in the public interest
335db3b3da7c8522d0367375381e555a429e2be43f1f45259acd9839b3ec59a7,2021-10,Dyfed-Powys Police,Dyfed-Powys Police,-3.782864,52.006459,On or near A483,W01000678,Carmarthenshire 002C,Investigation complete; no suspect identified
6072e8ccacb81de4b5a1fa9b258f950d3e7bd367d85ca1359af73d95e5594dc6,2021-10,Dyfed-Powys Police,Dyfed-Powys Police,-4.749189,51.799762,On or near HILL PARK,W01000595,Pembrokeshire 007C,Unable to prosecute suspect
021d8ed1e4a6f8c6a9e3363cc4f8e51d0a71e2bba9603039bc72ed499e70e7fe,2021-10,Dyfed-Powys Police,Dyfed-Powys Police,-4.157894,51.673028,On or near TRINITY TERRACE,W01000659,Carmarthenshire 026A,Investigation complete; no suspect identified
14481229b404c76d54f5e389e19979465fabb96b769192d5a70f3b3a98cbbc48,2021-10,Dyfed-Powys Police,Dyfed-Powys Police,-4.077852,52.113915,On or near Shopping Area,W01000527,Ceredigion 008A,Investigation complete; no suspect identified
dff2d22b926f3820a176722bfee3c1beb1ceffe62f68f8e3c979149960fb5fdb,2021-10,Dyfed-Powys Police,Dyfed-Powys Police,-3.995438,51.799457,On or near NANTLAIS,W01000714,Carmarthenshire 013D,Investigation complete; no suspect identified
872ce95dfd8f9dbacfd04e5420a503919b4dee4a14340f1389b9a19ad101d1d9,2021-10,Dyfed-Powys Police,Dyfed-Powys Police,-3.049534,52.341886,On or near Hospital,W01000448,Powys 011B,Unable to prosecute suspect
368a8095d152be55d476a4297e4b6c055f4d83d3e1d1703c3ff03704d344c583,2021-10,Dyfed-Powys Police,Dyfed-Powys Police,-3.340753,52.507722,On or near HEOL PENGWERN,W01000478,Powys 009A,Unable to prosecute suspect
e6095d1d58326e76b3982629d37115f12ee00360e66d5b2141e3c87d7524b7a3,2021-10,Dyfed-Powys Police,Dyfed-Powys Police,-4.295794,51.849890,On or near Y TALAR,W01000693,Carmarthenshire 008C,Unable to prosecute suspect
9616bd0234b8ef74f0f9bef56affc5783f560d888e66a19ebb083269989783ca,2021-10,Dyfed-Powys Police,Dyfed-Powys Police,-3.210297,52.028984,On or near BROOKFIELD,W01000445,Powys 015C,Investigation complete; no suspect identified
1c206b7642be85ed6da0f7534a430922d49c383aec69dd703d1ddd8ae70ffbc0,2021-10,Dyfed-Powys Police,Dyfed-Powys Police,-5.205622,51.936527,On or near Parking Area,W01000581,Pembrokeshire 003B,Investigation complete; no suspect identified
252387537760038b555dd5e077194053366239cdd9dce721e2d0e1ecc578fa54,2021-10,Dyfed-Powys Police,Dyfed-Powys Police,-4.083621,52.413563,On or near Petrol Station,W01000513,Ceredigion 002B,Investigation complete; no suspect identified
e0451b4a2e90e189627322894a6c111502e128321782270d82e0c8eacd310e49,2021-10,Dyfed-Powys Police,Dyfed-Powys Police,-4.966500,51.796688,On or near SPENSER WAY,W01000573,Pembrokeshire 006B,Investigation complete; no suspect identified
d95d4fd41fb08a986a25c7372fb61b2a873fb7133f079a183bdbd036de745d65,2021-10,Dyfed-Powys Police,Dyfed-Powys Police,-4.140613,51.675845,On or near Shopping Area,W01000628,Carmarthenshire 024A,Investigation complete; no suspect identified
af01fe243e6e405c9b1d805e89091b1cea8040d460b095fe9a8984dd3a17e2ca,2021-10,Dyfed-Powys Police,Dyfed-Powys Police,-4.260950,51.684731,On or near BRYNYMOR,W01000711,Carmarthenshire 021E,Unable to prosecute suspect
1d54046bae3bcd895a0c9e9f5d332a2e8a41dddabfbfba9294322973284031cc,2021-10,Dyfed-Powys Police,Dyfed-Powys Police,-4.601261,51.821090,On or near SPRING GARDENS,W01000735,Carmarthenshire 027D,Formal action is not in the public interest
bfe09dd5a0bc9b84bb05272710562b9d1a0b3931165ae7df5ee058831a92dd9d,2021-10,Dyfed-Powys Police,Dyfed-Powys Police,-4.164888,51.805891,On or near Park/Open Space,W01000675,Carmarthenshire 012A,Unable to prosecute suspect
7571045ef1114b6301a90322e78270c8d92088e4a533d46d6baa06cdda2b2321,2021-10,Dyfed-Powys Police,Dyfed-Powys Police,-4.132733,51.793997,On or near GWENDRAETH ROAD,W01000663,Carmarthenshire 016B,Unable to prosecute suspect
